0.01  	 0.01043109802604608 
0.02  	 0.02164308836215187 
0.03  	 0.03350188619327937 
0.04  	 0.04585858308413077 
0.05  	 0.05855132044011424 
0.06  	 0.07140736781468138 
0.07000000000000001  	 0.08424537996261428 
0.08  	 0.09687780410884117 
0.09  	 0.1091134068232812 
0.1  	 0.120759888189918 
0.11  	 0.131626549654133 
0.12  	 0.1415269810428491 
0.13  	 0.1502817317888958 
0.14  	 0.1577209313606689 
0.15  	 0.1636868243020259 
0.16  	 0.1680361861215371 
0.17  	 0.1706425875257433 
0.18  	 0.1713984761539118 
0.19  	 0.1702170470230412 
0.2  	 0.1670338753079768 
0.21  	 0.1618082878345154 
0.22  	 0.1545244527213264 
0.23  	 0.1451921699336687 
0.24  	 0.1338473490693316 
0.25  	 0.1205521644431432 
0.26  	 0.1053948814266977 
0.27  	 0.08848935198867419 
0.28  	 0.06997418142106754 
0.29  	 0.05001157227980557 
0.3  	 0.02878585556644879 
0.31  	 0.006501723083181962 
0.32  	 -0.01661782134077023 
0.33  	 -0.04033377047221022 
0.34  	 -0.06439365751477374 
0.35  	 -0.08853430745230806 
0.36  	 -0.1124847654032636 
0.37  	 -0.1359693690596604 
0.38  	 -0.1587109302213808 
0.39  	 -0.1804339887722045 
0.4  	 -0.2008681011999333 
0.41  	 -0.219751124956324 
0.42  	 -0.2368324595952869 
0.43  	 -0.2518762057269482 
0.44  	 -0.2646642033822969 
0.45  	 -0.2749989123946378 
0.46  	 -0.2827060988611033 
0.47  	 -0.2876372936358825 
0.48  	 -0.2896719911076214 
0.49  	 -0.288719559202597 
0.5  	 -0.2847208346043199 
0.51  	 -0.2776493805563618 
0.52  	 -0.2675123882817484 
0.53  	 -0.2543512069689963 
0.54  	 -0.2382414913985094 
0.55  	 -0.2192929605677614 
0.5600000000000001  	 -0.1976487650714874 
0.5700000000000001  	 -0.1734844654545268 
0.58  	 -0.1470066282295302 
0.59  	 -0.1184510506885401 
0.6  	 -0.08808062998575747 
0.61  	 -0.05618289617855732 
0.62  	 -0.02306723293628379 
0.63  	 0.01093818658531828 
0.64  	 0.04548971769659053 
0.65  	 0.08023178175658854 
0.66  	 0.1148005863583786 
0.67  	 0.1488279886517715 
0.68  	 0.1819454603238133 
0.6900000000000001  	 0.21378811119171 
0.7000000000000001  	 0.243998727266971 
0.71  	 0.2722317785388177 
0.72  	 0.2981573516098844 
0.73  	 0.3214649627024888 
0.74  	 0.3418672074387541 
0.75  	 0.3591032051761783 
0.76  	 0.3729417975400956 
0.77  	 0.383184463118582 
0.78  	 0.3896679130512183 
0.79  	 0.3922663354231658 
0.8  	 0.3908932599379434 
0.8100000000000001  	 0.3855030182493853 
0.8200000000000001  	 0.376091779544763 
0.8300000000000001  	 0.3626981454425692 
0.84  	 0.3454032929525402 
0.85  	 0.3243306590919658 
0.86  	 0.2996451657089985 
0.87  	 0.2715519880768421 
0.88  	 0.2402948758376098 
0.89  	 0.2061540398363796 
0.9  	 0.1694436232396516 
0.91  	 0.1305087800243321 
0.92  	 0.08972238840079022 
0.93  	 0.04748143094636131 
0.9400000000000001  	 0.004203077125810171 
0.9500000000000001  	 -0.03967949258172027 
0.96  	 -0.08372147858515606 
0.97  	 -0.1274710250398109 
0.98  	 -0.1704739063463135 
0.99  	 -0.2122782882284266 
1  	 -0.2524395130990498 
1.01  	 -0.290524858729043 
1.02  	 -0.3261182190843729 
1.03  	 -0.358824656598601 
1.04  	 -0.3882747760993395 
1.05  	 -0.4141288721023506 
1.06  	 -0.4360808032128502 
1.07  	 -0.453861549912044 
1.08  	 -0.4672424150339187 
1.09  	 -0.4760378297234095 
1.1  	 -0.4801077315778307 
1.11  	 -0.4793594859695209 
1.12  	 -0.4737493261853828 
1.13  	 -0.4632832929508198 
1.14  	 -0.4480176590804544 
1.15  	 -0.4280588303620546 
1.16  	 -0.403562719277034 
1.17  	 -0.3747335937327961 
1.18  	 -0.3418224085698697 
1.19  	 -0.3051246331507125 
1.2  	 -0.2649775937777187 
1.21  	 -0.2217573549666915 
1.22  	 -0.175875168661513 
1.23  	 -0.1277735252608091 
1.24  	 -0.07792184478527783 
1.25  	 -0.02681185059576048 
1.26  	 0.02504732826863561 
1.27  	 0.07713427686751609 
1.28  	 0.1289205842911448 
1.29  	 0.1798762496238701 
1.3  	 0.2294751482102282 
1.31  	 0.2772005014678299 
1.32  	 0.3225502930566919 
1.33  	 0.3650425743808514 
1.34  	 0.4042206031665541 
1.35  	 0.4396577602275805 
1.36  	 0.470962191481149 
1.37  	 0.4977811248001821 
1.38  	 0.5198048143560927 
1.39  	 0.5367700686913401 
1.4  	 0.5484633228280038 
1.41  	 0.554723219227263 
1.42  	 0.555442667319995 
1.43  	 0.5505703565812563 
1.44  	 0.5401117036678182 
1.45  	 0.5241292199215166 
1.46  	 0.5027422915024045 
1.47  	 0.4761263704929598 
1.48  	 0.4445115814446874 
1.49  	 0.4081807539573228 
1.5  	 0.3674668979242631 
1.51  	 0.3227501439821011 
1.52  	 0.2744541774045299 
1.53  	 0.2230421991207532 
1.54  	 0.1690124526574989 
1.55  	 0.1128933605465557 
1.56  	 0.0552383180549969 
1.57  	 -0.003379804064505828 
1.58  	 -0.06237439278312654 
1.59  	 -0.1211510041769034 
1.6  	 -0.1791133930097356 
1.61  	 -0.2356695989794319 
1.62  	 -0.2902380271502157 
1.63  	 -0.3422534598018673 
1.64  	 -0.3911729372832586 
1.65  	 -0.4364814464655979 
1.66  	 -0.477697357041399 
1.67  	 -0.5143775481942449 
1.68  	 -0.5461221710518953 
1.69  	 -0.5725789958033802 
1.7  	 -0.5934472963766527 
1.71  	 -0.6084812300975584 
1.72  	 -0.6174926747390533 
1.73  	 -0.6203534907718409 
1.74  	 -0.6169971823898875 
1.75  	 -0.6074199369484442 
1.76  	 -0.5916810287566646 
1.77  	 -0.5699025796474222 
1.78  	 -0.5422686753371009 
1.79  	 -0.5090238432201353 
1.8  	 -0.4704709038483415 
1.81  	 -0.4269682148553015 
1.82  	 -0.3789263324329284 
1.83  	 -0.3268041215851378 
1.84  	 -0.2711043522072739 
1.85  	 -0.2123688235085897 
1.86  	 -0.1511730643502748 
1.87  	 -0.08812066165948498 
1.88  	 -0.02383727315074122 
1.89  	 0.04103561590373135 
1.9  	 0.1058471292028076 
1.91  	 0.1699435643143761 
1.92  	 0.2326750193923119 
1.93  	 0.2934020142206806 
1.94  	 0.3515020378414032 
1.95  	 0.4063759554657778 
1.96  	 0.4574542085081049 
1.97  	 0.5042027434029289 
1.98  	 0.5461286073593314 
1.99  	 0.5827851523439402 
2  	 0.6137767923387929 
2.01  	 0.6387632632545854 
2.02  	 0.6574633397522796 
2.03  	 0.6696579685878226 
2.04  	 0.6751927838932654 
2.05  	 0.6739799759844158 
2.06  	 0.6659994917785235 
2.07  	 0.6512995516497337 
2.08  	 0.6299964744768191 
2.09  	 0.6022738096765254 
2.1  	 0.5683807820948739 
2.11  	 0.5286300626754218 
2.12  	 0.4833948847652084 
2.13  	 0.4331055326844735 
2.14  	 0.3782452357049296 
2.15  	 0.3193455067859052 
2.16  	 0.2569809712426702 
2.17  	 0.191763735906785 
2.18  	 0.1243373542259278 
2.19  	 0.05537044709015335 
2.2  	 -0.01444995708470192 
2.21  	 -0.08442529637747521 
2.22  	 -0.1538524944087772 
2.23  	 -0.2220310535960986 
2.24  	 -0.2882701507743941 
2.25  	 -0.351895663045956 
2.26  	 -0.4122570521654653 
2.27  	 -0.4687340369418611 
2.28  	 -0.5207429850388409 
2.29  	 -0.5677429581627945 
2.3  	 -0.6092413479171261 
2.31  	 -0.6447990435432835 
2.32  	 -0.6740350773238749 
2.33  	 -0.6966306985464832 
2.34  	 -0.7123328325689884 
2.35  	 -0.7209568876310795 
2.36  	 -0.7223888785622755 
2.37  	 -0.7165868433785485 
2.38  	 -0.7035815358688152 
2.39  	 -0.6834763845774883 
2.4  	 -0.6564467160159561 
2.41  	 -0.6227382474087069 
2.42  	 -0.582664861723124 
2.43  	 -0.5366056850691059 
2.44  	 -0.4850014937110609 
2.45  	 -0.4283504848364698 
2.46  	 -0.3672034518012577 
2.47  	 -0.302158410754335 
2.48  	 -0.2338547312680118 
2.49  	 -0.1629668288075313 
2.5  	 -0.09019748150724127 
2.51  	 -0.01627083773403328 
2.52  	 0.05807481573201123 
2.53  	 0.1320944524207396 
2.54  	 0.20504379739926 
2.55  	 0.2761868354343504 
2.56  	 0.3448032601155446 
2.57  	 0.4101957883307573 
2.58  	 0.4716972656210263 
2.59  	 0.5286774898368393 
2.6  	 0.5805496831562534 
2.61  	 0.6267765458813643 
2.62  	 0.6668758294718772 
2.63  	 0.7004253709631869 
2.64  	 0.7270675362060066 
2.65  	 0.7465130252026166 
2.66  	 0.7585439991437808 
2.67  	 0.7630164955066635 
2.68  	 0.7598621046909211 
2.69  	 0.7490888890754031 
2.7  	 0.7307815329976062 
2.71  	 0.7051007199150822 
2.72  	 0.6722817408239736 
2.73  	 0.6326323458055766 
2.74  	 0.5865298582679862 
2.75  	 0.5344175789680858 
2.76  	 0.4768005141625892 
2.77  	 0.4142404691712299 
2.78  	 0.3473505551690036 
2.79  	 0.2767891630907421 
2.8  	 0.2032534640669933 
2.81  	 0.1274725007582468 
2.82  	 0.05019993826245778 
2.83  	 -0.02779345310515993 
2.84  	 -0.10572750796154 
2.85  	 -0.1828204915897209 
2.86  	 -0.2582969625451246 
2.87  	 -0.3313955928481305 
2.88  	 -0.4013768667042502 
2.89  	 -0.4675305797219351 
2.9  	 -0.5291830624189333 
2.91  	 -0.5857040544054218 
2.92  	 -0.6365131589799528 
2.93  	 -0.6810858119422456 
2.94  	 -0.7189587031735964 
2.95  	 -0.7497345949159606 
2.96  	 -0.7730864866407747 
2.97  	 -0.7887610828796565 
2.98  	 -0.7965815273264386 
2.99  	 -0.796449373844595 
3  	 -0.7883457726525175 
3.01  	 -0.7723318578346624 
3.02  	 -0.7485483303601362 
3.03  	 -0.7172142389007543 
3.04  	 -0.67862496884612 
3.05  	 -0.6331494579316965 
3.06  	 -0.5812266647459914 
3.07  	 -0.5233613239845937 
3.08  	 -0.4601190295953257 
3.09  	 -0.3921206938346323 
3.1  	 -0.3200364366613236 
3.11  	 -0.2445789657634537 
3.12  	 -0.1664965127868733 
3.13  	 -0.08656539595590913 
3.14  	 -0.005582283198863402 
3.15  	 0.07564376692679495 
3.16  	 0.1562994068072016 
3.17  	 0.2355751625320076 
3.18  	 0.3126735757411889 
3.19  	 0.3868172424955628 
3.2  	 0.4572566679742188 
3.21  	 0.5232778574897364 
3.22  	 0.5842095668062097 
3.23  	 0.6394301380213953 
3.24  	 0.6883738513018627 
3.25  	 0.730536727498955 
3.26  	 0.7654817220778571 
3.27  	 0.7928432568077437 
3.28  	 0.8123310422295806 
3.29  	 0.823733150973002 
3.3  	 0.8269183094654204 
3.31  	 0.8218373833899447 
3.32  	 0.8085240403256895 
3.33  	 0.7870945812634857 
3.34  	 0.7577469410488422 
3.35  	 0.7207588661780284 
3.36  	 0.6764852866777232 
3.37  	 0.6253549069500282 
3.38  	 0.567866048380005 
3.39  	 0.5045817841020692 
3.4  	 0.4361244135273306 
3.41  	 0.3631693309726117 
3.42  	 0.2864383489350543 
3.43  	 0.2066925421599136 
3.44  	 0.1247246835960641 
3.45  	 0.04135134757272281 
3.46  	 -0.04259524098186908 
3.47  	 -0.1262755297605226 
3.48  	 -0.2088510513345685 
3.49  	 -0.2894928400029261 
3.5  	 -0.3673897685913941 
3.51  	 -0.4417567212184067 
3.52  	 -0.5118425195474937 
3.53  	 -0.5769375223854379 
3.54  	 -0.6363808216343168 
3.55  	 -0.6895669615362851 
3.56  	 -0.7359521128229261 
3.57  	 -0.7750596387508745 
3.58  	 -0.8064849960186118 
3.59  	 -0.8298999201568246 
3.6  	 -0.8450558521004754 
3.61  	 -0.8517865702141849 
3.62  	 -0.8500099999777926 
3.63  	 -0.8397291817669793 
3.64  	 -0.8210323856018849 
3.65  	 -0.7940923703001579 
3.66  	 -0.7591647930736389 
3.67  	 -0.7165857841633529 
3.68  	 -0.6667687095293398 
3.69  	 -0.6102001528150374 
3.7  	 -0.5474351557074647 
3.71  	 -0.4790917633343885 
3.72  	 -0.405844928401365 
3.73  	 -0.3284198343037102 
3.74  	 -0.2475847033839379 
3.75  	 -0.1641431617839691 
3.76  	 -0.07892623690842204 
3.77  	 0.007215932674971095 
3.78  	 0.09342259206075999 
3.79  	 0.1788309845371582 
3.8  	 0.2625849994735669 
3.81  	 0.3438437667509717 
3.82  	 0.421790111331572 
3.83  	 0.4956387828430684 
3.84  	 0.5646443771906371 
3.85  	 0.6281088701847438 
3.86  	 0.6853886869574425 
3.87  	 0.7359012354959649 
3.88  	 0.7791308379060989 
3.89  	 0.8146339989764217 
3.9  	 0.8420439581889825 
3.91  	 0.8610744784473036 
3.92  	 0.8715228323972981 
3.93  	 0.8732719552253277 
3.94  	 0.8662917411498731 
3.95  	 0.8506394693958015 
3.96  	 0.8264593541670855 
3.97  	 0.7939812219273663 
3.98  	 0.7535183280696656 
3.99  	 0.7054643337184663 
4  	 0.6502894718721922 
4.01  	 0.5885359402759789 
4.02  	 0.5208125662317091 
4.03  	 0.4477887959244884 
4.04  	 0.370188067698036 
4.05  	 0.288780634976285 
4.06  	 0.2043759101406751 
4.07  	 0.1178144055751605 
4.08  	 0.02995935223384174 
4.09  	 -0.05831192057330564 
4.1  	 -0.14611675797785 
4.11  	 -0.2325760170942869 
4.12  	 -0.3168228807063707 
4.13  	 -0.398011558629109 
4.14  	 -0.4753257892957928 
4.15  	 -0.5479870560178746 
4.16  	 -0.615262435126099 
4.17  	 -0.6764719967964707 
4.18  	 -0.7309956837601451 
4.19  	 -0.7782795982481792 
4.2  	 -0.8178416333796626 
4.21  	 -0.8492763917071853 
4.22  	 -0.8722593407215072 
4.23  	 -0.8865501627181911 
4.24  	 -0.8919952644658644 
4.25  	 -0.8885294205093558 
4.26  	 -0.8761765326065649 
4.27  	 -0.8550494966492495 
4.28  	 -0.8253491773659448 
4.29  	 -0.7873625000601971 
4.3  	 -0.7414596775093575 
4.31  	 -0.6880905988489575 
4.32  	 -0.6277804157075992 
4.33  	 -0.5611243689522931 
4.34  	 -0.4887819070727821 
4.350000000000001  	 -0.4114701543975285 
4.36  	 -0.3299567939219292 
4.37  	 -0.2450524354735546 
4.38  	 -0.1576025451801366 
4.39  	 -0.06847901668904743 
4.4  	 0.02142853173192035 
4.41  	 0.111221647243255 
4.42  	 0.2000020306926705 
4.43  	 0.2868805330662257 
4.44  	 0.3709860699370976 
4.45  	 0.4514743644459713 
4.46  	 0.5275364309749022 
4.47  	 0.5984067141866117 
4.48  	 0.6633708014715258 
4.49  	 0.7217726310399137 
4.5  	 0.7730211228772468 
4.51  	 0.8165961654961007 
4.52  	 0.8520538978125045 
4.53  	 0.879031232483973 
4.54  	 0.8972495746013264 
4.55  	 0.9065176976510771 
4.56  	 0.9067337470799376 
4.57  	 0.8978863505134319 
4.58  	 0.8800548226194966 
4.59  	 0.8534084616759164 
4.600000000000001  	 0.8182049440064135 
4.61  	 0.7747878315028616 
4.62  	 0.7235832163594893 
4.63  	 0.6650955358197119 
4.64  	 0.5999025980895881 
4.65  	 0.5286498685205114 
4.66  	 0.4520440726265377 
4.67  	 0.370846179404284 
4.68  	 0.2858638346951117 
4.69  	 0.1979433199072732 
4.7  	 0.1079611162432582 
4.71  	 0.01681515860498021 
4.72  	 -0.07458413346295772 
4.73  	 -0.1653229581187149 
4.74  	 -0.2544932757674377 
4.75  	 -0.341201904211071 
4.76  	 -0.4245794732245546 
4.77  	 -0.5037891487087469 
4.78  	 -0.578035038801835 
4.79  	 -0.6465701974433083 
4.8  	 -0.7087041448466032 
4.81  	 -0.7638098291100746 
4.82  	 -0.8113299587331555 
4.83  	 -0.8507826420506801 
4.84  	 -0.8817662764912212 
4.850000000000001  	 -0.9039636380366567 
4.86  	 -0.9171451292349572 
4.87  	 -0.9211711525172684 
4.88  	 -0.9159935843095479 
4.89  	 -0.9016563344211501 
4.9  	 -0.8782949843475538 
4.91  	 -0.8461355073504324 
4.92  	 -0.8054920823828778 
4.93  	 -0.7567640230184911 
4.94  	 -0.7004318514289333 
4.95  	 -0.6370525560463232 
4.96  	 -0.5672540797575962 
4.97  	 -0.4917290932260656 
4.98  	 -0.4112281151413331 
4.99  	 -0.3265520477915209 
5  	 -0.2385442022630736 
5.01  	 -0.1480818927451934 
5.02  	 -0.05606768379429573 
5.03  	 0.03657962204467891 
5.04  	 0.1289341661955315 
5.05  	 0.2200722937546879 
5.06  	 0.3090817982619288 
5.07  	 0.3950710589386031 
5.08  	 0.4771779788024444 
5.09  	 0.5545786339952404 
5.100000000000001  	 0.6264955474871751 
5.11  	 0.692205504021192 
5.12  	 0.7510468276963321 
5.13  	 0.8024260489153352 
5.14  	 0.8458238934867359 
5.15  	 0.8808005334138114 
5.16  	 0.9070000462561604 
5.17  	 0.9241540378400781 
5.18  	 0.9320843914432161 
5.19  	 0.9307051153034807 
5.2  	 0.9200232693147112 
5.21  	 0.9001389609821736 
5.22  	 0.8712444100271342 
5.23  	 0.8336220903583819 
5.24  	 0.7876419673761886 
5.25  	 0.7337578576477815 
5.26  	 0.672502946802348 
5.27  	 0.6044845099489861 
5.28  	 0.5303778869381743 
5.29  	 0.4509197722853718 
5.3  	 0.3669008864792491 
5.31  	 0.2791581016366369 
5.32  	 0.1885660999789486 
5.33  	 0.09602864833485344 
5.34  	 0.002469575773646385 
5.350000000000001  	 -0.0911764554972492 
5.36  	 -0.1839732937087886 
5.37  	 -0.2749926621138422 
5.38  	 -0.3633234508407689 
5.39  	 -0.4480808429497171 
5.4  	 -0.5284151832256992 
5.41  	 -0.6035205007620542 
5.42  	 -0.6726425997992946 
5.43  	 -0.7350866375550348 
5.44  	 -0.7902241128678564 
5.45  	 -0.8374991953311195 
5.46  	 -0.8764343311542065 
5.47  	 -0.9066350691920789 
5.48  	 -0.9277940583589902 
5.49  	 -0.9396941759096755 
5.5  	 -0.9422107547500203 
5.51  	 -0.9353128869414445 
5.52  	 -0.9190637897996954 
5.53  	 -0.8936202303665968 
5.54  	 -0.859231013458827 
5.55  	 -0.8162345478766453 
5.56  	 -0.7650555145936013 
5.57  	 -0.7062006697529581 
5.58  	 -0.6402538239776165 
5.59  	 -0.5678700477706888 
5.600000000000001  	 -0.4897691605600621 
5.61  	 -0.4067285681446416 
5.62  	 -0.3195755198596137 
5.63  	 -0.2291788626274415 
5.64  	 -0.1364403741404614 
5.65  	 -0.04228576168009978 
5.66  	 0.05234458352791646 
5.67  	 0.1465049840263555 
5.68  	 0.2392539319389982 
5.69  	 0.3296635082822413 
5.7  	 0.4168286714895996 
5.71  	 0.4998763221222075 
5.72  	 0.5779740529288746 
5.73  	 0.6503384965216006 
5.74  	 0.7162431869137105 
5.75  	 0.7750258559907104 
5.76  	 0.8260950915987832 
5.77  	 0.8689362902882526 
5.78  	 0.9031168447750735 
5.79  	 0.9282905138129846 
5.8  	 0.9442009303258352 
5.81  	 0.9506842122528615 
5.82  	 0.9476706495229588 
5.83  	 0.9351854498078549 
5.84  	 0.9133485351162358 
5.850000000000001  	 0.8823733907870981 
5.86  	 0.8425649779258036 
5.87  	 0.7943167297055312 
5.88  	 0.7381066611362606 
5.89  	 0.6744926307905779 
5.9  	 0.6041068014821024 
5.91  	 0.527649354931955 
5.92  	 0.4458815229515291 
5.93  	 0.3596180045399989 
5.94  	 0.2697188444736966 
5.95  	 0.1770808543897302 
5.96  	 0.08262866198246996 
5.97  	 -0.01269452230611123 
5.98  	 -0.1079363288531868 
5.99  	 -0.2021447484825974 
6  	 -0.2943776529528105 
6.01  	 -0.3837122210523468 
6.02  	 -0.4692541759513296 
6.03  	 -0.550146741303804 
6.04  	 -0.6255792263685306 
6.05  	 -0.6947951540879742 
6.06  	 -0.7570998506006905 
6.07  	 -0.8118674200155913 
6.08  	 -0.8585470343945394 
6.09  	 -0.8966684757114557 
6.100000000000001  	 -0.9258468740139387 
6.11  	 -0.9457865940323373 
6.12  	 -0.9562842309816941 
6.13  	 -0.9572306851988479 
6.140000000000001  	 -0.9486122944615852 
6.15  	 -0.930511012256712 
6.16  	 -0.9031036298053696 
6.17  	 -0.8666600492212697 
6.18  	 -0.821540624674908 
6.19  	 -0.7681925977693239 
6.2  	 -0.7071456624070694 
6.21  	 -0.6390067031524642 
6.22  	 -0.5644537593813396 
6.23  	 -0.4842292752778621 
6.24  	 -0.3991327029082729 
6.25  	 -0.3100125321008532 
6.26  	 -0.2177578266264218 
6.27  	 -0.1232893511448209 
6.28  	 -0.02755037751100235 
6.29  	 0.06850273772276386 
6.3  	 0.1639101104464165 
6.31  	 0.2577179252274571 
6.32  	 0.3489879746678661 
6.33  	 0.4368070464401783 
6.34  	 0.5202960640472464 
6.350000000000001  	 0.5986188897783994 
6.36  	 0.6709907016791627 
6.37  	 0.7366858605801407 
6.38  	 0.7950451883003891 
6.390000000000001  	 0.8454825840021769 
6.4  	 0.8874909122676431 
6.41  	 0.9206471037293991 
6.42  	 0.9446164169426039 
6.43  	 0.9591558185584236 
6.44  	 0.9641164476634853 
6.45  	 0.9594451392993827 
6.46  	 0.945184991579195 
6.47  	 0.9214749703799188 
6.48  	 0.8885485552154637 
6.49  	 0.8467314394877845 
6.5  	 0.7964383077780512 
6.51  	 0.7381687220806709 
6.52  	 0.6725021578077348 
6.53  	 0.6000922389110582 
6.54  	 0.521660229497398 
6.55  	 0.4379878467702001 
6.56  	 0.3499094669418621 
6.57  	 0.2583038018579736 
6.58  	 0.1640851293951219 
6.59  	 0.06819416518652716 
6.600000000000001  	 -0.02841133315356785 
6.61  	 -0.1247661354293345 
6.62  	 -0.21990718624069 
6.63  	 -0.3128832338815641 
6.640000000000001  	 -0.4027643444543458 
6.65  	 -0.4886512060127102 
6.66  	 -0.5696841296140986 
6.67  	 -0.6450516571641309 
6.68  	 -0.7139986898394441 
6.69  	 -0.775834055642991 
6.7  	 -0.8299374402293326 
6.71  	 -0.8757656114825743 
6.72  	 -0.9128578753709914 
6.73  	 -0.9408407082719245 
6.74  	 -0.9594315191801777 
6.75  	 -0.9684415039014778 
6.76  	 -0.9677775624027347 
6.77  	 -0.9574432598521586 
6.78  	 -0.9375388214411237 
6.79  	 -0.9082601607405154 
6.8  	 -0.8698969510106338 
6.81  	 -0.8228297584584805 
6.82  	 -0.7675262658242498 
6.83  	 -0.7045366237851814 
6.84  	 -0.6344879763995603 
6.850000000000001  	 -0.5580782150879806 
6.86  	 -0.4760690233806921 
6.87  	 -0.389278281771829 
6.88  	 -0.2985719084407276 
6.890000000000001  	 -0.2048552172652335 
6.9  	 -0.1090638794027029 
6.91  	 -0.01215457870399878 
6.92  	 0.0849045456859943 
6.93  	 0.1811435740332061 
6.94  	 0.2756005013162203 
6.95  	 0.3673308561829976 
6.96  	 0.4554171473574269 
6.97  	 0.5389780429886715 
6.98  	 0.6171771910812731 
6.99  	 0.689231592707921 
7  	 0.7544194441548523 
7.01  	 0.812087369437932 
7.02  	 0.8616569707028361 
7.03  	 0.9026306308244204 
7.04  	 0.9345965099812235 
7.05  	 0.9572326860257122 
7.06  	 0.9703103970201874 
7.07  	 0.9736963532754976 
7.08  	 0.967354095526552 
7.09  	 0.9513443854111236 
7.100000000000001  	 0.9258246240920696 
7.11  	 0.8910473045805651 
7.12  	 0.8473575129825829 
7.13  	 0.7951895034053456 
7.140000000000001  	 0.7350623805304108 
7.15  	 0.6675749327918427 
7.16  	 0.593399667602576 
7.17  	 0.5132761080646951 
7.18  	 0.4280034179990547 
7.19  	 0.3384324288629068 
7.2  	 0.2454571481238509 
7.21  	 0.1500058338626819 
7.22  	 0.05303172473676773 
7.23  	 -0.04449648209679716 
7.24  	 -0.1416043099561117 
7.25  	 -0.2373212417732712 
7.26  	 -0.3306904220379137 
7.27  	 -0.4207782245351893 
7.28  	 -0.506683590186354 
7.29  	 -0.5875470415766604 
7.3  	 -0.6625592839655007 
7.31  	 -0.7309693066881187 
7.32  	 -0.7920919038330034 
7.33  	 -0.8453145388676538 
7.34  	 -0.8901034844272953 
7.350000000000001  	 -0.9260091757133496 
7.36  	 -0.952670723797402 
7.37  	 -0.9698195435140501 
7.38  	 -0.9772820594692124 
7.390000000000001  	 -0.9749814628997686 
7.4  	 -0.9629385016048737 
7.41  	 -0.9412712948333256 
7.42  	 -0.9101941747588408 
7.43  	 -0.8700155659083419 
7.44  	 -0.8211349235299654 
7.45  	 -0.7640387613016187 
7.46  	 -0.6992958078925613 
7.47  	 -0.6275513406095781 
7.48  	 -0.5495207525974565 
7.49  	 -0.4659824177388753 
7.5  	 -0.3777699244345128 
7.51  	 -0.2857637557695167 
7.52  	 -0.1908824991238976 
7.53  	 -0.09407367300690504 
7.54  	 0.003695737259470694 
7.55  	 0.10144894045207 
7.56  	 0.1982091004130218 
7.57  	 0.2930090995097776 
7.58  	 0.384901206983369 
7.59  	 0.4729665555097955 
7.600000000000001  	 0.5563243311978379 
7.61  	 0.6341405850925075 
7.62  	 0.70563657801866 
7.63  	 0.7700965752479936 
7.640000000000001  	 0.8268750129560426 
7.65  	 0.8754029647015569 
7.66  	 0.9151938431447277 
7.67  	 0.9458482798538113 
7.68  	 0.9670581342561082 
7.69  	 0.9786095914863142 
7.7  	 0.9803853179863412 
7.71  	 0.9723656531252414 
7.72  	 0.9546288247411013 
7.73  	 0.9273501862630663 
7.74  	 0.890800482852978 
7.75  	 0.8453431637149776 
7.76  	 0.7914307672606469 
7.77  	 0.7296004150912623 
7.78  	 0.6604684596750972 
7.79  	 0.584724339066629 
7.8  	 0.5031236999522067 
7.81  	 0.4164808576321724 
7.82  	 0.3256606681914048 
7.83  	 0.2315698939996782 
7.84  	 0.1351481487637784 
7.850000000000001  	 0.03735851257165018 
7.86  	 -0.0608220893159452 
7.87  	 -0.1584126477918288 
7.88  	 -0.2544378737954991 
7.890000000000001  	 -0.347937946778143 
7.9  	 -0.4379781102823374 
7.91  	 -0.5236580186906749 
7.92  	 -0.6041207416682179 
7.930000000000001  	 -0.678561336230057 
7.94  	 -0.746234900672189 
7.95  	 -0.806464029769055 
7.96  	 -0.8586455966129554 
7.97  	 -0.90225679318963 
7.98  	 -0.9368603691830413 
7.99  	 -0.962109016507661 
8  	 -0.9777488555977107 
8.01  	 -0.9836219884551471 
8.02  	 -0.9796680927818529 
8.029999999999999  	 -0.9659250411032458 
8.040000000000001  	 -0.942528538534809 
8.050000000000001  	 -0.9097107826522811 
8.06  	 -0.8677981587024661 
8.07  	 -0.8172079930371572 
8.08  	 -0.7584443970706437 
8.09  	 -0.6920932431582757 
8.1  	 -0.6188163224776899 
8.109999999999999  	 -0.5393447431791859 
8.120000000000001  	 -0.4544716346757234 
8.130000000000001  	 -0.36504423088922 
8.140000000000001  	 -0.2719554114889645 
8.15  	 -0.1761347855890143 
8.16  	 -0.07853940695726766 
8.17  	 0.01985578651353097 
8.18  	 0.1180677135522572 
8.19  	 0.2151149731371429 
8.199999999999999  	 0.3100276528250043 
8.210000000000001  	 0.401857023740896 
8.220000000000001  	 0.4896850253054434 
8.23  	 0.5726334448645357 
8.24  	 0.6498727004218627 
8.25  	 0.7206301386292295 
8.26  	 0.784197765021747 
8.27  	 0.8399393291488292 
8.279999999999999  	 0.8872966936890285 
8.290000000000001  	 0.9257954237839623 
8.300000000000001  	 0.9550495406122911 
8.31  	 0.9747653915708951 
8.32  	 0.9847445982540852 
8.33  	 0.984886052634607 
8.34  	 0.9751869413600031 
8.35  	 0.9557427877901086 
8.359999999999999  	 0.9267465112184514 
8.370000000000001  	 0.8884865125443934 
8.380000000000001  	 0.8413438053955823 
8.390000000000001  	 0.7857882212441404 
8.4  	 0.7223737263204224 
8.41  	 0.6517328970111477 
8.42  	 0.57457060884675 
8.43  	 0.4916570020508823 
8.44  	 0.4038197938644134 
8.449999999999999  	 0.3119360143953214 
8.460000000000001  	 0.2169232485179134 
8.470000000000001  	 0.1197304712929697 
8.48  	 0.02132856845489842 
8.49  	 -0.07729936332811518 
8.5  	 -0.1751678395019712 
8.51  	 -0.2712988358179048 
8.52  	 -0.3647315632392282 
8.529999999999999  	 -0.4545320718554066 
8.540000000000001  	 -0.539802587792137 
8.550000000000001  	 -0.6196904897630456 
8.56  	 -0.6933968354986906 
8.57  	 -0.7601843527765209 
8.58  	 -0.8193848151167799 
8.59  	 -0.8704057283494617 
8.6  	 -0.9127362611368779 
8.609999999999999  	 -0.9459523600850488 
8.620000000000001  	 -0.9697209982200595 
8.630000000000001  	 -0.9838035142618029 
8.640000000000001  	 -0.9880580092101273 
8.65  	 -0.9824407761766182 
8.66  	 -0.9670067490555592 
8.67  	 -0.9419089654326533 
8.68  	 -0.9073970489825176 
8.69  	 -0.8638147264068575 
8.700000000000001  	 -0.8115964036170134 
8.710000000000001  	 -0.7512628352703951 
8.720000000000001  	 -0.6834159308360335 
8.73  	 -0.6087327490003954 
8.74  	 -0.5279587403426994 
8.75  	 -0.4419003057294242 
8.76  	 -0.3514167447250346 
8.77  	 -0.2574116744207346 
8.779999999999999  	 -0.1608240043854399 
8.790000000000001  	 -0.06261855788926565 
8.800000000000001  	 0.03622356690487608 
8.81  	 0.1347147994764666 
8.82  	 0.2318709652571485 
8.83  	 0.3267211210952559 
8.84  	 0.4183172595721907 
8.85  	 0.5057437851684046 
8.859999999999999  	 0.5881266675466099 
8.870000000000001  	 0.6646421804365311 
8.880000000000001  	 0.7345251387379133 
8.890000000000001  	 0.7970765514646238 
8.9  	 0.8516706139818857 
8.91  	 0.8977609695850269 
8.92  	 0.9348861777631159 
8.93  	 0.9626743344134558 
8.94  	 0.9808467977433489 
8.950000000000001  	 0.9892209825289978 
8.960000000000001  	 0.987712194709252 
8.970000000000001  	 0.9763344878805127 
8.98  	 0.955200533032962 
8.99  	 0.9245205027298117 
9  	 0.8845999807815249 
9.01  	 0.8358369182079921 
9.02  	 0.7787176658155511 
9.029999999999999  	 0.7138121229476304 
9.040000000000001  	 0.6417680508051646 
9.050000000000001  	 0.5633046070872821 
9.06  	 0.479205166490909 
9.07  	 0.3903094987517959 
9.08  	 0.2975053823369944 
9.09  	 0.2017197375472262 
9.1  	 0.1039093675984189 
9.109999999999999  	 0.005051400178088318 
9.120000000000001  	 -0.09386647502507224 
9.130000000000001  	 -0.1918558752722156 
9.140000000000001  	 -0.2879376015867726 
9.15  	 -0.3811514247204664 
9.16  	 -0.4705656824648776 
9.17  	 -0.5552865923764283 
9.18  	 -0.6344671868182357 
9.19  	 -0.7073157809887261 
9.200000000000001  	 -0.7731038892658604 
9.210000000000001  	 -0.8311735107021949 
9.220000000000001  	 -0.8809437108039023 
9.23  	 -0.9219164337529391 
9.24  	 -0.9536814869174594 
9.25  	 -0.9759206477624917 
9.26  	 -0.9884108520393743 
9.27  	 -0.9910264313109325 
9.279999999999999  	 -0.9837403773675898 
9.290000000000001  	 -0.9666246208131485 
9.300000000000001  	 -0.9398493209504172 
9.31  	 -0.9036811739778203 
9.32  	 -0.8584807563199559 
9.33  	 -0.8046989295593152 
9.34  	 -0.7428723428172941 
9.35  	 -0.6736180774557029 
9.359999999999999  	 -0.5976274875453675 
9.370000000000001  	 -0.5156592975906921 
9.380000000000001  	 -0.4285320264270345 
9.390000000000001  	 -0.3371158129473789 
9.4  	 -0.2423237252998863 
9.41  	 -0.1451026403659744 
9.42  	 -0.04642378463070825 
9.43  	 0.05272696905136839 
9.44  	 0.151358951844934 
9.450000000000001  	 0.2484865980482175 
9.460000000000001  	 0.3431392940095527 
9.470000000000001  	 0.4343710784168859 
9.48  	 0.521270097007718 
9.49  	 0.6029677171945373 
9.5  	 0.6786472114918787 
9.51  	 0.7475519229331814 
9.52  	 0.8089928308362661 
9.529999999999999  	 0.862355441262552 
9.540000000000001  	 0.907105933258321 
9.550000000000001  	 0.9427964993987882 
9.56  	 0.969069827202964 
9.57  	 0.9856626765692809 
9.58  	 0.9924085174129282 
9.59  	 0.9892392010751183 
9.6  	 0.9761856487289999 
9.609999999999999  	 0.9533775498295137 
9.620000000000001  	 0.9210420735473974 
9.630000000000001  	 0.8795016059918132 
9.640000000000001  	 0.8291705357628171 
9.65  	 0.7705511198875894 
9.66  	 0.7042284713867218 
9.67  	 0.6308647184981573 
9.68  	 0.5511923938681673 
9.69  	 0.4660071197181369 
9.700000000000001  	 0.3761596620367192 
9.710000000000001  	 0.2825474331576193 
9.720000000000001  	 0.1861055276011228 
9.73  	 0.08779738072860077 
9.74  	 -0.01139485646590315 
9.75  	 -0.1104801302594198 
9.76  	 -0.2084683867488935 
9.77  	 -0.3043804650927823 
9.779999999999999  	 -0.3972578825791084 
9.790000000000001  	 -0.48617241372804 
9.800000000000001  	 -0.5702353676890268 
9.81  	 -0.6486064712010366 
9.82  	 -0.7205022683200542 
9.83  	 -0.7852039529417257 
9.84  	 -0.8420645558093361 
9.85  	 -0.8905154141435482 
9.859999999999999  	 -0.9300718591947001 
9.870000000000001  	 -0.9603380648297521 
9.880000000000001  	 -0.9810110086467168 
9.890000000000001  	 -0.9918835059752292 
9.9  	 -0.9928462863842219 
9.91  	 -0.9838890918847067 
9.92  	 -0.9651007857907959 
9.93  	 -0.9366684710884069 
9.94  	 -0.8988756270593724 
9.950000000000001  	 -0.8520992827202848 
9.960000000000001  	 -0.7968062552620678 
9.970000000000001  	 -0.7335484910215888 
9.98  	 -0.6629575554881156 
9.99  	 -0.585738327353901 
10  	 -0.502661959575847 
10.01  	 -0.414558177744302 
10.02  	 -0.3223069926814534 
10.03  	 -0.2268299100503806 
10.04  	 -0.1290807247873146 
10.05  	 -0.0300359923236685 
10.06  	 0.06931472820006353 
10.07  	 0.1679787612421932 
10.08  	 0.2649702338936321 
10.09  	 0.3593199275182521 
10.1  	 0.4500849635487141 
10.11  	 0.5363582266383045 
10.12  	 0.6172774309881066 
10.13  	 0.6920337392296102 
10.14  	 0.7598798477093494 
10.15  	 0.8201374573489678 
10.16  	 0.872204055390457 
10.17  	 0.9155589402181402 
10.18  	 0.9497684290094282 
10.19  	 0.9744901961293018 
10.2  	 0.9894766988670527 
10.21  	 0.9945776562319912 
10.22  	 0.98974155598586 
10.23  	 0.9750161747992425 
10.24  	 0.9505481062806178 
10.25  	 0.9165813015407617 
10.26  	 0.8734546368234331 
10.27  	 0.8215985324566363 
10.28  	 0.7615306568603386 
10.29  	 0.6938507584914752 
10.3  	 0.6192346773238181 
10.31  	 0.5384275956620589 
10.32  	 0.4522365956940652 
10.33  	 0.3615225981161806 
10.34  	 0.2671917623557524 
10.35  	 0.1701864342991232 
10.36  	 0.07147573195944204 
10.37  	 -0.02795413685832247 
10.38  	 -0.1271097281551617 
10.39  	 -0.2250002881426326 
10.4  	 -0.3206476532649702 
10.41  	 -0.4130960249090965 
10.42  	 -0.5014215211197094 
10.43  	 -0.5847414098603539 
10.44  	 -0.6622229315392677 
10.45  	 -0.7330916226183752 
10.46  	 -0.7966390571055297 
10.47  	 -0.8522299285433292 
10.48  	 -0.8993084016939414 
10.49  	 -0.9374036704145599 
10.5  	 -0.96613466614732 
10.51  	 -0.9852138699326762 
10.52  	 -0.9944501898116921 
10.53  	 -0.9937508748202879 
10.54  	 -0.9831224464044773 
10.55  	 -0.9626706379035792 
10.56  	 -0.9325993426602245 
10.57  	 -0.8932085812227972 
10.58  	 -0.8448915079083944 
10.59  	 -0.7881304865950516 
10.6  	 -0.7234922749143239 
10.61  	 -0.6516223649266281 
10.62  	 -0.5732385367932973 
10.63  	 -0.4891236898261128 
10.64  	 -0.4001180225186742 
10.65  	 -0.3071106396733805 
10.66  	 -0.211030670465382 
10.67  	 -0.1128379861760879 
10.68  	 -0.01351361033303601 
10.69  	 0.08595008292962329 
10.7  	 0.1845592843549332 
10.71  	 0.2813286798146317 
10.72  	 0.3752912961002747 
10.73  	 0.4655081638648492 
10.74  	 0.551077701149676 
10.75  	 0.6311447237191787 
10.76  	 0.7049089921511821 
10.77  	 0.7716332102561985 
10.78  	 0.8306503948781412 
10.79  	 0.8813705434073009 
10.8  	 0.9232865323513432 
10.81  	 0.9559791879910808 
10.82  	 0.9791214784185831 
10.83  	 0.9924817850331057 
10.84  	 0.9959262207671455 
10.85  	 0.9894199718396091 
10.86  	 0.9730276495896817 
10.87  	 0.9469126488364695 
10.88  	 0.9113355191369207 
10.89  	 0.8666513651784251 
10.9  	 0.8133063022449646 
10.91  	 0.7518330021387994 
10.92  	 0.6828453740299684 
10.93  	 0.6070324333520011 
10.94  	 0.5251514199776525 
10.95  	 0.438020234412805 
10.96  	 0.3465092675639307 
10.97  	 0.2515327056968183 
10.98  	 0.1540393974523425 
10.99  	 0.05500337416372211 
11  	 -0.04458588181226141 
11.01  	 -0.1437333235158195 
11.02  	 -0.2414482817727507 
11.03  	 -0.3367543642042106 
11.04  	 -0.4286992119406851 
11.05  	 -0.5163640165417313 
11.06  	 -0.5988727020155398 
11.07  	 -0.6754006801754585 
11.08  	 -0.7451830918312615 
11.09  	 -0.8075224514471261 
11.1  	 -0.8617956188567492 
11.11  	 -0.9074600283477301 
11.12  	 -0.9440591128455127 
11.13  	 -0.9712268689683031 
11.14  	 -0.9886915173074439 
11.15  	 -0.9962782213268973 
11.16  	 -0.9939108376814194 
11.17  	 -0.9816126804304647 
11.18  	 -0.9595062914780694 
11.19  	 -0.9278122194989897 
11.2  	 -0.8868468195192506 
11.21  	 -0.8370190951058464 
11.22  	 -0.7788266146876019 
11.23  	 -0.7128505427824071 
11.24  	 -0.6397498357513696 
11.25  	 -0.5602546600505552 
11.26  	 -0.4751590987223315 
11.27  	 -0.385313218982407 
11.28  	 -0.2916145801454327 
11.29  	 -0.1949992667269956 
11.3  	 -0.09643253630702574 
11.31  	 0.003100824407869488 
11.32  	 0.102606338966767 
11.33  	 0.2010897776896098 
11.34  	 0.297567092029004 
11.35  	 0.3910742475113524 
11.36  	 0.480676857000409 
11.37  	 0.5654795180182413 
11.38  	 0.6446347608131521 
11.39  	 0.7173515177510882 
11.4  	 0.7829030293867714 
11.41  	 0.8406341081980361 
11.42  	 0.8899676873825011 
11.43  	 0.9304105892576485 
11.44  	 0.9615584556016309 
11.45  	 0.9830997906444383 
11.46  	 0.9948190762846176 
11.47  	 0.9965989283762294 
11.48  	 0.9884212725117072 
11.49  	 0.9703675275234876 
11.5  	 0.942617794842066 
11.51  	 0.9054490617820504 
11.52  	 0.8592324366812187 
11.53  	 0.804429443492205 
11.54  	 0.7415874128255918 
11.55  	 0.6713340154727311 
11.56  	 0.594370993006648 
11.57  	 0.5114671480841302 
11.58  	 0.4234506644707926 
11.59  	 0.3312008335110009 
11.6  	 0.2356392696973136 
11.61  	 0.1377207031014178 
11.62  	 0.03842344065941718 
11.63  	 -0.0612604083845114 
11.64  	 -0.1603348452132326 
11.65  	 -0.257809933303444 
11.66  	 -0.3527116899843828 
11.67  	 -0.4440918188481001 
11.68  	 -0.5310371857587367 
11.69  	 -0.612678943767981 
11.7  	 -0.6882012157492404 
11.71  	 -0.7568492479804397 
11.72  	 -0.8179369531897405 
11.73  	 -0.8708537676764344 
11.74  	 -0.9150707539720164 
11.75  	 -0.9501458880431981 
11.76  	 -0.9757284781853017 
11.77  	 -0.9915626714298033 
11.78  	 -0.9974900124063725 
11.79  	 -0.9934510290671019 
11.8  	 -0.9794858294038798 
11.81  	 -0.955733703171874 
11.82  	 -0.9224317325743077 
11.83  	 -0.879912425766427 
11.84  	 -0.8286003968013038 
11.85  	 -0.7690081251688444 
11.86  	 -0.701730837277043 
11.87  	 -0.6274405609995389 
11.88  	 -0.5468794126776089 
11.89  	 -0.4608521836353422 
11.9  	 -0.3702183002684785 
11.91  	 -0.2758832380278056 
11.92  	 -0.178789475077139 
11.93  	 -0.07990707600753713 
11.94  	 0.01977600031221223 
11.95  	 0.1192637719096774 
11.96  	 0.2175621852775056 
11.97  	 0.3136890479015862 
11.98  	 0.4066838425005871 
11.99  	 0.4956173249094191 
12  	 0.5796008096985485 
12.01  	 0.657795050738897 
12.02  	 0.7294186279678413 
12.03  	 0.7937557565437601 
12.04  	 0.8501634403463257 
12.05  	 0.8980778983298409 
12.06  	 0.9370201995005475 
12.07  	 0.9666010501956547 
12.08  	 0.9865246858107176 
12.09  	 0.9965918280694612 
12.1  	 0.9967016782667717 
12.11  	 0.98685292654761 
12.12  	 0.9671437671161324 
12.13  	 0.9377709192021262 
12.14  	 0.8990276635463635 
12.15  	 0.8513009140040217 
12.16  	 0.7950673535068059 
12.17  	 0.7308886729742199 
12.18  	 0.6594059607287365 
12.19  	 0.5813332984587248 
12.2  	 0.4974506277027315 
12.21  	 0.4085959581189357 
12.22  	 0.3156569953817057 
12.23  	 0.2195622723486775 
12.24  	 0.1212718721061226 
12.25  	 0.02176783558034154 
12.26  	 -0.07795565044317379 
12.27  	 -0.1769021868554435 
12.28  	 -0.2740831180604439 
12.29  	 -0.3685274106333155 
12.3  	 -0.4592913560911777 
12.31  	 -0.5454680008220457 
12.32  	 -0.6261962089426475 
12.33  	 -0.7006692675216538 
12.34  	 -0.7681429481756439 
12.35  	 -0.8279429444758521 
12.36  	 -0.8794716108391495 
12.37  	 -0.9222139355547599 
12.38  	 -0.9557426882498233 
12.39  	 -0.9797226903449666 
12.4  	 -0.9939141658129451 
12.41  	 -0.9981751387427791 
12.42  	 -0.9924628537353715 
12.43  	 -0.9768342049202383 
12.44  	 -0.9514451692886617 
12.45  	 -0.9165492499875034 
12.46  	 -0.8724949451106443 
12.47  	 -0.8197222672624188 
12.48  	 -0.7587583486529781 
12.49  	 -0.6902121756233153 
12.5  	 -0.6147685051972768 
12.51  	 -0.5331810244323147 
12.52  	 -0.4462648209075127 
12.53  	 -0.354888239571926 
12.54  	 -0.2599642073092323 
12.55  	 -0.162441111894155 
12.56  	 -0.0632933264710438 
12.57  	 0.03648852577230444 
12.58  	 0.1359074694646802 
12.59  	 0.2339701385484718 
12.6  	 0.3296967018796375 
12.61  	 0.4221306537536619 
12.62  	 0.5103483715281963 
12.63  	 0.5934683448389684 
12.64  	 0.6706599841856866 
12.65  	 0.7411519208653522 
12.66  	 0.8042397153123347 
12.67  	 0.8592928968139457 
12.68  	 0.9057612642500774 
12.69  	 0.9431803848883827 
12.7  	 0.9711762362782855 
12.71  	 0.9894689448486735 
12.72  	 0.997875583839174 
12.73  	 0.9963120025932929 
12.74  	 0.9847936689202306 
12.75  	 0.9634355160931712 
12.76  	 0.9324507959975068 
12.77  	 0.8921489498730468 
12.78  	 0.8429325179106729 
12.79  	 0.7852931185681105 
12.8  	 0.719806537765056 
12.81  	 0.6471269770131062 
12.82  	 0.5679805179401261 
12.83  	 0.4831578684996137 
12.84  	 0.3935064633340825 
12.85  	 0.299921997215351 
12.86  	 0.2033394761513372 
12.87  	 0.1047238755687977 
12.88  	 0.005060498909547014 
12.89  	 -0.09465486702825457 
12.9  	 -0.193425901638842 
12.91  	 -0.290265705534237 
12.92  	 -0.3842066615761894 
12.93  	 -0.4743101033825792 
12.94  	 -0.5596756946983112 
12.95  	 -0.6394504259089736 
12.96  	 -0.7128371377988624 
12.97  	 -0.7791024873782677 
12.98  	 -0.8375842761784785 
12.99  	 -0.8876980677815524 
13  	 -0.9289430284535705 
13.01  	 -0.9609069325115065 
13.02  	 -0.9832702823991734 
13.03  	 -0.9958095022928423 
13.04  	 -0.9983991733138439 
13.05  	 -0.9910132880013481 
13.06  	 -0.9737255114976449 
13.07  	 -0.9467084468231279 
13.08  	 -0.9102319115691667 
13.09  	 -0.8646602432151502 
13.1  	 -0.8104486599819404 
13.11  	 -0.7481387135717489 
13.12  	 -0.6783528792183817 
13.13  	 -0.6017883370927041 
13.14  	 -0.5192100071883191 
13.15  	 -0.431442907273155 
13.16  	 -0.3393639102567413 
13.17  	 -0.2438929833253334 
13.18  	 -0.1459839963760658 
13.19  	 -0.04661519158615886 
13.2  	 0.05322059066032637 
13.21  	 0.1525258318291133 
13.22  	 0.2503083021575661 
13.23  	 0.3455909748541641 
13.24  	 0.4374217885127814 
13.25  	 0.5248831601953676 
13.26  	 0.6071011541261675 
13.27  	 0.6832542143808061 
13.28  	 0.7525813743090083 
13.29  	 0.8143898606570145 
13.3  	 0.8680620164033254 
13.31  	 0.9130614731272181 
13.32  	 0.94893851122799 
13.33  	 0.9753345544267145 
13.34  	 0.9919857536319632 
13.35  	 0.9987256243495839 
13.36  	 0.9954867112728906 
13.37  	 0.982301263409933 
13.38  	 0.9593009129908422 
13.39  	 0.9267153613522994 
13.4  	 0.8848700849185597 
13.41  	 0.8341830841896051 
13.42  	 0.7751607082095285 
13.43  	 0.7083925962262988 
13.44  	 0.6345457870756085 
13.45  	 0.5543580551376892 
13.46  	 0.4686305394452795 
13.47  	 0.3782197395839401 
13.48  	 0.28402895835353 
13.49  	 0.1869992766891579 
13.5  	 0.08810015101361655 
13.51  	 -0.01168027303259638 
13.52  	 -0.1113450337028238 
13.53  	 -0.2098983144485987 
13.54  	 -0.3063553938856036 
13.55  	 -0.3997524850028926 
13.56  	 -0.4891563653017017 
13.57  	 -0.5736737016391557 
13.58  	 -0.6524599766011154 
13.59  	 -0.7247279272089906 
13.6  	 -0.7897554116375898 
13.61  	 -0.8468926253347125 
13.62  	 -0.8955685944339171 
13.63  	 -0.935296881571827 
13.64  	 -0.9656804470907094 
13.65  	 -0.9864156170453063 
13.66  	 -0.9972951183576237 
13.67  	 -0.9982101507836653 
13.68  	 -0.9891514749799662 
13.69  	 -0.9702095057886241 
13.7  	 -0.9415734097990938 
13.71  	 -0.9035292161942551 
13.72  	 -0.8564569597474904 
13.73  	 -0.8008268845081356 
13.74  	 -0.7371947460988005 
13.75  	 -0.6661962595546069 
13.76  	 -0.5885407481726901 
13.77  	 -0.5050040568241665 
13.78  	 -0.4164208005307408 
13.79  	 -0.3236760257509118 
13.8  	 -0.2276963676890451 
13.81  	 -0.1294407919778937 
13.82  	 -0.02989101323796604 
13.83  	 0.06995831375293612 
13.84  	 0.1691095322737459 
13.85  	 0.2665719519583827 
13.86  	 0.36137174757641 
13.87  	 0.4525616893890356 
13.88  	 0.5392306078546242 
13.89  	 0.6205124981121279 
13.9  	 0.6955951732683779 
13.91  	 0.7637283800235922 
13.92  	 0.8242312955404114 
13.93  	 0.8764993306438064 
13.94  	 0.9200101713694835 
13.95  	 0.9543289984884635 
13.96  	 0.9791128328480309 
13.97  	 0.9941139631040248 
13.98  	 0.9991824215875068 
13.99  	 0.9942674835593304 
14  	 0.979418174864342 
14.01  	 0.9547827829045856 
14.02  	 0.9206073758095895 
14.03  	 0.8772333445917818 
14.04  	 0.8250939928374825 
14.05  	 0.7647102080007293 
14.06  	 0.6966852575443948 
14.07  	 0.6216987619173652 
14.08  	 0.5404999045821171 
14.09  	 0.453899946930868 
14.1  	 0.3627641228739719 
14.11  	 0.2680029940838493 
14.12  	 0.1705633522665889 
14.13  	 0.07141875936072002 
14.14  	 -0.02844017981960144 
14.15  	 -0.1280157153046687 
14.16  	 -0.2263129211582147 
14.17  	 -0.3223496365255372 
14.18  	 -0.4151662792116247 
14.19  	 -0.5038354337328491 
14.2  	 -0.587471118039034 
14.21  	 -0.6652376363117661 
14.22  	 -0.7363579293807673 
14.23  	 -0.8001213393191037 
14.24  	 -0.8558907106302485 
14.25  	 -0.903108757068857 
14.26  	 -0.9413036304737928 
14.27  	 -0.9700936359650044 
14.28  	 -0.9891910463848125 
14.29  	 -0.9984049778640063 
14.3  	 -0.9976432977740464 
14.31  	 -0.9869135459945254 
14.32  	 -0.9663228602838753 
14.33  	 -0.9360769064919394 
14.34  	 -0.8964778242965923 
14.35  	 -0.8479212089831674 
14.36  	 -0.7908921594176007 
14.37  	 -0.7259604316945109 
14.38  	 -0.6537747468779498 
14.39  	 -0.5750563097045887 
14.4  	 -0.4905916030040668 
14.41  	 -0.401224529827936 
14.42  	 -0.3078479817970597 
14.43  	 -0.2113949179108293 
14.44  	 -0.1128290429536966 
14.45  	 -0.01313517863528847 
14.46  	 0.08669057632794416 
14.47  	 0.1856507988728571 
14.48  	 0.2827567075477316 
14.49  	 0.3770380421902685 
14.5  	 0.4675527586097675 
14.51  	 0.5533964414050122 
14.52  	 0.6337113408653018 
14.53  	 0.7076949436575504 
14.54  	 0.774607991659984 
14.55  	 0.8337818688168754 
14.56  	 0.8846252822021333 
14.57  	 0.9266301705319735 
14.58  	 0.9593767810852245 
14.59  	 0.9825378642986541 
14.6  	 0.9958819441205765 
14.61  	 0.9992756314402637 
14.62  	 0.9926849574722104 
14.63  	 0.9761757137663999 
14.64  	 0.9499127954412414 
14.65  	 0.9141585541955012 
14.66  	 0.869270177549613 
14.67  	 0.8156961204966001 
14.68  	 0.7539716252111025 
14.69  	 0.6847133735772769 
14.7  	 0.6086133259609183 
14.71  	 0.5264318077829397 
14.72  	 0.4389899129670719 
14.73  	 0.3471613001605602 
14.74  	 0.2518634636950541 
14.75  	 0.154048566502847 
14.76  	 0.05469392658144719 
14.77  	 -0.04520774793850642 
14.78  	 -0.1446582775545437 
14.79  	 -0.2426639848776657 
14.8  	 -0.3382456231896893 
14.81  	 -0.4304481608680479 
14.82  	 -0.5183503239140478 
14.83  	 -0.6010738012364486 
14.84  	 -0.6777920207114431 
14.85  	 -0.7477384083287687 
14.86  	 -0.8102140478972972 
14.87  	 -0.8645946647733211 
14.88  	 -0.910336863827967 
14.89  	 -0.9469835593217586 
14.9  	 -0.9741685424277535 
14.91  	 -0.991620140761366 
14.92  	 -0.9991639333468859 
14.93  	 -0.9967244938884978 
14.94  	 -0.9843261449224221 
14.95  	 -0.9620927153097483 
14.96  	 -0.9302463034879062 
14.97  	 -0.8891050588330283 
14.98  	 -0.8390800032961391 
14.99  	 -0.7806709250659102 
15  	 -0.7144613852826771 
15.01  	 -0.6411128876909843 
15.02  	 -0.561358269481854 
15.03  	 -0.4759943793579345 
15.04  	 -0.3858741159770966 
15.05  	 -0.2918979063208381 
15.06  	 -0.1950047091312453 
15.07  	 -0.09616263330523028 
15.08  	 0.003640735017064848 
15.09  	 0.1034082000216673 
15.1  	 0.202142919855077 
15.11  	 0.2988583667692573 
15.12  	 0.3925881842585075 
15.13  	 0.4823958426973982 
15.14  	 0.5673839970025724 
15.15  	 0.6467034528171172 
15.16  	 0.7195616516282634 
15.17  	 0.7852305900348984 
15.18  	 0.8430540940350391 
15.19  	 0.8924543756473977 
15.2  	 0.9329378063519347 
15.21  	 0.9640998496587865 
15.22  	 0.9856291035170243 
15.23  	 0.9973104121685554 
15.24  	 0.9990270163500111 
15.25  	 0.9907617203542187 
15.26  	 0.9725970642858704 
15.27  	 0.9447144997858806 
15.28  	 0.9073925774559988 
15.29  	 0.8610041640902121 
15.3  	 0.8060127175132585 
15.31  	 0.742967656243229 
15.32  	 0.6724988702393314 
15.33  	 0.5953104275783452 
15.34  	 0.512173539937705 
15.35  	 0.4239188571687795 
15.36  	 0.3314281679485499 
15.37  	 0.2356255894317402 
15.38  	 0.1374683339322257 
15.39  	 0.03793714488840642 
15.4  	 -0.06197350232698132 
15.41  	 -0.1612653368430823 
15.42  	 -0.2589462666913419 
15.43  	 -0.354040291508785 
15.44  	 -0.4455972544986564 
15.45  	 -0.532702336209196 
15.46  	 -0.6144851952696953 
15.47  	 -0.6901286647509159 
15.48  	 -0.7588769172565849 
15.49  	 -0.8200430171600317 
15.5  	 -0.8730157845239949 
15.51  	 -0.9172659021183259 
15.52  	 -0.9523512045129976 
15.53  	 -0.9779210963960648 
15.54  	 -0.9937200559665518 
15.55  	 -0.9995901883939038 
15.56  	 -0.995472803826764 
15.57  	 -0.9814090041804535 
15.58  	 -0.9575392728363343 
15.59  	 -0.9241020713489754 
15.6  	 -0.8814314571786224 
15.61  	 -0.8299537462484163 
15.62  	 -0.7701832536696394 
15.63  	 -0.7027171551889133 
15.64  	 -0.6282295206974263 
15.65  	 -0.5474645794144978 
15.66  	 -0.4612292840352138 
15.67  	 -0.3703852481365816 
15.68  	 -0.2758401373991456 
15.69  	 -0.1785386006588172 
15.7  	 -0.07945283140130648 
15.71  	 0.02042714599470059 
15.72  	 0.1201033682096467 
15.73  	 0.218579904293731 
15.74  	 0.3148728067052222 
15.75  	 0.4080199426487974 
15.76  	 0.4970906074813199 
15.77  	 0.5811948241298573 
15.78  	 0.6594922356036909 
15.79  	 0.731200501747301 
15.8  	 0.7956031163349646 
15.81  	 0.852056566398341 
15.82  	 0.8999967622511846 
15.83  	 0.9389446739616115 
15.84  	 0.9685111179512045 
15.85  	 0.9884006458919502 
15.86  	 0.9984144970410781 
15.87  	 0.9984525845119979 
15.88  	 0.988514495631903 
15.89  	 0.9686994963875111 
15.9  	 0.939205539911367 
15.91  	 0.9003272889124222 
15.92  	 0.8524531718070646 
15.93  	 0.7960615019618297 
15.94  	 0.731715698820362 
15.95  	 0.6600586586607096 
15.96  	 0.5818063312263916 
15.97  	 0.4977405664091505 
15.98  	 0.4087013024548008 
15.99  	 0.315578173743804 
16  	 0.2193016219971334 
16.01  	 0.1208335997203143 
16.02  	 0.0211579587731194 
16.03  	 -0.07872937990198309 
16.04  	 -0.1778303771708356 
16.05  	 -0.2751548477935589 
16.06  	 -0.3697303540655714 
16.07  	 -0.4606119221605974 
16.08  	 -0.5468914840910795 
16.09  	 -0.6277069509443001 
16.1  	 -0.7022508267361398 
16.11  	 -0.7697782768135243 
16.12  	 -0.8296145701872195 
16.13  	 -0.8811618214312703 
16.14  	 -0.9239049647843349 
16.15  	 -0.957416900758615 
16.16  	 -0.9813627638313384 
16.17  	 -0.9955032685742128 
16.18  	 -0.9996971007849909 
16.19  	 -0.9939023297269532 
16.2  	 -0.9781768273628412 
16.21  	 -0.9526776903916965 
16.22  	 -0.9176596708607433 
16.23  	 -0.8734726310302858 
16.24  	 -0.820558047919588 
16.25  	 -0.759444602456345 
16.26  	 -0.6907428972992918 
16.27  	 -0.6151393561100613 
16.28  	 -0.5333893652278681 
16.29  	 -0.4463097262726134 
16.3  	 -0.3547704950846153 
16.31  	 -0.2596862885437331 
16.32  	 -0.1620071461248399 
16.33  	 -0.06270903749816831 
16.34  	 0.03721588898149331 
16.35  	 0.1367692194634288 
16.36  	 0.2349562504176467 
16.37  	 0.3307959274047347 
16.38  	 0.423330647493195 
16.39  	 0.5116358273816608 
16.4  	 0.5948291416224574 
16.41  	 0.6720793386413826 
16.42  	 0.7426145464645444 
16.43  	 0.8057299851630666 
16.44  	 0.86079500895385 
16.45  	 0.907259407591782 
16.46  	 0.9446589040902563 
16.47  	 0.9726197938362683 
16.48  	 0.9908626787455724 
16.49  	 0.9992052591448087 
16.5  	 0.9975641554830783 
16.51  	 0.9859557416683825 
16.52  	 0.9644959817002864 
16.53  	 0.9333992712286623 
16.54  	 0.8929762956112095 
16.55  	 0.8436309258687262 
16.56  	 0.7858561835511414 
16.57  	 0.7202293148294132 
16.58  	 0.6474060230299378 
16.59  	 0.568113917236195 
16.6  	 0.4831452424152505 
16.61  	 0.3933489637062936 
16.62  	 0.2996222839608575 
16.63  	 0.2029016792879668 
16.64  	 0.1041535421726753 
16.65  	 0.004364525659406016 
16.66  	 -0.09546831492390706 
16.67  	 -0.1943474841992757 
16.68  	 -0.2912850133907302 
16.69  	 -0.3853123318114428 
16.7  	 -0.4754899445522277 
16.71  	 -0.5609168196748846 
16.72  	 -0.6407393911154184 
16.73  	 -0.714160087342553 
16.74  	 -0.7804453005538208 
16.75  	 -0.8389327167832447 
16.76  	 -0.8890379336785194 
16.77  	 -0.9302602998231424 
16.78  	 -0.9621879172578796 
16.79  	 -0.9845017572152942 
16.8  	 -0.9969788479430827 
16.81  	 -0.9994945027619765 
16.82  	 -0.9920235660945825 
16.83  	 -0.9746406650129806 
16.84  	 -0.9475194637898359 
16.85  	 -0.9109309288992148 
16.86  	 -0.8652406218008183 
16.87  	 -0.8109050465553054 
16.88  	 -0.7484670887624969 
16.89  	 -0.6785505913930521 
16.9  	 -0.6018541217092778 
16.91  	 -0.5191439915516487 
16.92  	 -0.4312466007294929 
16.93  	 -0.339040180016794 
16.94  	 -0.243446016253192 
16.95  	 -0.1454192472257954 
16.96  	 -0.04593931830532998 
16.97  	 0.05399980380928349 
16.98  	 0.1533995624577431 
16.99  	 0.2512667882645198 
17  	 0.3466236225760578 
17.01  	 0.4385172879364064 
17.02  	 0.5260296079768775 
17.03  	 0.6082861816007571 
17.04  	 0.6844651197951955 
17.05  	 0.7538052577755026 
17.06  	 0.8156137604062046 
17.07  	 0.8692730449079895 
17.08  	 0.9142469516788715 
17.09  	 0.9500861015716706 
17.1  	 0.9764323860981332 
17.11  	 0.9930225456931906 
17.12  	 0.9996908002850383 
17.13  	 0.9963705058854498 
17.14  	 0.9830948206465144 
17.15  	 0.9599963737270587 
17.16  	 0.9273059402756346 
17.17  	 0.8853501357674245 
17.18  	 0.8345481527311809 
17.19  	 0.7754075724697567 
17.2  	 0.7085192936210706 
17.21  	 0.6345516282300366 
17.22  	 0.5542436243205299 
17.23  	 0.468397681684412 
17.24  	 0.3778715346681006 
17.25  	 0.2835696820602148 
17.26  	 0.1864343497096806 
17.27  	 0.0874360761728647 
17.28  	 -0.01243598454693409 
17.29  	 -0.1121839462743576 
17.3  	 -0.2108111612026787 
17.31  	 -0.3073321780761189 
17.32  	 -0.400782588516301 
17.33  	 -0.4902286631100576 
17.34  	 -0.5747766809779279 
17.35  	 -0.6535818596048865 
17.36  	 -0.7258567957081038 
17.37  	 -0.7908793328028461 
17.38  	 -0.8479997768550824 
17.39  	 -0.8966473879236381 
17.4  	 -0.9363360829276466 
17.41  	 -0.9666692925585579 
17.42  	 -0.9873439238062482 
17.43  	 -0.9981533885055135 
17.44  	 -0.9989896676415841 
17.45  	 -0.9898443907870176 
17.46  	 -0.9708089198832736 
17.47  	 -0.9420734365283848 
17.48  	 -0.9039250418886576 
17.49  	 -0.8567448882183454 
17.5  	 -0.8010043706465521 
17.51  	 -0.7372604172805224 
17.52  	 -0.6661499246842864 
17.53  	 -0.5883833943295321 
17.54  	 -0.5047378336012956 
17.55  	 -0.4160489922870885 
17.56  	 -0.3232030121204735 
17.57  	 -0.2271275728121083 
17.58  	 -0.1287826230346194 
17.59  	 -0.02915078897347054 
17.6  	 0.07077244372210739 
17.61  	 0.1699886764890259 
17.62  	 0.2675065735188927 
17.63  	 0.3623517668711328 
17.64  	 0.4535765920624195 
17.65  	 0.5402695568561409 
17.66  	 0.6215644486435412 
17.67  	 0.6966489894173873 
17.68  	 0.7647729518594013 
17.69  	 0.8252556554483131 
17.7  	 0.8774927676880593 
17.71  	 0.9209623424999854 
17.72  	 0.9552300354441098 
17.73  	 0.9799534436597918 
17.74  	 0.9948855271609355 
17.75  	 0.9998770773005118 
17.76  	 0.9948782077387504 
17.77  	 0.9799388530165873 
17.78  	 0.9552082697515025 
17.79  	 0.9209335454384988 
17.8  	 0.877457129754305 
17.81  	 0.8252134130304538 
17.82  	 0.7647243860803699 
17.83  	 0.6965944247453881 
17.84  	 0.6215042512696872 
17.85  	 0.5402041328389574 
17.86  	 0.4535063852403139 
17.87  	 0.3622772565433739 
17.88  	 0.2674282718977493 
17.89  	 0.1699071259257658 
17.9  	 0.07068821371127222 
17.91  	 -0.02923710500565896 
17.92  	 -0.1288704111508738 
17.93  	 -0.2272162021839098 
17.94  	 -0.3232918388369842 
17.95  	 -0.4161373633393586 
17.96  	 -0.5048250910269857 
17.97  	 -0.5884688795004775 
17.98  	 -0.6662329827170947 
17.99  	 -0.7373404015480368 
18  	 -0.8010806473653848 
18.01  	 -0.8568168410861975 
18.02  	 -0.9039920767413503 
18.03  	 -0.942134985986362 
18.04  	 -0.9708644479535371 
18.05  	 -0.9898933973859831 
18.06  	 -0.999031693002161 
18.07  	 -0.9981880174306633 
18.08  	 -0.9873707897302991 
18.09  	 -0.9666880813769854 
18.1  	 -0.9363465365557081 
18.11  	 -0.8966493075446571 
18.12  	 -0.8479930258194202 
18.13  	 -0.7908638391400984 
18.14  	 -0.7258325542161936 
18.15  	 -0.6535489334818944 
18.16  	 -0.5747352029650368 
18.17  	 -0.4901788361164366 
18.18  	 -0.400724685701053 
18.19  	 -0.3072665423649633 
18.2  	 -0.2107382042225883 
18.21  	 -0.1121041466929828 
18.22  	 -0.0123498858091723 
18.23  	 0.08752786871366906 
18.24  	 0.1865311722628743 
18.25  	 0.2836708164620942 
18.26  	 0.3779762130253346 
18.27  	 0.4685050915742775 
18.28  	 0.5543529145225531 
18.29  	 0.6346619149545247 
18.3  	 0.7086296671962427 
18.31  	 0.7755171044421787 
18.32  	 0.8346559033289583 
18.33  	 0.8854551616702498 
18.34  	 0.927407302630746 
18.35  	 0.9600931463459387 
18.36  	 0.9831860983126273 
18.37  	 0.9964554127004993 
18.38  	 0.9997684979778415 
18.39  	 0.9930922418134793 
18.4  	 0.976493342015969 
18.41  	 0.9501376402025797 
18.42  	 0.9142884648547678 
18.43  	 0.869304000315176 
18.44  	 0.8156337080130479 
18.45  	 0.7538138356755031 
18.46  	 0.6844620593941715 
18.47  	 0.6082713120813761 
18.48  	 0.5260028599787636 
18.49  	 0.4384786963958707 
18.5  	 0.3465733286764564 
18.51  	 0.2512050404544091 
18.52  	 0.1533267165041063 
18.53  	 0.0539163218586672 
18.54  	 -0.04603286967293204 
18.55  	 -0.1455221999583267 
18.56  	 -0.2435576048002385 
18.57  	 -0.3391595463030486 
18.58  	 -0.4313728001052443 
18.59  	 -0.5192759996871987 
18.6  	 -0.6019908423906087 
18.61  	 -0.6786908651652215 
18.62  	 -0.7486097023584609 
18.63  	 -0.8110487430380544 
18.64  	 -0.8653841113380897 
18.65  	 -0.9110729000818426 
18.66  	 -0.9476585953972094 
18.67  	 -0.9747756381226256 
18.68  	 -0.9921530764265925 
18.69  	 -0.9996172731446866 
18.7  	 -0.997093640782073 
18.71  	 -0.9846073868453667 
18.72  	 -0.9622832620559157 
18.73  	 -0.9303443139593914 
18.74  	 -0.8891096583846622 
18.75  	 -0.8389912910178289 
18.76  	 -0.7804899709484038 
18.77  	 -0.7141902173176157 
18.78  	 -0.6407544690592478 
18.79  	 -0.5609164660874028 
18.8  	 -0.4754739180624505 
18.81  	 -0.3852805339872501 
18.82  	 -0.2912374922696205 
18.83  	 -0.1942844364799665 
18.84  	 -0.09539008677084845 
18.85  	 0.004457439234364345 
18.86  	 0.104260499372881 
18.87  	 0.2030218950473496 
18.88  	 0.299754834905809 
18.89  	 0.3934927945434879 
18.9  	 0.4832991737103083 
18.91  	 0.5682766545334405 
18.92  	 0.6475761672497801 
18.93  	 0.7204053738649588 
18.94  	 0.7860365849735761 
18.95  	 0.8438140306369944 
18.96  	 0.8931604126705123 
18.97  	 0.9335826728708211 
18.98  	 0.9646769195492382 
18.99  	 0.9861324631453134 
19  	 0.9977349205981937 
19.01  	 0.9993683574568843 
19.02  	 0.9910164463255544 
19.03  	 0.9727626300684741 
19.04  	 0.9447892881432187 
19.05  	 0.9073759143910501 
19.06  	 0.8608963244910628 
19.07  	 0.8058149209792662 
19.08  	 0.7426820531510364 
19.09  	 0.6721285182086146 
19.1  	 0.5948592585956348 
19.11  	 0.5116463184927112 
19.12  	 0.4233211298497294 
19.13  	 0.3307662050301691 
19.14  	 0.2349063190709046 
19.15  	 0.1366992696622001 
19.16  	 0.03712630716981322 
19.17  	 -0.06281766968041512 
19.18  	 -0.1621340544935174 
19.19  	 -0.259830510949042 
19.2  	 -0.3549308879018902 
19.21  	 -0.4464849727724789 
19.22  	 -0.5335779857730378 
19.23  	 -0.6153397201072324 
19.24  	 -0.6909532368159788 
19.25  	 -0.7596630273941886 
19.26  	 -0.8207825626193498 
19.27  	 -0.8737011521658254 
19.28  	 -0.9178900464663206 
19.29  	 -0.9529077198511892 
19.3  	 -0.9784042821786397 
19.31  	 -0.9941249748749531 
19.32  	 -0.9999127164534899 
19.33  	 -0.9957096720775316 
19.34  	 -0.9815578314840367 
19.35  	 -0.9575985894932311 
19.36  	 -0.9240713332949017 
19.37  	 -0.8813110506261868 
19.38  	 -0.8297449827387088 
19.39  	 -0.7698883555966832 
19.4  	 -0.7023392319585202 
19.41  	 -0.6277725357771733 
19.42  	 -0.5469333086251995 
19.43  	 -0.4606292655242224 
19.44  	 -0.3697227245572038 
19.45  	 -0.2751219909007429 
19.46  	 -0.1777722813645465 
19.47  	 -0.07864628011722725 
19.48  	 0.02126558003828728 
19.49  	 0.1209650137324231 
19.5  	 0.2194558575627126 
19.51  	 0.3157540234308376 
19.52  	 0.4088973312318901 
19.53  	 0.4979551226521272 
19.54  	 0.5820375600154877 
19.55  	 0.6603045172693304 
19.56  	 0.7319739742717606 
19.57  	 0.7963298305086765 
19.58  	 0.8527290601671441 
19.59  	 0.90060813707402 
19.6  	 0.9394886653036201 
19.61  	 0.9689821591945441 
19.62  	 0.9887939250150977 
19.63  	 0.998726005492399 
19.64  	 0.9986791577840289 
19.65  	 0.9886538451283511 
19.66  	 0.9687502322649388 
19.67  	 0.9391671846701918 
19.68  	 0.900200281607206 
19.69  	 0.8522388628420905 
19.7  	 0.7957621385347682 
19.71  	 0.7313344011723482 
19.72  	 0.6595993873856284 
19.73  	 0.5812738459827788 
19.74  	 0.4971403764667343 
19.75  	 0.4080396095903099 
19.76  	 0.3148618080783863 
19.77  	 0.2185379714403241 
19.78  	 0.120030533748893 
19.79  	 0.0203237473319195 
19.8  	 -0.07958615154220201 
19.81  	 -0.1787008967222253 
19.82  	 -0.2760301665189476 
19.83  	 -0.3706014786757315 
19.84  	 -0.4614699070977604 
19.85  	 -0.5477275232537598 
19.86  	 -0.6285124679141428 
19.87  	 -0.7030175625839942 
19.88  	 -0.7704983745877523 
19.89  	 -0.8302806552221222 
19.9  	 -0.8817670766565551 
19.91  	 -0.9244432002689409 
19.92  	 -0.9578826167820416 
19.93  	 -0.981751206841625 
19.94  	 -0.9958104794660925 
19.95  	 -0.9999199550100557 
19.96  	 -0.994038568831901 
19.97  	 -0.978225081639887 
19.98  	 -0.9526374924162508 
19.99  	 -0.9175314597849228 
20  	 -0.8732577475954701 
20.01  	 -0.820258720245715 
20.02  	 -0.7590639227606137 
20.03  	 -0.690284789788714 
20.04  	 -0.614608536382758 
20.05  	 -0.532791291604326 
20.06  	 -0.4456505435602029 
20.07  	 -0.3540569713557407 
20.08  	 -0.2589257455783084 
20.09  	 -0.1612073842330222 
20.1  	 -0.06187825549483259 
20.11  	 0.03806917782925394 
20.12  	 0.1376362746542045 
20.13  	 0.2358281937059772 
20.14  	 0.3316638336483874 
20.15  	 0.4241856359281916 
20.16  	 0.5124691523927184 
20.17  	 0.5956322820828787 
20.18  	 0.6728440849099797 
20.19  	 0.7433330841538641 
20.2  	 0.8063949748253476 
20.21  	 0.8613996608738478 
20.22  	 0.9077975509262068 
20.23  	 0.9451250496518032 
20.24  	 0.9730091898851766 
20.25  	 0.9911713592238064 
20.26  	 0.999430083865389 
20.27  	 0.9977028418691148 
20.28  	 0.9860068877232356 
20.29  	 0.9644590799796361 
20.3  	 0.9332747136772395 
20.31  	 0.8927653692201329 
20.32  	 0.8433357992030734 
20.33  	 0.785479884290112 
20.34  	 0.719775698553493 
20.35  	 0.646879733577835 
20.36  	 0.5675203390404844 
20.37  	 0.4824904453070792 
20.38  	 0.3926396407557876 
20.39  	 0.298865682990219 
20.4  	 0.2021055287590015 
20.41  	 0.1033259722068904 
20.42  	 0.00351398499725275 
20.43  	 -0.09633314517527147 
20.44  	 -0.1952177791504574 
20.45  	 -0.2921518943827668 
20.46  	 -0.3861669569390555 
20.47  	 -0.4763235987755344 
20.48  	 -0.5617210036023419 
20.49  	 -0.6415059075541092 
20.5  	 -0.7148811247357654 
20.51  	 -0.7811135124584092 
20.52  	 -0.8395412965787034 
20.53  	 -0.8895806837501683 
20.54  	 -0.9307316945175577 
20.55  	 -0.9625831589727537 
20.56  	 -0.9848168250560646 
20.57  	 -0.9972105384545547 
20.58  	 -0.9996404623241419 
20.59  	 -0.9920823146566673 
20.6  	 -0.9746116109281949 
20.61  	 -0.9474029096037746 
20.62  	 -0.9107280680370348 
20.63  	 -0.8649535261908601 
20.64  	 -0.8105366453187707 
20.65  	 -0.748021138189902 
20.66  	 -0.6780316365164945 
20.67  	 -0.6012674498642542 
20.68  	 -0.5184955784047534 
20.69  	 -0.4305430493230476 
20.7  	 -0.3382886534532296 
20.71  	 -0.2426541647060925 
20.72  	 -0.1445951300216893 
20.73  	 -0.04509132186981228 
20.74  	 0.05486305130511727 
20.75  	 0.1542692788819817 
20.76  	 0.2521341268479925 
20.77  	 0.3474797618655066 
20.78  	 0.4393535214639943 
20.79  	 0.5268374327348566 
20.8  	 0.6090573844230631 
20.81  	 0.6851918607693485 
20.82  	 0.7544801498385929 
20.83  	 0.8162299443183043 
20.84  	 0.8698242588427817 
20.85  	 0.9147275947272326 
20.86  	 0.9504912905153111 
20.87  	 0.9767580048792177 
20.88  	 0.9932652870803103 
20.89  	 0.9998481993152571 
20.9  	 0.9964409647456411 
20.91  	 0.9830776247444328 
20.92  	 0.9598916987918629 
20.93  	 0.9271148504188439 
20.94  	 0.8850745725269298 
20.95  	 0.8341909152122654 
20.96  	 0.7749722887876626 
20.97  	 0.7080103839375536 
20.98  	 0.633974259761336 
20.99  	 0.5536036587759644 
21  	 0.467701615671106 
21.01  	 0.3771264336678535 
21.02  	 0.2827831086509988 
21.03  	 0.1856142867607174 
21.04  	 0.0865908457939151 
21.05  	 -0.01329780547901128 
21.06  	 -0.1130536131543057 
21.07  	 -0.2116798504174393 
21.08  	 -0.3081910765078487 
21.09  	 -0.4016229829195749 
21.1  	 -0.491042028457986 
21.11  	 -0.5755547668816902 
21.12  	 -0.6543167739312685 
21.13  	 -0.7265410845484763 
21.14  	 -0.7915060559843727 
21.15  	 -0.8485625782298082 
21.16  	 -0.8971405597247825 
21.17  	 -0.9367546235429344 
21.18  	 -0.9670089571364223 
21.19  	 -0.9876012671844937 
21.2  	 -0.9983258000294737 
21.21  	 -0.9990753975210332 
21.22  	 -0.9898425677271209 
21.23  	 -0.9707195598131249 
21.24  	 -0.9418974423409447 
21.25  	 -0.9036641941970206 
21.26  	 -0.8564018272238384 
21.27  	 -0.8005825693047729 
21.28  	 -0.7367641460387901 
21.29  	 -0.6655842081496116 
21.3  	 -0.5877539603076458 
21.31  	 -0.5040510550243532 
21.32  	 -0.4153118226196529 
21.33  	 -0.3224229148986671 
21.34  	 -0.2263124460310163 
21.35  	 -0.1279407191497274 
21.36  	 -0.02829063132695017 
21.37  	 0.07164214720368121 
21.38  	 0.1708591214517517 
21.39  	 0.26836894830132 
21.4  	 0.3631973416843846 
21.41  	 0.4543968073285263 
21.42  	 0.5410561098117292 
21.43  	 0.6223093773321714 
21.44  	 0.6973447532221424 
21.45  	 0.7654125077618932 
21.46  	 0.8258325292433123 
21.47  	 0.8780011194347662 
21.48  	 0.9213970255492927 
21.49  	 0.9555866484459326 
21.5  	 0.9802283750260817 
21.51  	 0.9950759915364129 
21.52  	 0.9999811436735746 
21.53  	 0.9948948189101829 
21.54  	 0.9798678362307636 
21.55  	 0.95505033838426 
21.56  	 0.9206902917262448 
21.57  	 0.8771310086395373 
21.58  	 0.8248077172883801 
21.59  	 0.7642432129798608 
21.6  	 0.6960426345823811 
21.61  	 0.620887418193614 
21.62  	 0.5395284884705094 
21.63  	 0.4527787556514556 
21.64  	 0.3615049932372101 
21.65  	 0.2666191774869915 
21.66  	 0.169069375261505 
21.67  	 0.06983027125891017 
21.68  	 -0.03010657070701984 
21.69  	 -0.1297426150816959 
21.7  	 -0.2280823316051558 
21.71  	 -0.3241431423215522 
21.72  	 -0.4169652391750506 
21.73  	 -0.5056211740985459 
21.74  	 -0.5892251257730827 
21.75  	 -0.6669417504686679 
21.76  	 -0.7379945285311466 
21.77  	 -0.8016735231193434 
21.78  	 -0.8573424736706551 
21.79  	 -0.9044451532181824 
21.8  	 -0.9425109260402056 
21.81  	 -0.9711594501106653 
21.82  	 -0.9901044773659744 
21.83  	 -0.9991567138164507 
21.84  	 -0.9982257109251865 
21.85  	 -0.9873207693561065 
21.86  	 -0.9665508460610583 
21.87  	 -0.9361234656341665 
21.88  	 -0.8963426468107215 
21.89  	 -0.8476058648279693 
21.9  	 -0.7904000799991512 
21.91  	 -0.7252968721813875 
21.92  	 -0.6529467297521553 
21.93  	 -0.5740725501573553 
21.94  	 -0.4894624169703961 
21.95  	 -0.399961725632189 
21.96  	 -0.3064647365485149 
21.97  	 -0.209905639943666 
21.98  	 -0.1112492217467142 
21.99  	 -0.01148122377481779 
22  	 0.08840150546977449 
22.01  	 0.187400970978557 
22.02  	 0.2845280028720519 
22.03  	 0.3788121398596599 
22.04  	 0.4693113257700637 
22.05  	 0.5551213222693662 
22.06  	 0.6353847437164681 
22.07  	 0.7092996238838063 
22.08  	 0.7761274289464837 
22.09  	 0.8352004366770063 
22.1  	 0.8859284081151566 
22.11  	 0.9278044850514185 
22.12  	 0.9604102543984292 
22.13  	 0.9834199288486345 
22.14  	 0.996603602046456 
22.15  	 0.9998295457499364 
22.16  	 0.9930655260295749 
22.17  	 0.9763791253529329 
22.18  	 0.9499370673368771 
22.19  	 0.9140035509140414 
22.2  	 0.8689376105579433 
22.21  	 0.8151895289422946 
22.22  	 0.753296337878042 
22.23  	 0.6838764524807984 
22.24  	 0.6076234921828514 
22.25  	 0.525299350327334 
22.26  	 0.4377265815910277 
22.27  	 0.3457801832986292 
22.28  	 0.2503788527455797 
22.29  	 0.1524758078848736 
22.3  	 0.05304926309280791 
22.31  	 -0.04690734482167808 
22.32  	 -0.1463952827071729 
22.33  	 -0.2444205000801343 
22.34  	 -0.3400035613488754 
22.35  	 -0.4321894320119017 
22.36  	 -0.5200570210495834 
22.37  	 -0.602728384165143 
22.38  	 -0.6793774959188369 
22.39  	 -0.7492385031075275 
22.4  	 -0.8116133769236421 
22.41  	 -0.865878887436563 
22.42  	 -0.911492830709132 
22.43  	 -0.9479994463296936 
22.44  	 -0.975033971230002 
22.45  	 -0.9923262842880564 
22.46  	 -0.9997036053003976 
22.47  	 -0.9970922213564108 
22.48  	 -0.9845182233651733 
22.49  	 -0.9621072453755936 
22.5  	 -0.9300832092943671 
22.51  	 -0.8887660875438752 
22.52  	 -0.8385687060150183 
22.53  	 -0.7799926192581615 
22.54  	 -0.7136230991265599 
22.55  	 -0.640123286943075 
22.56  	 -0.5602275676207424 
22.57  	 -0.4747342319396691 
22.58  	 -0.3844975002970672 
22.59  	 -0.2904189876261358 
22.6  	 -0.1934386947631916 
22.61  	 -0.09452561627477819 
22.62  	 0.005331941412204673 
22.63  	 0.105136234838985 
22.64  	 0.2038900526366546 
22.65  	 0.3006066793318602 
22.66  	 0.3943197542826098 
22.67  	 0.4840929272363858 
22.68  	 0.569029214034912 
22.69  	 0.6482799589875584 
22.7  	 0.7210533143632064 
22.71  	 0.7866221522768352 
22.72  	 0.8443313299174994 
22.73  	 0.8936042355262744 
22.74  	 0.9339485497181611 
22.75  	 0.9649611645833819 
22.76  	 0.9863322114175164 
22.77  	 0.9978481568365798 
22.78  	 0.999393936341936 
22.79  	 0.9909541040167124 
22.8  	 0.9726129868664369 
22.81  	 0.9445538422616381 
22.82  	 0.9070570269007732 
22.83  	 0.8604971955886118 
22.84  	 0.8053395578188637 
22.85  	 0.7421352295637694 
22.86  	 0.6715157267142128 
22.87  	 0.5941866551897795 
22.88  	 0.5109206607652594 
22.89  	 0.4225497090560099 
22.9  	 0.329956772798876 
22.91  	 0.2340670094855698 
22.92  	 0.1358385174990232 
22.93  	 0.03625276311488351 
22.94  	 -0.06369522598282389 
22.95  	 -0.1630068026876361 
22.96  	 -0.2606896786217985 
22.97  	 -0.3557678387538403 
22.98  	 -0.4472912934196154 
22.99  	 -0.5343455703067271 
23  	 -0.6160608515627172 
23.01  	 -0.6916206647314411 
23.02  	 -0.7602700406802267 
23.03  	 -0.8213230570075472 
23.04  	 -0.8741696915586072 
23.05  	 -0.9182819175719503 
23.06  	 -0.953218979555231 
23.07  	 -0.9786317971761659 
23.08  	 -0.9942664531657467 
23.09  	 -0.9999667303839476 
23.1  	 -0.9956756726982799 
23.11  	 -0.9814361540792507 
23.12  	 -0.9573904502264894 
23.13  	 -0.9237788170056531 
23.14  	 -0.8809370898996307 
23.15  	 -0.8292933284598056 
23.16  	 -0.7693635392844624 
23.17  	 -0.701746520258913 
23.18  	 -0.627117877572355 
23.19  	 -0.5462232752906181 
23.2  	 -0.4598709849334768 
23.21  	 -0.368923809498219 
23.22  	 -0.2742904626222176 
23.23  	 -0.176916489020425 
23.24  	 -0.07777481691880367 
23.25  	 0.02214396312050971 
23.26  	 0.1218414958510748 
23.27  	 0.2203216365764079 
23.28  	 0.3166004042988061 
23.29  	 0.4097158133324168 
23.3  	 0.4987374851480813 
23.31  	 0.5827759444098473 
23.32  	 0.660991506321707 
23.33  	 0.7326026664840201 
23.34  	 0.7968939094313521 
23.35  	 0.853222857831477 
23.36  	 0.9010266909126706 
23.37  	 0.9398277679887521 
23.38  	 0.9692384008932144 
23.39  	 0.9889647276380206 
23.4  	 0.9988096485923101 
23.41  	 0.9986747958440262 
23.42  	 0.9885615160668851 
23.43  	 0.9685708570722679 
23.44  	 0.9389025581802768 
23.45  	 0.899853054497797 
23.46  	 0.8518125150440465 
23.47  	 0.7952609443177258 
23.48  	 0.730763386257223 
23.49  	 0.6589642785148664 
23.5  	 0.5805810134547408 
23.51  	 0.4963967702106 
23.52  	 0.4072526894240796 
23.53  	 0.3140394688494253 
23.54  	 0.2176884638001194 
23.55  	 0.1191623813571652 
23.56  	 0.01944566132104754 
23.57  	 -0.08046535998383424 
23.58  	 -0.179572404771137 
23.59  	 -0.2768852282537029 
23.6  	 -0.3714315128425526 
23.61  	 -0.4622665832236331 
23.62  	 -0.548482845242916 
23.63  	 -0.6292188542892675 
23.64  	 -0.7036679225673249 
23.65  	 -0.7710861792583854 
23.66  	 -0.8308000030358207 
23.67  	 -0.8822127526712048 
23.68  	 -0.9248107284808934 
23.69  	 -0.9581683050488826 
23.7  	 -0.9819521839407767 
23.71  	 -0.9959247239174448 
23.72  	 -0.9999463153737849 
23.73  	 -0.9939767752779913 
23.74  	 -0.97807574867341 
23.75  	 -0.9524021127313439 
23.76  	 -0.9172123893090964 
23.77  	 -0.8728581818746722 
23.78  	 -0.8197826624070169 
23.79  	 -0.758516143374102 
23.8  	 -0.6896707790313343 
23.81  	 -0.6139344489840413 
23.82  	 -0.5320638851264635 
23.83  	 -0.4448771106312809 
23.84  	 -0.3532452665364975 
23.85  	 -0.2580839075954505 
23.86  	 -0.1603438543593778 
23.87  	 -0.0610016928950916 
23.88  	 0.03894998293823506 
23.89  	 0.1385124891578828 
23.9  	 0.2366910301768084 
23.91  	 0.33250463847243 
23.92  	 0.4249959760905303 
23.93  	 0.5132409000503827 
23.94  	 0.5963576960778741 
23.95  	 0.6735158884051201 
23.96  	 0.7439445376125448 
23.97  	 0.8069399436037823 
23.98  	 0.8618726767482217 
23.99  	 0.9081938669375637 
24  	 0.9454406877189799 
24.01  	 0.9732409807087276 
24.02  	 0.9913169740804696 
24.03  	 0.9994880579747794 
24.04  	 0.9976725890983352 
24.05  	 0.9858887064821179 
24.06  	 0.9642541502476087 
24.07  	 0.9329850851918344 
24.08  	 0.8923939409454256 
24.09  	 0.8428862902843635 
24.1  	 0.7849567967858131 
24.11  	 0.7191842723180626 
24.12  	 0.6462258937482118 
24.13  	 0.5668106366525306 
24.14  	 0.4817319916371589 
24.15  	 0.3918400360461028 
24.16  	 0.2980329402724315 
24.17  	 0.2012479935391379 
24.18  	 0.1024522388176413 
24.19  	 0.002632810455551411 
24.2  	 -0.09721292894201865 
24.21  	 -0.1960873538291946 
24.22  	 -0.2930025436636082 
24.23  	 -0.3869901538824188 
24.24  	 -0.4771110912814483 
24.25  	 -0.5624648971254214 
24.26  	 -0.6421987442357873 
24.27  	 -0.7155159581597489 
24.28  	 -0.7816839772809231 
24.29  	 -0.8400416723354307 
24.3  	 -0.8900059522005168 
24.31  	 -0.931077589951638 
24.32  	 -0.9628462109768486 
24.33  	 -0.9849943933083978 
24.34  	 -0.997300839202287 
24.35  	 -0.9996425862767081 
24.36  	 -0.9919962361160277 
24.37  	 -0.9744381880646305 
24.38  	 -0.9471438758745762 
24.39  	 -0.9103860148340538 
24.4  	 -0.864531876890972 
24.41  	 -0.8100396209974239 
24.42  	 -0.7474537153409914 
24.43  	 -0.6773994972028163 
24.44  	 -0.6005769247977927 
24.45  	 -0.5177535835270377 
24.46  	 -0.4297570165214384 
24.47  	 -0.337466456107212 
24.48  	 -0.2418040388093385 
24.49  	 -0.143725591670657 
24.5  	 -0.0442110819455549 
24.51  	 0.05574517440779674 
24.52  	 0.1551444476025653 
24.53  	 0.2529935730011694 
24.54  	 0.3483148744875886 
24.55  	 0.4401559330847984 
24.56  	 0.5275991032108137 
24.57  	 0.6097706814914203 
24.58  	 0.6858496365172344 
24.59  	 0.7550758123198381 
24.6  	 0.8167575236015256 
24.61  	 0.8702784668286921 
24.62  	 0.9151038781359889 
24.63  	 0.9507858765132295 
24.64  	 0.9769679388879248 
24.65  	 0.9933884623894293 
24.66  	 0.9998833782021791 
24.67  	 0.9963877908908979 
24.68  	 0.982936626818238 
24.69  	 0.9596642851760677 
24.7  	 0.9268032951171093 
24.71  	 0.8846819924043837 
24.72  	 0.8337212387926676 
24.73  	 0.7744302169204833 
24.74  	 0.7074013427291879 
24.75  	 0.6333043462419689 
24.76  	 0.5528795798457903 
24.77  	 0.4669306209382187 
24.78  	 0.3763162428498992 
24.79  	 0.2819418342679617 
24.8  	 0.184750352893078 
24.81  	 0.08571290371979372 
24.82  	 -0.01418096392246963 
24.83  	 -0.1139331436184876 
24.84  	 -0.2125469446157 
24.85  	 -0.3090370504288895 
24.86  	 -0.4024393637968525 
24.87  	 -0.4918206396241502 
24.88  	 -0.5762878096583909 
24.89  	 -0.6549969057345052 
24.9  	 -0.7271614924269181 
24.91  	 -0.7920605248543824 
24.92  	 -0.8490455531243232 
24.93  	 -0.8975472014319816 
24.94  	 -0.9370808570780709 
24.95  	 -0.9672515125614209 
24.96  	 -0.9877577123663845 
24.97  	 -0.9983945650098235 
24.98  	 -0.9990557902523758 
24.99  	 -0.9897347810187546 
25  	 -0.9705246694168715 
25.01  	 -0.9416173961959143 
25.02  	 -0.9033017929412641 
25.03  	 -0.8559606961679243 
25.04  	 -0.8000671221479785 
25.05  	 -0.7361795406912152 
25.06  	 -0.6649362951025219 
25.07  	 -0.5870492240692534 
25.08  	 -0.5032965492067519 
25.09  	 -0.4145150993278095 
25.1  	 -0.3215919491275957 
25.11  	 -0.2254555558284359 
25.12  	 -0.127066482343608 
25.13  	 -0.02740779965158619 
25.14  	 0.07252473572361615 
25.15  	 0.1717326309815152 
25.16  	 0.2692246336550451 
25.17  	 0.3640266358777328 
25.18  	 0.455191407347479 
25.19  	 0.5418080597395606 
25.2  	 0.6230111480024642 
25.21  	 0.69798931760002 
25.22  	 0.7659934112991033 
25.23  	 0.8263439545030127 
25.24  	 0.8784379443387336 
25.25  	 0.9217548746646169 
25.26  	 0.9558619367980871 
25.27  	 0.9804183439992753 
25.28  	 0.9951787365022654 
25.29  	 0.9999956330713984 
25.3  	 0.9948209045879121 
25.31  	 0.9797062549430182 
25.32  	 0.9548027044326289 
25.33  	 0.9203590808152855 
25.34  	 0.8767195331103805 
25.35  	 0.8243200929775967 
25.36  	 0.7636843180354138 
25.37  	 0.695418060648977 
25.38  	 0.6202034144560463 
25.39  	 0.5387918991148588 
25.4  	 0.4519969513704551 
25.41  	 0.3606857974653515 
25.42  	 0.2657707881030562 
25.43  	 0.1682002825431613 
25.44  	 0.06894917290996992 
25.45  	 -0.03099085660632534 
25.46  	 -0.1306212383296851 
25.47  	 -0.2289464984558521 
25.48  	 -0.3249842034977507 
25.49  	 -0.4177747764359429 
25.5  	 -0.5063910844956143 
25.51  	 -0.5899477027516136 
25.52  	 -0.667609761002204 
25.53  	 -0.7386012855176836 
25.54  	 -0.8022129523144175 
25.55  	 -0.857809174487514 
25.56  	 -0.9048344527865868 
25.57  	 -0.9428189259827051 
25.58  	 -0.9713830655686009 
25.59  	 -0.990241467884128 
25.6  	 -0.9992057057777056 
25.61  	 -0.9981862113104617 
25.62  	 -0.9871931706919218 
25.63  	 -0.966336422505205 
25.64  	 -0.9358243602387253 
25.65  	 -0.8959618500896861 
25.66  	 -0.8471471848443155 
25.67  	 -0.7898681042702645 
25.68  	 -0.7246969217843606 
25.69  	 -0.652284806088096 
25.7  	 -0.5733552749074653 
25.71  	 -0.4886969658445198 
25.72  	 -0.3991557565731593 
25.73  	 -0.3056263131101271 
25.74  	 -0.2090431506095441 
25.75  	 -0.1103712959973355 
25.76  	 -0.01059664574187221 
25.77  	 0.08928388489661011 
25.78  	 0.1882723227137877 
25.79  	 0.2853796079789805 
25.8  	 0.379635476793526 
25.81  	 0.470098155646804 
25.82  	 0.5558637713065041 
25.83  	 0.6360753820220149 
25.84  	 0.7099315398036979 
25.85  	 0.7766942982277326 
25.86  	 0.8356965857538228 
25.87  	 0.8863488708851086 
25.88  	 0.9281450525736674 
25.89  	 0.9606675170164234 
25.9  	 0.9835913103162499 
25.91  	 0.9966873853156831 
25.92  	 0.9998248901624931 
25.93  	 0.9929724757401833 
25.94  	 0.9761986089000719 
25.95  	 0.9496708883652927 
25.96  	 0.9136543701417739 
25.97  	 0.8685089191684285 
25.98  	 0.8146856136674943 
25.99  	 0.7527222381221549 
26  	 0.6832379099135536 
26.01  	 0.6069268933061865 
26.02  	 0.5245516625907793 
26.03  	 0.4369352836943622 
26.04  	 0.3449531903793085 
26.05  	 0.2495244371993444 
26.06  	 0.1516025166116107 
26.07  	 0.05216583199588844 
26.08  	 -0.04779207822809332 
26.09  	 -0.1472724677072871 
26.1  	 -0.2452813612989455 
26.11  	 -0.3408394865412315 
26.12  	 -0.4329920582202669 
26.13  	 -0.5208183182688574 
26.14  	 -0.6034407356768919 
26.15  	 -0.6800337744922103 
26.16  	 -0.7498321423034772 
26.17  	 -0.8121384367901956 
26.18  	 -0.8663301139372536 
26.19  	 -0.9118657082903585 
26.2  	 -0.9482902431010912 
26.21  	 -0.9752397763059141 
26.22  	 -0.9924450369164181 
26.23  	 -0.9997341154878393 
26.24  	 -0.9970341817830656 
26.25  	 -0.9843722124701236 
26.26  	 -0.961874721581979 
26.27  	 -0.9297664964319999 
26.28  	 -0.8883683516151049 
26.29  	 -0.838093923536265 
26.3  	 -0.7794455374937822 
26.31  	 -0.7130091886127645 
26.32  	 -0.6394486867770148 
26.33  	 -0.5594990240613945 
26.34  	 -0.4739590309355971 
26.35  	 -0.3836833946149997 
26.36  	 -0.2895741193099304 
26.37  	 -0.1925715136985534 
26.38  	 -0.09364479567398322 
26.39  	 0.00621759175951848 
26.4  	 0.1060178566822957 
26.41  	 0.2047588278656489 
26.42  	 0.3014539181772344 
26.43  	 0.3951369822335024 
26.44  	 0.4848719698054218 
26.45  	 0.5697622785229534 
26.46  	 0.6489597124304809 
26.47  	 0.7216729568807105 
26.48  	 0.7871754850902222 
26.49  	 0.844812817355575 
26.5  	 0.8940090603993686 
26.51  	 0.9342726615067384 
26.52  	 0.9652013199586816 
26.53  	 0.9864860066893878 
26.54  	 0.9979140520037896 
26.55  	 0.9993712705044219 
26.56  	 0.9908431019956165 
26.57  	 0.9724147569657392 
26.58  	 0.9442703651936372 
26.59  	 0.9066911359863697 
26.6  	 0.8600525484301462 
26.61  	 0.8048205997290169 
26.62  	 0.7415471491162224 
26.63  	 0.6708644038603752 
26.64  	 0.593478602460944 
26.65  	 0.5101629581474816 
26.66  	 0.4217499331900013 
26.67  	 0.3291229212119477 
26.68  	 0.2332074206140684 
26.69  	 0.1349617873008261 
26.7  	 0.03536765910596486 
26.71  	 -0.06457985240822897 
26.72  	 -0.1638821047759553 
26.73  	 -0.2615469027335918 
26.74  	 -0.3565984119063694 
26.75  	 -0.4480869090231657 
26.76  	 -0.5350982712378937 
26.77  	 -0.616763109742842 
26.78  	 -0.6922654564151673 
26.79  	 -0.7608509167009269 
26.8  	 -0.8218342072771863 
26.81  	 -0.8746060031770387 
26.82  	 -0.9186390259643548 
26.83  	 -0.9534933121267201 
26.84  	 -0.9788206090463801 
26.85  	 -0.9943678546266208 
26.86  	 -0.9999797058057108 
26.87  	 -0.995600090694768 
26.88  	 -0.9812727688308043 
26.89  	 -0.9571408939472423 
26.9  	 -0.9234455836303765 
26.91  	 -0.8805235101535337 
26.92  	 -0.8288035365602273 
26.93  	 -0.7688024316076694 
26.94  	 -0.7011197063852087 
26.95  	 -0.6264316241990642 
26.96  	 -0.545484443573653 
26.97  	 -0.4590869618843948 
26.98  	 -0.368102434122195 
26.99  	 -0.2734399475360387 
27  	 -0.1760453383342327 
27.01  	 -0.07689174120204499 
27.02  	 0.02303013393756561 
27.03  	 0.1227219007701398 
27.04  	 0.2211874721350981 
27.05  	 0.3174430125997567 
27.06  	 0.4105267686174086 
27.07  	 0.4995086780511852 
27.08  	 0.5834996630479125 
27.09  	 0.6616605134101747 
27.1  	 0.73321027170808 
27.11  	 0.7974340363480309 
27.12  	 0.8536901046339815 
27.13  	 0.9014163844495164 
27.14  	 0.9401360104971255 
27.15  	 0.9694621089797709 
27.16  	 0.9891016631168071 
27.17  	 0.9988584408719251 
27.18  	 0.9986349556398477 
27.19  	 0.988433440301361 
27.2  	 0.9683558249142407 
27.21  	 0.9386027182628836 
27.22  	 0.8994714034428535 
27.23  	 0.8513528675074216 
27.24  	 0.7947278948553832 
27.25  	 0.7301622633932573 
27.26  	 0.6583010914703138 
27.27  	 0.5798623920704655 
27.28  	 0.4956298986644071 
27.29  	 0.4064452344049798 
27.3  	 0.3131995029071508 
27.31  	 0.2168243846362112 
27.32  	 0.1182828278649149 
27.33  	 0.01855942721289154 
27.34  	 -0.08134941409661503 
27.35  	 -0.1804454399686173 
27.36  	 -0.2777385156807946 
27.37  	 -0.3722565209825073 
27.38  	 -0.463055063199248 
27.39  	 -0.5492269132918945 
27.4  	 -0.629911070590079 
27.41  	 -0.704301365626314 
27.42  	 -0.7716545151155004 
27.43  	 -0.831297548596293 
27.44  	 -0.8826345325302615 
27.45  	 -0.9251525246732986 
27.46  	 -0.9584266992259688 
27.47  	 -0.9821245915530973 
27.48  	 -0.996009420061527 
27.49  	 -0.9999424520443251 
27.5  	 -0.9938843898531302 
27.51  	 -0.9778957635481798 
27.52  	 -0.9521363261029527 
27.53  	 -0.9168634572061511 
27.54  	 -0.8724295916099902 
27.55  	 -0.8192786977194207 
27.56  	 -0.7579418416076419 
27.57  	 -0.6890318807802486 
27.58  	 -0.6132373407062932 
27.59  	 -0.5313155353004362 
27.6  	 -0.4440850000930006 
27.61  	 -0.3524173136944723 
27.62  	 -0.2572283892705587 
27.63  	 -0.1594693230409046 
27.64  	 -0.06011689124083595 
27.65  	 0.03983620950403088 
27.66  	 0.1393912808737121 
27.67  	 0.23755360151743 
27.68  	 0.3333423659803796 
27.69  	 0.4258004845878761 
27.7  	 0.5140041463687635 
27.71  	 0.5970720494698942 
27.72  	 0.674174206832822 
27.73  	 0.7445402391508782 
27.74  	 0.8074670722446816 
27.75  	 0.862325961947597 
27.76  	 0.9085687763102651 
27.77  	 0.9457334723542793 
27.78  	 0.9734487126537873 
27.79  	 0.9914375756168603 
27.8  	 0.9995203223953868 
27.81  	 0.9976161927769317 
27.82  	 0.9857442121149457 
27.83  	 0.964023001234493 
27.84  	 0.9326695912130591 
27.85  	 0.8919972548784803 
27.86  	 0.8424123766913126 
27.87  	 0.784410392286383 
27.88  	 0.7185708382443216 
27.89  	 0.6455515615545719 
27.9  	 0.5660821466260996 
27.91  	 0.4809566255220468 
27.92  	 0.3910255442542322 
27.93  	 0.2971874644091532 
27.94  	 0.2003799850178645 
27.95  	 0.1015703743771376 
27.96  	 0.001745905424240823 
27.97  	 -0.09809600876722713 
27.98  	 -0.196957780809365 
27.99  	 -0.2938516165629173 
28  	 -0.3878093848499656 
28.01  	 -0.4778922907008653 
28.02  	 -0.5632002554830378 
28.03  	 -0.6428809101897663 
28.04  	 -0.716138112029457 
28.05  	 -0.7822398992219549 
28.06  	 -0.8405258045188101 
28.07  	 -0.8904134543743162 
28.08  	 -0.9314043878300567 
28.09  	 -0.9630890369724129 
28.1  	 -0.9851508192005598 
28.11  	 -0.9973693004156645 
28.12  	 -0.9996223975262774 
28.13  	 -0.9918875982628879 
28.14  	 -0.9742421861137804 
28.15  	 -0.9468624681346303 
28.16  	 -0.9100220133474366 
28.17  	 -0.8640889193299406 
28.18  	 -0.8095221343070186 
28.19  	 -0.7468668714922519 
28.2  	 -0.6767491614985709 
28.21  	 -0.5998695972476157 
28.22  	 -0.5169963338777144 
28.23  	 -0.428957413591818 
28.24  	 -0.3366324921342982 
28.25  	 -0.2409440495617971 
28.26  	 -0.142848173127605 
28.27  	 -0.0433250043745341 
28.28  	 0.05663105411560434 
28.29  	 0.1560212744632828 
28.3  	 0.2538525824504497 
28.31  	 0.3491474799894236 
28.32  	 0.440953811960877 
28.33  	 0.5283542798332947 
28.34  	 0.6104756070064841 
28.35  	 0.6864972643033105 
28.36  	 0.7556596684259467 
28.37  	 0.8172717714615875 
28.38  	 0.8707179656052307 
28.39  	 0.9154642341095643 
28.4  	 0.9510634870044902 
28.41  	 0.977160028272629 
28.42  	 0.9934931098469877 
28.43  	 0.9998995369199813 
28.44  	 0.996315298532591 
28.45  	 0.9827762071512849 
28.46  	 0.9594175408422727 
28.47  	 0.9264726916184431 
28.48  	 0.8842708334640091 
28.49  	 0.8332336333375672 
28.5  	 0.7738710380157646 
28.51  	 0.7067761788740943 
28.52  	 0.6326194455150181 
28.53  	 0.5521417874568435 
28.54  	 0.4661473108118458 
28.55  	 0.375495243923842 
28.56  	 0.2810913522433015 
28.57  	 0.1838788882185514 
28.58  	 0.0848291666292037 
28.59  	 -0.01506814046944517 
28.6  	 -0.114814892222734 
28.61  	 -0.2134144520696131 
28.62  	 -0.3098816458058399 
28.63  	 -0.4032526051191367 
28.64  	 -0.4925943982424356 
28.65  	 -0.5770143515002417 
28.66  	 -0.6556689686087248 
28.67  	 -0.7277723586121835 
28.68  	 -0.7926040882458686 
28.69  	 -0.849516380267469 
28.7  	 -0.8979405858332904 
28.71  	 -0.9373928662501707 
28.72  	 -0.9674790273319629 
28.73  	 -0.9878984580581618 
28.74  	 -0.9984471341801864 
28.75  	 -0.9990196567647923 
28.76  	 -0.9896103053058476 
28.77  	 -0.9703130948822586 
28.78  	 -0.9413208367908471 
28.79  	 -0.9029232120402049 
28.8  	 -0.8555038769541822 
28.81  	 -0.7995366298053505 
28.82  	 -0.7355806767797101 
28.83  	 -0.6642750445736519 
28.84  	 -0.586332195451133 
28.85  	 -0.5025309085563208 
28.86  	 -0.41370849861048 
28.87  	 -0.3207524497402669 
28.88  	 -0.2245915480298184 
28.89  	 -0.1261866013978363 
28.9  	 -0.02652083952223559 
28.91  	 0.07340991026523853 
28.92  	 0.1726071729566427 
28.93  	 0.2700798022998874 
28.94  	 0.36485388400466 
28.95  	 0.4559824667717272 
28.96  	 0.5425550239177986 
28.97  	 0.6237065510568756 
28.98  	 0.6986262089386979 
28.99  	 0.7665654250863804 
29  	 0.8268453732855565 
29.01  	 0.8788637561918869 
29.02  	 0.9221008232871173 
29.03  	 0.9561245640550268 
29.04  	 0.9805950244878764 
29.05  	 0.9952677037950244 
29.06  	 0.9999959973743026 
29.07  	 0.9947326616372296 
29.08  	 0.9795302860517263 
29.09  	 0.9545407676860077 
29.1  	 0.9200137935036554 
29.11  	 0.8762943455745309 
29.12  	 0.8238192541283746 
29.13  	 0.7631128328918478 
29.14  	 0.6947816403197054 
29.15  	 0.6195084190633202 
29.16  	 0.538045274232408 
29.17  	 0.4512061586095585 
29.18  	 0.3598587399034743 
29.19  	 0.2649157313000917 
29.2  	 0.1673257719347259 
29.21  	 0.06806394840317308 
29.22  	 -0.03187794798064032 
29.23  	 -0.1315013308359567 
29.24  	 -0.2298107962597455 
29.25  	 -0.3258240685736047 
29.26  	 -0.4185818148978089 
29.27  	 -0.5071572304879998 
29.28  	 -0.5906652990623353 
29.29  	 -0.6682716355913541 
29.3  	 -0.7392008231979138 
29.31  	 -0.8027441608661881 
29.32  	 -0.8582667445483263 
29.33  	 -0.9052138109161599 
29.34  	 -0.9431162803730704 
29.35  	 -0.9715954439427783 
29.36  	 -0.9903667472044128 
29.37  	 -0.999242633466655 
29.38  	 -0.9981344177725455 
29.39  	 -0.9870531730106035 
29.4  	 -0.9661096192785504 
29.41  	 -0.9355130176050964 
29.42  	 -0.8955690790832658 
29.43  	 -0.84667691030661 
29.44  	 -0.7893250256282933 
29.45  	 -0.7240864660877089 
29.46  	 -0.6516130737739056 
29.47  	 -0.5726289788355096 
29.48  	 -0.4879233642116068 
29.49  	 -0.3983425803772535 
29.5  	 -0.3047816888894123 
29.51  	 -0.2081755192277804 
29.52  	 -0.1094893282881956 
29.53  	 -0.009709155854515544 
29.54  	 0.09016802758440298 
29.55  	 0.1891442822346449 
29.56  	 0.2862306700813418 
29.57  	 0.3804571360305818 
29.58  	 0.4708822003794297 
29.59  	 0.5566023657695964 
29.6  	 0.636761144634885 
29.61  	 0.7105576169416109 
29.62  	 0.777254432717144 
29.63  	 0.8361851794073768 
29.64  	 0.8867610404506326 
29.65  	 0.9284766785386085 
29.66  	 0.960915284779758 
29.67  	 0.9837527433163465 
29.68  	 0.9967608697832147 
29.69  	 0.9998096912508494 
29.7  	 0.9928687448722046 
29.71  	 0.9760073822577271 
29.72  	 0.9493940765373401 
29.73  	 0.9132947390328608 
29.74  	 0.8680700623603792 
29.75  	 0.8141719165091539 
29.76  	 0.7521388339062333 
29.77  	 0.6825906285789729 
29.78  	 0.6062222031781503 
29.79  	 0.5237966057409523 
29.8  	 0.4361374055671088 
29.81  	 0.3441204643872183 
29.82  	 0.2486651850419179 
29.83  	 0.1507253251126054 
29.84  	 0.05127946729147563 
29.85  	 -0.04867875829359489 
29.86  	 -0.1481506021023626 
29.87  	 -0.2461421743575985 
29.88  	 -0.3416743756633496 
29.89  	 -0.4337926798420779 
29.9  	 -0.5215766712451693 
29.91  	 -0.6041492412415402 
29.92  	 -0.6806853519974503 
29.93  	 -0.7504202799818429 
29.94  	 -0.8126572568313816 
29.95  	 -0.8667744312295168 
29.96  	 -0.9122310822397521 
29.97  	 -0.9485730220104674 
29.98  	 -0.975437133870226 
29.99  	 -0.992555000469608 
30  	 -0.9997555857189753 
30.01  	 -0.9969669437247914 
30.02  	 -0.9842169376494593 
30.03  	 -0.961632961312071 
30.04  	 -0.9294406663118097 
30.05  	 -0.8879617073919291 
30.06  	 -0.8376105285722653 
30.07  	 -0.7788902221618155 
30.08  	 -0.7123875020268158 
30.09  	 -0.6387668413402143 
30.1  	 -0.5587638333852987 
30.11  	 -0.4731778417512552 
30.12  	 -0.3828640133565009 
30.13  	 -0.2887247341033533 
30.14  	 -0.1917006125368974 
30.15  	 -0.09276108159503088 
30.16  	 0.007105287644513934 
30.17  	 0.1069006634397394 
30.18  	 0.2056279233891435 
30.19  	 0.3023006173493442 
30.2  	 0.3959528237184403 
30.21  	 0.4856488006058238 
30.22  	 0.5704923354554564 
30.23  	 0.6496356997059546 
30.24  	 0.722288119013901 
30.25  	 0.7877236744099625 
30.26  	 0.8452885554415035 
30.27  	 0.8944075928304112 
30.28  	 0.9345900053748272 
30.29  	 0.965434303672649 
30.3  	 0.9866323016713016 
30.31  	 0.9979721959609753 
30.32  	 0.999340682044582 
30.33  	 0.9907240864390384 
30.34  	 0.9722085032964289 
30.35  	 0.9439789341798904 
30.36  	 0.9063174395894387 
30.37  	 0.8596003207069121 
30.38  	 0.8042943595190724 
30.39  	 0.7409521548867071 
30.4  	 0.6702066011594365 
30.41  	 0.5927645645050184 
30.42  	 0.5093998201363037 
30.43  	 0.4209453210053425 
30.44  	 0.3282848752127759 
30.45  	 0.2323443152899361 
30.46  	 0.1340822475859337 
30.47  	 0.03448047419042157 
30.48  	 -0.0654658169087086 
30.49  	 -0.1647579954142862 
30.5  	 -0.2624039667038225 
30.51  	 -0.3574280845111861 
30.52  	 -0.448880899261212 
30.53  	 -0.5358486446564669 
30.54  	 -0.6174623677276798 
30.55  	 -0.692906611125034 
30.56  	 -0.7614275608982095 
30.57  	 -0.8223405783564598 
30.58  	 -0.875037040752307 
30.59  	 -0.9189904224387601 
30.6  	 -0.9537615557399224 
30.61  	 -0.9790030189692195 
30.62  	 -0.9944626077523219 
30.63  	 -0.9999858549700722 
30.64  	 -0.9955175741430233 
30.65  	 -0.9811024108367186 
30.66  	 -0.9568843965781606 
30.67  	 -0.9231055097405989 
30.68  	 -0.8801032577758358 
30.69  	 -0.8283073049514247 
30.7  	 -0.7682351792877099 
30.71  	 -0.7004871015888677 
30.72  	 -0.6257399882354829 
30.73  	 -0.5447406876596907 
30.74  	 -0.4582985180829566 
30.75  	 -0.3672771810759577 
30.76  	 -0.2725861317379466 
30.77  	 -0.1751714917224993 
30.78  	 -0.07600659590236471 
30.79  	 0.02391773287032806 
30.8  	 0.1236030837388759 
30.81  	 0.2220534336328169 
30.82  	 0.3182850992013614 
30.83  	 0.411336565452429 
30.84  	 0.5002780928922536 
30.85  	 0.5842210071755278 
30.86  	 0.6623265784453981 
30.87  	 0.7338144016451803 
30.88  	 0.7979701940679101 
30.89  	 0.8541529322328658 
30.9  	 0.9018012567806953 
30.91  	 0.9404390813904656 
30.92  	 0.9696803496770764 
30.93  	 0.9892328925391503 
30.94  	 0.9989013474163085 
30.95  	 0.9985891102873924 
30.96  	 0.9882993009061189 
30.97  	 0.9681347316296887 
30.98  	 0.9382968801518917 
30.99  	 0.8990838764046859 
31  	 0.8508875237427632 
31.01  	 0.7941893841739311 
31.02  	 0.7295559667510892 
31.03  	 0.6576330672009325 
31.04  	 0.5791393153469574 
31.05  	 0.4948589947976227 
31.06  	 0.4056342066442095 
31.07  	 0.3123564554650698 
31.08  	 0.2159577417064993 
31.09  	 0.1174012494428166 
31.1  	 0.01767172255911418 
31.11  	 -0.08223437448368423 
31.12  	 -0.1813188129924567 
31.13  	 -0.2785915740131585 
31.14  	 -0.3730807402725546 
31.15  	 -0.4638422072547863 
31.16  	 -0.5499691163812573 
31.17  	 -0.6306009160420384 
31.18  	 -0.7049319599430484 
31.19  	 -0.7722195568577458 
31.2  	 -0.8317913913521564 
31.21  	 -0.8830522413388466 
31.22  	 -0.9254899253391212 
31.23  	 -0.9586804200312906 
31.24  	 -0.9822920969516917 
31.25  	 -0.9960890360166866 
31.26  	 -0.9999333827583938 
31.27  	 -0.9937867257210407 
31.28  	 -0.977710480255692 
31.29  	 -0.9518652748785361 
31.3  	 -0.9165093463239214 
31.31  	 -0.8719959593284999 
31.32  	 -0.8187698769268746 
31.33  	 -0.7573629165264011 
31.34  	 -0.6883886361638032 
31.35  	 -0.6125362040359358 
31.36  	 -0.5305635125593517 
31.37  	 -0.4432896057598096 
31.38  	 -0.3515864956550456 
31.39  	 -0.2563704493993821 
31.4  	 -0.1585928342448651 
31.41  	 -0.05923061179459963 
