0.01  	 1.084256977714351 
0.02  	 1.156025721171419 
0.03  	 1.213713243309472 
0.04  	 1.255899711835606 
0.05  	 1.281360766007661 
0.06  	 1.289087408734299 
0.07000000000000001  	 1.278303202877953 
0.08  	 1.248478533597454 
0.09  	 1.199341734509746 
0.1  	 1.130886913952995 
0.11  	 1.043378358235939 
0.12  	 0.9373514309751431 
0.13  	 0.8136099309479461 
0.14  	 0.6732199148062104 
0.15  	 0.5175000349788946 
0.16  	 0.3480084866132026 
0.17  	 0.1665266999427466 
0.18  	 -0.02496004448406042 
0.19  	 -0.2242848612252402 
0.2  	 -0.4291241129281052 
0.21  	 -0.6370245840899734 
0.22  	 -0.84543265842902 
0.23  	 -1.051725155996915 
0.24  	 -1.25324146347666 
0.25  	 -1.44731657271591 
0.26  	 -1.631314628681034 
0.27  	 -1.802662578860908 
0.28  	 -1.958883511827791 
0.29  	 -2.097629273245616 
0.3  	 -2.216711953116235 
0.31  	 -2.314133848427292 
0.32  	 -2.388115520509894 
0.33  	 -2.437121586173089 
0.34  	 -2.459883905843811 
0.35  	 -2.455421860242516 
0.36  	 -2.423059439253906 
0.37  	 -2.362438902251717 
0.38  	 -2.273530807807412 
0.39  	 -2.15664025201904 
0.4  	 -2.012409198170554 
0.41  	 -1.841814825578724 
0.42  	 -1.646163871788663 
0.43  	 -1.427082989208456 
0.44  	 -1.186505184287991 
0.45  	 -0.9266524539028133 
0.46  	 -0.650014779160027 
0.47  	 -0.3593256808681089 
0.48  	 -0.05753458288963342 
0.49  	 0.2522237309699598 
0.5  	 0.5666622444617087 
0.51  	 0.8823770657295604 
0.52  	 1.195884629304053 
0.53  	 1.503660334147758 
0.54  	 1.802178188235198 
0.55  	 2.087951014512731 
0.5600000000000001  	 2.357570762429178 
0.5700000000000001  	 2.607748463707897 
0.58  	 2.835353370740479 
0.59  	 3.037450820957303 
0.6  	 3.211338380747469 
0.61  	 3.354579837877437 
0.62  	 3.465036631752707 
0.63  	 3.540896336081313 
0.64  	 3.580697838277782 
0.65  	 3.583352893984803 
0.66  	 3.548163773030861 
0.67  	 3.474836754583645 
0.68  	 3.363491273757661 
0.6900000000000001  	 3.214664569010285 
0.7000000000000001  	 3.029311728801853 
0.71  	 2.80880108666511 
0.72  	 2.554904965469982 
0.73  	 2.269785823710039 
0.74  	 1.955977908498252 
0.75  	 1.616364571061838 
0.76  	 1.254151450294194 
0.77  	 0.8728357777931235 
0.78  	 0.4761721032434968 
0.79  	 0.06813478146804497 
0.8  	 -0.3471223985190702 
0.8100000000000001  	 -0.7653090270205603 
0.8200000000000001  	 -1.182042883515419 
0.8300000000000001  	 -1.592896270577969 
0.84  	 -1.993443378498843 
0.85  	 -2.379308171464597 
0.86  	 -2.746212275857125 
0.87  	 -3.090022346578821 
0.88  	 -3.406796388383323 
0.89  	 -3.692828516021221 
0.9  	 -3.944691649558637 
0.91  	 -4.159277659394313 
0.92  	 -4.333834499126111 
0.93  	 -4.465999893277864 
0.9400000000000001  	 -4.553831180711234 
0.9500000000000001  	 -4.595830952977591 
0.96  	 -4.590968169522599 
0.97  	 -4.538694478103305 
0.98  	 -4.438955518532593 
0.99  	 -4.292197040408247 
1  	 -4.099365720259991 
1.01  	 -3.861904619976258 
1.02  	 -3.581743285850744 
1.03  	 -3.26128254549947 
1.04  	 -2.903374117616647 
1.05  	 -2.511295206435008 
1.06  	 -2.088718308211711 
1.07  	 -1.639676510464965 
1.08  	 -1.168524615448133 
1.09  	 -0.6798964669019218 
1.1  	 -0.1786589029370594 
1.11  	 0.3301372025268765 
1.12  	 0.8413083124598824 
1.13  	 1.349591486467499 
1.14  	 1.8496989761623 
1.15  	 2.336373586153451 
1.16  	 2.804444218044276 
1.17  	 3.248881008380861 
1.18  	 3.664849471311121 
1.19  	 4.047763062834394 
1.2  	 4.393333595920029 
1.21  	 4.69761895435546 
1.22  	 4.9570675777892 
1.23  	 5.168559220835576 
1.24  	 5.329441525016441 
1.25  	 5.437561983380301 
1.26  	 5.491294923454172 
1.27  	 5.489563184287873 
1.28  	 5.431854217235925 
1.29  	 5.318230397237123 
1.3  	 5.149333391107372 
1.31  	 4.926382491136987 
1.32  	 4.651166885434507 
1.33  	 4.326031900321665 
1.34  	 3.95385931398449 
1.35  	 3.538041903845044 
1.36  	 3.082452452062199 
1.37  	 2.591407493533497 
1.38  	 2.069626148106411 
1.39  	 1.522184432793825 
1.4  	 0.9544655000339629 
1.41  	 0.3721062938857196 
1.42  	 -0.219058843003472 
1.43  	 -0.8130570432390363 
1.44  	 -1.403837671101831 
1.45  	 -1.985334339632263 
1.46  	 -2.551527549167199 
1.47  	 -3.096507297452231 
1.48  	 -3.614535007552589 
1.49  	 -4.100104122734552 
1.5  	 -4.547998727291969 
1.51  	 -4.953349568883652 
1.52  	 -5.311686881189245 
1.53  	 -5.618989435375005 
1.54  	 -5.871729284709595 
1.55  	 -6.066911708339457 
1.56  	 -6.202109907317229 
1.57  	 -6.275494058009198 
1.58  	 -6.285854384469125 
1.59  	 -6.232617971686968 
1.6  	 -6.115859105189778 
1.61  	 -5.936302988639068 
1.62  	 -5.695322759154576 
1.63  	 -5.394929789395567 
1.64  	 -5.037757335228469 
1.65  	 -4.627037657376051 
1.66  	 -4.166572814049887 
1.67  	 -3.660699388492352 
1.68  	 -3.11424747988923 
1.69  	 -2.532494347572995 
1.7  	 -1.921113156163067 
1.71  	 -1.286117322661777 
1.72  	 -0.6338010149650625 
1.73  	 0.02932360577420723 
1.74  	 0.6965917694497786 
1.75  	 1.361253447800421 
1.76  	 2.016541987541157 
1.77  	 2.655743324658896 
1.78  	 3.272265068891645 
1.79  	 3.859704744928572 
1.8  	 4.411916481777181 
1.81  	 4.923075454027671 
1.82  	 5.387739398310048 
1.83  	 5.8009065549173 
1.84  	 6.158069418114064 
1.85  	 6.455263718747743 
1.86  	 6.689112109042145 
1.87  	 6.85686207143022 
1.88  	 6.956417630459268 
1.89  	 6.986364508609578 
1.9  	 6.945988432685786 
1.91  	 6.835286366605189 
1.92  	 6.654970518216922 
1.93  	 6.406465041508282 
1.94  	 6.091895430434454 
1.95  	 5.71407067587545 
1.96  	 5.276458332101763 
1.97  	 4.783152712841788 
1.98  	 4.238836508821869 
1.99  	 3.648736187743368 
2  	 3.018571603344653 
2.01  	 2.354500301776024 
2.02  	 1.663057070338589 
2.03  	 0.951089325097132 
2.04  	 0.2256889794180025 
2.05  	 -0.5058785253887281 
2.06  	 -1.236247313858693 
2.07  	 -1.958025556049887 
2.08  	 -2.663870576975033 
2.09  	 -3.346563829776049 
2.1  	 -3.99908496458321 
2.11  	 -4.614684230848919 
2.12  	 -5.186952464655974 
2.13  	 -5.70988793396307 
2.14  	 -6.177959343775882 
2.15  	 -6.586164339551515 
2.16  	 -6.930082890412258 
2.17  	 -7.205924983543391 
2.18  	 -7.410572116992266 
2.19  	 -7.541612139421094 
2.2  	 -7.597367051584084 
2.21  	 -7.576913454738709 
2.22  	 -7.480095405152851 
2.23  	 -7.307529510587659 
2.24  	 -7.060602183342231 
2.25  	 -6.741459044339551 
2.26  	 -6.35298655299723 
2.27  	 -5.898786017438706 
2.28  	 -5.383140218139326 
2.29  	 -4.810972954556418 
2.3  	 -4.187801897870579 
2.31  	 -3.519685202901508 
2.32  	 -2.813162397825104 
2.33  	 -2.07519013082083 
2.34  	 -1.313073407581002 
2.35  	 -0.5343930021342093 
2.36  	 0.253070234846049 
2.37  	 1.041413411611023 
2.38  	 1.822691189314982 
2.39  	 2.588996130032986 
2.4  	 3.332538983704829 
2.41  	 4.045728096440984 
2.42  	 4.72124712852282 
2.43  	 5.35213028464123 
2.44  	 5.931834281328191 
2.45  	 6.45430630694317 
2.46  	 6.914047267696543 
2.47  	 7.306169658661448 
2.48  	 7.626449451103105 
2.49  	 7.871371446228117 
2.5  	 8.038167610045726 
2.51  	 8.124847973797481 
2.52  	 8.130223758654925 
2.53  	 8.053922461362843 
2.54  	 7.896394718433483 
2.55  	 7.658912849557796 
2.56  	 7.3435610652515 
2.57  	 6.953217408539367 
2.58  	 6.491527584835977 
2.59  	 5.962870917242867 
2.6  	 5.372318745398364 
2.61  	 4.725585663954869 
2.62  	 4.02897407091428 
2.63  	 3.289312565657217 
2.64  	 2.513888800831559 
2.65  	 1.710377450648066 
2.66  	 0.8867640099520649 
2.67  	 0.05126518315169692 
2.68  	 -0.7877533407920725 
2.69  	 -1.621860901972149 
2.7  	 -2.44264682556993 
2.71  	 -3.24180546186805 
2.72  	 -4.011220448207073 
2.73  	 -4.743047336026403 
2.74  	 -5.429793740035946 
2.75  	 -6.064396189086949 
2.76  	 -6.640292889243583 
2.77  	 -7.151491648610626 
2.78  	 -7.592632260272516 
2.79  	 -7.959042693791073 
2.8  	 -8.246788506563117 
2.81  	 -8.452714953355137 
2.82  	 -8.574481344845093 
2.83  	 -8.610587283289235 
2.84  	 -8.560390484721163 
2.85  	 -8.424115981565585 
2.86  	 -8.202856586359745 
2.87  	 -7.898564585544865 
2.88  	 -7.514034721124441 
2.89  	 -7.052878606484196 
2.9  	 -6.519490809929139 
2.91  	 -5.919006924626197 
2.92  	 -5.257254025775185 
2.93  	 -4.540693994123703 
2.94  	 -3.776360258587078 
2.95  	 -2.971788578972116 
2.96  	 -2.134942551925695 
2.97  	 -1.274134578589082 
2.98  	 -0.397943080456285 
2.99  	 0.4848732098967703 
3  	 1.365463024654239 
3.01  	 2.234971521346457 
3.02  	 3.084629531964504 
3.03  	 3.905842199047978 
3.04  	 4.690276100977304 
3.05  	 5.42994398159888 
3.06  	 6.117286221210892 
3.07  	 6.745248216639608 
3.08  	 7.307352877350796 
3.09  	 7.797767491891593 
3.1  	 8.211364273984239 
3.11  	 8.543773959755185 
3.12  	 8.79143189626784 
3.13  	 8.951616136053927 
3.14  	 9.022477131965253 
3.15  	 9.003058710599383 
3.16  	 8.89331008994864 
3.17  	 8.694088796904026 
3.18  	 8.407154431908143 
3.19  	 8.035153320468734 
3.2  	 7.581594183482202 
3.21  	 7.050815049439177 
3.22  	 6.447941720665944 
3.23  	 5.778838191889078 
3.24  	 5.050049501716453 
3.25  	 4.268737575263431 
3.26  	 3.442610688321573 
3.27  	 2.57984724942517 
3.28  	 1.689014655236586 
3.29  	 0.7789840262310194 
3.3  	 -0.1411583268236551 
3.31  	 -1.062201820084394 
3.32  	 -1.974903985904516 
3.33  	 -2.870083405540416 
3.34  	 -3.738712249051069 
3.35  	 -4.572007487973747 
3.36  	 -5.361519857636456 
3.37  	 -6.09921966660208 
3.38  	 -6.777578580542196 
3.39  	 -7.389646546527946 
3.4  	 -7.929123070928521 
3.41  	 -8.390422119365001 
3.42  	 -8.768729969936418 
3.43  	 -9.060055420596646 
3.44  	 -9.261271827424627 
3.45  	 -9.370150531842182 
3.46  	 -9.385385320781884 
3.47  	 -9.306607653532676 
3.48  	 -9.13439248159327 
3.49  	 -8.870254582412613 
3.5  	 -8.516635423440627 
3.51  	 -8.076880668487243 
3.52  	 -7.555208533027256 
3.53  	 -6.956669287834362 
3.54  	 -6.287096300238575 
3.55  	 -5.553049088462964 
3.56  	 -4.761748946030057 
3.57  	 -3.921007769302535 
3.58  	 -3.039150791057582 
3.59  	 -2.124933985871965 
3.6  	 -1.187456968366906 
3.61  	 -0.2360722524551649 
3.62  	 0.7197082218436671 
3.63  	 1.670308358104528 
3.64  	 2.60618401383843 
3.65  	 3.517918985243462 
3.66  	 4.396319899509707 
3.67  	 5.23250905695162 
3.68  	 6.018014284050057 
3.69  	 6.744854886802311 
3.7  	 7.405622831333604 
3.71  	 7.993558325155155 
3.72  	 8.502619027309475 
3.73  	 8.92754217838438 
3.74  	 9.263899011384122 
3.75  	 9.508140881025374 
3.76  	 9.657636631416315 
3.77  	 9.71070080945745 
3.78  	 9.666612422800078 
3.79  	 9.525624035896293 
3.8  	 9.288961094623088 
3.81  	 8.958811468188353 
3.82  	 8.538305295539132 
3.83  	 8.031485321299536 
3.84  	 7.443268002378727 
3.85  	 6.779395759836465 
3.86  	 6.046380840427299 
3.87  	 5.251441337552677 
3.88  	 4.402430001264829 
3.89  	 3.507756540672438 
3.9  	 2.576304188842053 
3.91  	 1.617341359386535 
3.92  	 0.6404292747738061 
3.93  	 -0.3446735115500449 
3.94  	 -1.328108744288432 
3.95  	 -2.300017268462702 
3.96  	 -3.250638012952176 
3.97  	 -4.170406160244823 
3.98  	 -5.050049513764294 
3.99  	 -5.880682090634292 
4  	 -6.653893994054777 
4.01  	 -7.36183665534624 
4.02  	 -7.997302580821928 
4.03  	 -8.553798792533012 
4.04  	 -9.02561321406901 
4.05  	 -9.407873322371849 
4.06  	 -9.696596463245445 
4.07  	 -9.888731311151052 
4.08  	 -9.982190042146076 
4.09  	 -9.975870881569305 
4.1  	 -9.869670784370889 
4.11  	 -9.664488104866265 
4.12  	 -9.362215213167199 
4.13  	 -8.965721116600532 
4.14  	 -8.478824245048958 
4.15  	 -7.906255658324042 
4.16  	 -7.253613030408767 
4.17  	 -6.527305858707276 
4.18  	 -5.734492435368628 
4.19  	 -4.883009201407362 
4.2  	 -3.981293181876476 
4.21  	 -3.038298270968473 
4.22  	 -2.063406198906561 
4.23  	 -1.066333067195731 
4.24  	 -0.05703238466991523 
4.25  	 0.954404426677681 
4.26  	 1.957849060239492 
4.27  	 2.94323787499814 
4.28  	 3.900672947965004 
4.29  	 4.820521612962908 
4.3  	 5.69351348362291 
4.31  	 6.510833982324639 
4.32  	 7.264213430542489 
4.33  	 7.946010799339818 
4.34  	 8.549291271157735 
4.350000000000001  	 9.067896825058627 
4.36  	 9.496509126605069 
4.37  	 9.830704079898076 
4.38  	 10.06699748220633 
4.39  	 10.20288131026444 
4.4  	 10.2368502608192 
4.41  	 10.16841826542337 
4.42  	 9.99812479984214 
4.43  	 9.727530910741983 
4.44  	 9.359204985548097 
4.45  	 8.896698394448324 
4.46  	 8.344511235450815 
4.47  	 7.708048513142969 
4.48  	 6.993567178344397 
4.49  	 6.208114548221619 
4.5  	 5.35945871370255 
4.51  	 4.456011622310509 
4.52  	 3.506745599005538 
4.53  	 2.52110413451785 
4.54  	 1.508907829302286 
4.55  	 0.4802564310337056 
4.56  	 -0.554572056009992 
4.57  	 -1.585224180686134 
4.58  	 -2.601374744313477 
4.59  	 -3.592830349831734 
4.600000000000001  	 -4.549631761254524 
4.61  	 -5.462154044536861 
4.62  	 -6.321203481990844 
4.63  	 -7.118110283548175 
4.64  	 -7.84481615918417 
4.65  	 -8.493955867284232 
4.66  	 -9.058931913153941 
4.67  	 -9.533981639661135 
4.68  	 -9.914236027480746 
4.69  	 -10.19576960484092 
4.7  	 -10.37564095522149 
4.71  	 -10.4519234052499 
4.72  	 -10.42372557313911 
4.73  	 -10.29120155943436 
4.74  	 -10.05555066556745 
4.75  	 -9.719006630716144 
4.76  	 -9.284816482680586 
4.77  	 -8.757209202860064 
4.78  	 -8.14135450789265 
4.79  	 -7.443312150075352 
4.8  	 -6.669972234309858 
4.81  	 -5.828987140053569 
4.82  	 -4.928695721680492 
4.83  	 -3.978040538912147 
4.84  	 -2.986478939771534 
4.850000000000001  	 -1.963888881124229 
4.86  	 -0.9204704256621019 
4.87  	 0.133356101392738 
4.88  	 1.187054277989494 
4.89  	 2.230077031068051 
4.9  	 3.251972306234215 
4.91  	 4.242487901644952 
4.92  	 5.191674413709093 
4.93  	 6.089985260033716 
4.94  	 6.928372773276283 
4.95  	 7.698379397924745 
4.96  	 8.392223070147139 
4.97  	 9.002875918255365 
4.98  	 9.524135487447484 
4.99  	 9.95068776667398 
5  	 10.27816137697873 
5.01  	 10.50317236868399 
5.02  	 10.62335916844285 
5.03  	 10.6374073155374 
5.04  	 10.54506372887357 
5.05  	 10.34714035089248 
5.06  	 10.04550712103399 
5.07  	 9.64307433838435 
5.08  	 9.14376457964212 
5.09  	 8.552474443475237 
5.100000000000001  	 7.875026494662876 
5.11  	 7.118111880087453 
5.12  	 6.289224182672053 
5.13  	 5.396585167797474 
5.14  	 4.449063158688316 
5.15  	 3.456084851900212 
5.16  	 2.427541450614269 
5.17  	 1.373690051274449 
5.18  	 0.3050512676003214 
5.19  	 -0.7676958853239031 
5.2  	 -1.833820795740019 
5.21  	 -2.882648679619072 
5.22  	 -3.903667548496558 
5.23  	 -4.886633648036888 
5.24  	 -5.821674308967577 
5.25  	 -6.699387176997691 
5.26  	 -7.510934823698742 
5.27  	 -8.248133785733785 
5.28  	 -8.903537134825065 
5.29  	 -9.47050974490851 
5.3  	 -9.943295495399777 
5.31  	 -10.31707572967137 
5.32  	 -10.58801837491566 
5.33  	 -10.75331722267661 
5.34  	 -10.81122096754458 
5.350000000000001  	 -10.7610517038423 
5.36  	 -10.60321268556328 
5.37  	 -10.33918526230057 
5.38  	 -9.971515012347471 
5.39  	 -9.503787202475792 
5.4  	 -8.940591811013755 
5.41  	 -8.287478455679462 
5.42  	 -7.550901669123449 
5.43  	 -6.738157062273793 
5.44  	 -5.857309007381738 
5.45  	 -4.917110558209411 
5.46  	 -3.926916403220684 
5.47  	 -2.896589718139156 
5.48  	 -1.836403846110038 
5.49  	 -0.756939786317733 
5.5  	 0.3310194852668853 
5.51  	 1.416596806743516 
5.52  	 2.488929654450994 
5.53  	 3.537278910922147 
5.54  	 4.551136486782838 
5.55  	 5.520330717363328 
5.56  	 6.435128476229655 
5.57  	 7.286332979904706 
5.58  	 8.065376300419913 
5.59  	 8.764405654601701 
5.600000000000001  	 9.376362600635467 
5.61  	 9.895054342852941 
5.62  	 10.31521642415663 
5.63  	 10.63256617124703 
5.64  	 10.8438463499997 
5.65  	 10.94685858603076 
5.66  	 10.94048620771475 
5.67  	 10.82470627465723 
5.68  	 10.60059066281735 
5.69  	 10.27029618704012 
5.7  	 9.83704385159707 
5.71  	 9.305087428345212 
5.72  	 8.679671669205192 
5.73  	 7.966980563754012 
5.74  	 7.174076152780807 
5.75  	 6.30882850365902 
5.76  	 5.379837542389345 
5.77  	 4.396347519268137 
5.78  	 3.368154959507751 
5.79  	 2.305511016027359 
5.8  	 1.21901919837878 
5.81  	 0.1195294987963584 
5.82  	 -0.9819700268150677 
5.83  	 -2.074463138890819 
5.84  	 -3.147015655749288 
5.850000000000001  	 -4.188884952805509 
5.86  	 -5.189627622258109 
5.87  	 -6.139204213716717 
5.88  	 -7.028080004731745 
5.89  	 -7.847320789235325 
5.9  	 -8.588682721116717 
5.91  	 -9.244695309051151 
5.92  	 -9.808736726693814 
5.93  	 -10.27510067876506 
5.94  	 -10.63905414762844 
5.95  	 -10.89688543586204 
5.96  	 -11.04594201713954 
5.97  	 -11.08465780950315 
5.98  	 -11.01256959081012 
5.99  	 -10.83032238471057 
6  	 -10.53966375588025 
6.01  	 -10.14342706428359 
6.02  	 -9.645503838866055 
6.03  	 -9.050805540162781 
6.04  	 -8.365215087767567 
6.05  	 -7.595528631364419 
6.06  	 -6.749388142050888 
6.07  	 -5.835205492992932 
6.08  	 -4.862078784116571 
6.09  	 -3.839701743699448 
6.100000000000001  	 -2.778267109587977 
6.11  	 -1.688364953627719 
6.12  	 -0.5808769641408138 
6.13  	 0.5331322576047399 
6.140000000000001  	 1.64252580043129 
6.15  	 2.73620583959845 
6.16  	 3.803224711643226 
6.17  	 4.832894555435596 
6.18  	 5.814894420854991 
6.19  	 6.739373771189351 
6.2  	 7.59705134082658 
6.21  	 8.379308355699198 
6.22  	 9.078275179803088 
6.23  	 9.68691051638638 
6.24  	 10.19907236644631 
6.25  	 10.60958002924333 
6.26  	 10.91426651882522 
6.27  	 11.11002086615918 
6.28  	 11.19481987744221 
6.29  	 11.16774902449127 
6.3  	 11.02901225175211 
6.31  	 10.77993059532217 
6.32  	 10.42292962134946 
6.33  	 9.961515803125668 
6.34  	 9.400242067014329 
6.350000000000001  	 8.744662845935435 
6.36  	 8.001279084375071 
6.37  	 7.177473739748196 
6.38  	 6.281438420400772 
6.390000000000001  	 5.32209188963542 
6.4  	 4.308991246986611 
6.41  	 3.252236671733424 
6.42  	 2.162370678576958 
6.43  	 1.050272890870503 
6.44  	 -0.07294861778709638 
6.45  	 -1.196068327860859 
6.46  	 -2.307855514288453 
6.47  	 -3.397186600216304 
6.48  	 -4.453156499558869 
6.49  	 -5.465187833404354 
6.5  	 -6.423136925987575 
6.51  	 -7.317395517616366 
6.52  	 -8.138987174260409 
6.53  	 -8.879657426072095 
6.54  	 -9.531956729386726 
6.55  	 -10.08931541812519 
6.56  	 -10.54610989028593 
6.57  	 -10.89771936256971 
6.58  	 -11.14057262025965 
6.59  	 -11.27218428934089 
6.600000000000001  	 -11.29118026249185 
6.61  	 -11.19731201896762 
6.62  	 -10.99145968943995 
6.63  	 -10.67562382944927 
6.640000000000001  	 -10.2529059781332 
6.65  	 -9.727478191193054 
6.66  	 -9.104541847519563 
6.67  	 -8.390276136413746 
6.68  	 -7.591776735832027 
6.69  	 -6.716985290516328 
6.7  	 -5.774610391253283 
6.71  	 -4.774040841913205 
6.72  	 -3.725252078490867 
6.73  	 -2.638706673326094 
6.74  	 -1.525249917328023 
6.75  	 -0.3960015227613431 
6.76  	 0.7377554715268178 
6.77  	 1.864687482052811 
6.78  	 2.973523722023601 
6.79  	 4.053168968130639 
6.8  	 5.092814624121628 
6.81  	 6.082046968988203 
6.82  	 7.010951505275311 
6.83  	 7.870212361554549 
6.84  	 8.651205752127961 
6.850000000000001  	 9.346086556054482 
6.86  	 9.947867146031903 
6.87  	 10.45048767484159 
6.88  	 10.84887711220254 
6.890000000000001  	 11.13900441713669 
6.9  	 11.31791932939803 
6.91  	 11.38378236718103 
6.92  	 11.33588372616402 
6.93  	 11.17465088588163 
6.94  	 10.9016448423489 
6.95  	 10.51954499964789 
6.96  	 10.0321228666968 
6.97  	 9.444204817515706 
6.98  	 8.761624282858531 
6.99  	 7.991163847000665 
7  	 7.140487824693746 
7.01  	 6.218065988807785 
7.02  	 5.233089208018369 
7.03  	 4.195377835170478 
7.04  	 3.115283759844162 
7.05  	 2.003587102427745 
7.06  	 0.8713885810293094 
7.07  	 -0.2700013737178981 
7.08  	 -1.409175647917329 
7.09  	 -2.534744487792786 
7.100000000000001  	 -3.635449416641531 
7.11  	 -4.700275885608352 
7.12  	 -5.718563530742896 
7.13  	 -6.680112932302647 
7.140000000000001  	 -7.575287806822327 
7.15  	 -8.395111607745763 
7.16  	 -9.131357565959107 
7.17  	 -9.776631266822914 
7.18  	 -10.32444493462535 
7.19  	 -10.76928267802934 
7.2  	 -11.10665604023844 
7.21  	 -11.33314929436069 
7.22  	 -11.44645402683965 
7.23  	 -11.44539265882608 
7.24  	 -11.32993066591128 
7.25  	 -11.10117736963049 
7.26  	 -10.76137528844073 
7.27  	 -10.31387815033913 
7.28  	 -9.763117782769987 
7.29  	 -9.114560206834321 
7.3  	 -8.374651370950453 
7.31  	 -7.550753062933596 
7.32  	 -6.651069637926958 
7.33  	 -5.684566291738287 
7.34  	 -4.66087969399048 
7.350000000000001  	 -3.590221872230678 
7.36  	 -2.483278305988541 
7.37  	 -1.351101248048935 
7.38  	 -0.2049993383205162 
7.390000000000001  	 0.9435753868453232 
7.4  	 2.083141960579855 
7.41  	 3.202305282201104 
7.42  	 4.289870096516859 
7.43  	 5.334953015319932 
7.44  	 6.327091459855541 
7.45  	 7.256348433452466 
7.46  	 8.113412074846156 
7.47  	 8.889688994573282 
7.48  	 9.577390458667914 
7.49  	 10.16961055512402 
7.5  	 10.66039555849764 
7.51  	 11.04480379580795 
7.52  	 11.3189554116841 
7.53  	 11.48007153154717 
7.54  	 11.52650242750774 
7.55  	 11.45774440154052 
7.56  	 11.27444521327073 
7.57  	 10.97839799424436 
7.58  	 10.572523705711 
7.59  	 10.06084231157128 
7.600000000000001  	 9.448432951083925 
7.61  	 8.741383506059647 
7.62  	 7.946730063487392 
7.63  	 7.072386875778836 
7.640000000000001  	 6.127067516065111 
7.65  	 5.120198014280382 
7.66  	 4.061822840234564 
7.67  	 2.962504671704499 
7.68  	 1.833218948038127 
7.69  	 0.685244262241457 
7.7  	 -0.4699503135243461 
7.71  	 -1.620819843091904 
7.72  	 -2.755858936376751 
7.73  	 -3.863716800394415 
7.74  	 -4.933310780429133 
7.75  	 -5.953937255326998 
7.76  	 -6.915378777004688 
7.77  	 -7.808006381494356 
7.78  	 -8.622876046816861 
7.79  	 -9.351818331212124 
7.8  	 -9.987520293177715 
7.81  	 -10.52359887169781 
7.82  	 -10.95466499021748 
7.83  	 -11.27637774048211 
7.84  	 -11.48548810139457 
7.850000000000001  	 -11.57987175255475 
7.86  	 -11.55855065109307 
7.87  	 -11.42170315270313 
7.88  	 -11.17066257229556 
7.890000000000001  	 -10.80790419529175 
7.9  	 -10.33702086609452 
7.91  	 -9.762687394558579 
7.92  	 -9.090614133192847 
7.930000000000001  	 -8.327490186238434 
7.94  	 -7.480916815595904 
7.95  	 -6.559331706782507 
7.96  	 -5.571924849700677 
7.97  	 -4.528546873075256 
7.98  	 -3.439610747125135 
7.99  	 -2.31598783561596 
8  	 -1.168899335225576 
8.01  	 -0.009804186572320406 
8.02  	 1.149715423158948 
8.029999999999999  	 2.298069821666048 
8.040000000000001  	 3.423777719774126 
8.050000000000001  	 4.515581027815447 
8.06  	 5.562557471692343 
8.07  	 6.554229881869565 
8.08  	 7.480671061516246 
8.09  	 8.332603183940508 
8.1  	 9.101490723894896 
8.109999999999999  	 9.779625991736344 
8.120000000000001  	 10.36020641315876 
8.130000000000001  	 10.83740277954418 
8.140000000000001  	 11.20641778407851 
8.15  	 11.46353425575083 
8.16  	 11.60615260623288 
8.17  	 11.6328171123897 
8.18  	 11.54323076872761 
8.19  	 11.33825855832581 
8.199999999999999  	 11.01991910658171 
8.210000000000001  	 10.59136479826959 
8.220000000000001  	 10.05685055380502 
8.23  	 9.421691574070117 
8.24  	 8.692210473550595 
8.25  	 7.875674327761276 
8.26  	 6.98022226192683 
8.27  	 6.014784302629472 
8.279999999999999  	 4.98899230168466 
8.290000000000001  	 3.913083820982795 
8.300000000000001  	 2.797799937642397 
8.31  	 1.654277989850019 
8.32  	 0.4939403346014521 
8.33  	 -0.6716197713030987 
8.34  	 -1.830754026624458 
8.35  	 -2.971875519390493 
8.359999999999999  	 -4.083574574865279 
8.370000000000001  	 -5.154732859287086 
8.380000000000001  	 -6.174634598051211 
8.390000000000001  	 -7.13307379560223 
8.4  	 -8.020456384023632 
8.41  	 -8.827896277776235 
8.42  	 -9.547304372737948 
8.43  	 -10.17146959803156 
8.44  	 -10.69413120839293 
8.449999999999999  	 -11.11004159223853 
8.460000000000001  	 -11.41501896526619 
8.470000000000001  	 -11.60598942042096 
8.48  	 -11.68101791137066 
8.49  	 -11.6393278572 
8.5  	 -11.48130916974488 
8.51  	 -11.20851462071096 
8.52  	 -10.82364458229751 
8.529999999999999  	 -10.33052029131287 
8.540000000000001  	 -9.734045901557483 
8.550000000000001  	 -9.040159701418311 
8.56  	 -8.255774982039748 
8.57  	 -7.388711145027671 
8.58  	 -6.447615736366851 
8.59  	 -5.441878184109566 
8.6  	 -4.381536100514376 
8.609999999999999  	 -3.277175083845918 
8.620000000000001  	 -2.139823020241937 
8.630000000000001  	 -0.980839941258786 
8.640000000000001  	 0.188195462632877 
8.65  	 1.355601538663347 
8.66  	 2.509710422216275 
8.67  	 3.638984674067415 
8.68  	 4.732132638249882 
8.69  	 5.778221366938528 
8.700000000000001  	 6.766785982836657 
8.710000000000001  	 7.68793438493861 
8.720000000000001  	 8.532446249879872 
8.73  	 9.291865337911295 
8.74  	 9.958584179279322 
8.75  	 10.5259202927944 
8.76  	 10.98818317286683 
8.77  	 11.3407313734395 
8.779999999999999  	 11.58001911613098 
8.790000000000001  	 11.70363195453152 
8.800000000000001  	 11.71031113592482 
8.81  	 11.59996641464653 
8.82  	 11.37367718670798 
8.83  	 11.03368193205705 
8.84  	 10.58335606774986 
8.85  	 10.02717843119856 
8.859999999999999  	 9.370686726382367 
8.870000000000001  	 8.62042237632345 
8.880000000000001  	 7.783865331132753 
8.890000000000001  	 6.869359481460382 
8.9  	 5.886029421236804 
8.91  	 4.843689390221409 
8.92  	 3.752745305217309 
8.93  	 2.624090858080256 
8.94  	 1.468998718151117 
8.950000000000001  	 0.2990079258786824 
8.960000000000001  	 -0.8741913973205917 
8.970000000000001  	 -2.038874870881533 
8.98  	 -3.183401040980381 
8.99  	 -4.296327759037126 
9  	 -5.366526589232032 
9.01  	 -6.38329410093499 
9.02  	 -7.336458932885999 
9.029999999999999  	 -8.216483558040016 
9.040000000000001  	 -9.014559730781261 
9.050000000000001  	 -9.722696661194366 
9.06  	 -10.33380103362481 
9.07  	 -10.84174806814501 
9.08  	 -11.24144291295275 
9.09  	 -11.52887175227336 
9.1  	 -11.70114211705089 
9.109999999999999  	 -11.7565119935718 
9.120000000000001  	 -11.69440743708875 
9.130000000000001  	 -11.51542851238378 
9.140000000000001  	 -11.22134349988184 
9.15  	 -10.8150714232303 
9.16  	 -10.30065307102528 
9.17  	 -9.683210800423833 
9.18  	 -8.968897522581436 
9.19  	 -8.164835378074141 
9.200000000000001  	 -7.279044713622248 
9.210000000000001  	 -6.32036406849434 
9.220000000000001  	 -5.298361968966093 
9.23  	 -4.2232414112362 
9.24  	 -3.105737986440675 
9.25  	 -1.95701266512307 
9.26  	 -0.7885403120730816 
9.27  	 0.3880049546972848 
9.279999999999999  	 1.560866415342716 
9.290000000000001  	 2.71832224416078 
9.300000000000001  	 3.848802675748693 
9.31  	 4.941005670045478 
9.32  	 5.984009919786605 
9.33  	 6.967384070284762 
9.34  	 7.88129105913941 
9.35  	 8.716586532093899 
9.359999999999999  	 9.464910350317895 
9.370000000000001  	 10.11877027330569 
9.380000000000001  	 10.67161697966016 
9.390000000000001  	 11.11790967449832 
9.4  	 11.45317162620459 
9.41  	 11.67403507583301 
9.42  	 11.77827506861559 
9.43  	 11.76483186770985 
9.44  	 11.63382172440872 
9.450000000000001  	 11.38653589540017 
9.460000000000001  	 11.02542791513888 
9.470000000000001  	 10.55408924880395 
9.48  	 9.977213567490958 
9.49  	 9.300550001062039 
9.5  	 8.530845834316189 
9.51  	 7.675779217740887 
9.52  	 6.743882564009406 
9.529999999999999  	 5.744457394595669 
9.540000000000001  	 4.687481486457806 
9.550000000000001  	 3.583509245835858 
9.56  	 2.443566304046372 
9.57  	 1.279039388057581 
9.58  	 0.1015625660130424 
9.59  	 -1.07709899573599 
9.6  	 -2.245166602494029 
9.609999999999999  	 -3.39096575295908 
9.620000000000001  	 -4.503042836131717 
9.630000000000001  	 -5.570279636774561 
9.640000000000001  	 -6.582004504547074 
9.65  	 -7.528099075134754 
9.66  	 -8.399099476003697 
9.67  	 -9.186291004399763 
9.68  	 -9.881795330327808 
9.69  	 -10.47864935184099 
9.700000000000001  	 -10.97087491329848 
9.710000000000001  	 -11.3535386884803 
9.720000000000001  	 -11.62280162866884 
9.73  	 -11.77595748003789 
9.74  	 -11.81145998388928 
9.75  	 -11.7289384863543 
9.76  	 -11.52920180000172 
9.77  	 -11.21423027720872 
9.779999999999999  	 -10.78715617298194 
9.790000000000001  	 -10.2522324919855 
9.800000000000001  	 -9.614790629669731 
9.81  	 -8.881187229449155 
9.82  	 -8.058740785727776 
9.83  	 -7.155658625137961 
9.84  	 -6.180954994617927 
9.85  	 -5.144361073940314 
9.859999999999999  	 -4.056227811129501 
9.870000000000001  	 -2.927422551059313 
9.880000000000001  	 -1.769220489686182 
9.890000000000001  	 -0.5931920382230504 
9.9  	 0.5889127774233303 
9.91  	 1.765281726855715 
9.92  	 2.924158421704169 
9.93  	 4.053959818628792 
9.94  	 5.14339200426752 
9.950000000000001  	 6.181563104620478 
9.960000000000001  	 7.15809218996653 
9.970000000000001  	 8.063213086299921 
9.98  	 8.887872055057962 
9.99  	 9.623818364077959 
10  	 10.26368684366297 
10.01  	 10.80107160164326 
10.02  	 11.2305901595949 
10.03  	 11.54793736803716 
10.04  	 11.74992856052096 
10.05  	 11.8345315140216 
10.06  	 11.80088689488636 
10.07  	 11.64931698464407 
10.08  	 11.3813225971091 
10.09  	 10.99956821623619 
10.1  	 10.50785550192568 
10.11  	 9.911085427262737 
10.12  	 9.215209424338415 
10.13  	 8.427170025706481 
10.14  	 7.554831593580079 
10.15  	 6.606901828015152 
10.16  	 5.592844837571749 
10.17  	 4.522786640366919 
10.18  	 3.407414039189079 
10.19  	 2.257867880675422 
10.2  	 1.085631764796951 
10.21  	 -0.09758268351317367 
10.22  	 -1.279952834269885 
10.23  	 -2.449663194539339 
10.24  	 -3.595023492047418 
10.25  	 -4.704585520065074 
10.26  	 -5.76725757559807 
10.27  	 -6.772415346840806 
10.28  	 -7.710008141223915 
10.29  	 -8.570659391840802 
10.3  	 -9.345760437116205 
10.31  	 -10.02755663571035 
10.32  	 -10.60922495516586 
10.33  	 -11.08494225793671 
10.34  	 -11.44994360133977 
10.35  	 -11.7005699677114 
10.36  	 -11.83430494663838 
10.37  	 -11.84980000150846 
10.38  	 -11.74688806668958 
10.39  	 -11.5265853382566 
10.4  	 -11.19108123917701 
10.41  	 -10.74371665806118 
10.42  	 -10.18895067779847 
10.43  	 -9.532316125465091 
10.44  	 -8.780364386653408 
10.45  	 -7.940600034717216 
10.46  	 -7.021405927280579 
10.47  	 -6.031959517700177 
10.48  	 -4.982141217049091 
10.49  	 -3.882435721724735 
10.5  	 -2.743827292179095 
10.51  	 -1.577690028821336 
10.52  	 -0.3956742412448424 
10.53  	 0.790409953918831 
10.54  	 1.968710643410135 
10.55  	 3.127452556723342 
10.56  	 4.255054750769709 
10.57  	 5.340246363564732 
10.58  	 6.372179279872755 
10.59  	 7.340536582499601 
10.6  	 8.235635704941647 
10.61  	 9.048525253958976 
10.62  	 9.771074533813481 
10.63  	 10.39605487676953 
10.64  	 10.91721196626773 
10.65  	 11.32932842913426 
10.66  	 11.62827607038131 
10.67  	 11.81105722761644 
10.68  	 11.87583483077838 
10.69  	 11.82195086576537 
10.7  	 11.64993305639481 
10.71  	 11.36148969686939 
10.72  	 10.95949268534968 
10.73  	 10.4479489271628 
10.74  	 9.831960392431414 
10.75  	 9.117673226326085 
10.76  	 8.312216419592142 
10.77  	 7.423630651385738 
10.78  	 6.460788014729012 
10.79  	 5.433303426078177 
10.8  	 4.351438603679237 
10.81  	 3.225999573731558 
10.82  	 2.068228728146032 
10.83  	 0.8896925122239521 
10.84  	 -0.2978341356511676 
10.85  	 -1.482485437661855 
10.86  	 -2.652423347881109 
10.87  	 -3.795955856340879 
10.88  	 -4.901653843486648 
10.89  	 -5.958465317051784 
10.9  	 -6.95582588945172 
10.91  	 -7.88376439127928 
10.92  	 -8.733002565005158 
10.93  	 -9.495047842067313 
10.94  	 -10.16227827558038 
10.95  	 -10.72801877922164 
10.96  	 -11.18660790967143 
10.97  	 -11.53345452443653 
10.98  	 -11.76508374802024 
10.99  	 -11.8791717862145 
11  	 -11.87456923970753 
11.01  	 -11.75131268311461 
11.02  	 -11.51062439279923 
11.03  	 -11.15490022528656 
11.04  	 -10.68768576649695 
11.05  	 -10.11364098925953 
11.06  	 -9.43849377143494 
11.07  	 -8.66898273833136 
11.08  	 -7.812789999827929 
11.09  	 -6.878464453656003 
11.1  	 -5.875336420622046 
11.11  	 -4.813424464242492 
11.12  	 -3.703335325433892 
11.13  	 -2.556157971779104 
11.14  	 -1.383352819783128 
11.15  	 -0.1966372368510692 
11.16  	 0.9921315330180629 
11.17  	 2.171074849997503 
11.18  	 3.328411381694045 
11.19  	 4.452574842631 
11.2  	 5.532329593226453 
11.21  	 6.556882942848893 
11.22  	 7.515993034389782 
11.23  	 8.400071231871673 
11.24  	 9.20027798747123 
11.25  	 9.90861122943137 
11.26  	 10.51798638701593 
11.27  	 11.02230725217791 
11.28  	 11.41652696913447 
11.29  	 11.69669854165408 
11.3  	 11.86001435257866 
11.31  	 11.90483429988002 
11.32  	 11.83070226728806 
11.33  	 11.63835076409263 
11.34  	 11.32969368694548 
11.35  	 10.90780727519307 
11.36  	 10.3768994492683 
11.37  	 9.742267837779627 
11.38  	 9.010246912000291 
11.39  	 8.188144755346626 
11.4  	 7.284170099055643 
11.41  	 6.307350352591222 
11.42  	 5.267441447352872 
11.43  	 4.174830394130538 
11.44  	 3.040431527624508 
11.45  	 1.875577474502404 
11.46  	 0.6919059342635347 
11.47  	 -0.4987565959036122 
11.48  	 -1.684512990471994 
11.49  	 -2.853514378332097 
11.5  	 -3.994078550946718 
11.51  	 -5.094806712566033 
11.52  	 -6.144697405659513 
11.53  	 -7.133256472878541 
11.54  	 -8.050601956402712 
11.55  	 -8.887562886049105 
11.56  	 -9.635770968533066 
11.57  	 -10.28774426115218 
11.58  	 -10.83696199321416 
11.59  	 -11.277929786945 
11.6  	 -11.60623462551283 
11.61  	 -11.81858901822707 
11.62  	 -11.91286392089931 
11.63  	 -11.88811008170234 
11.64  	 -11.74456759851562 
11.65  	 -11.48366359154239 
11.66  	 -11.10799801374935 
11.67  	 -10.621317740227 
11.68  	 -10.0284791947125 
11.69  	 -9.335399886086833 
11.7  	 -8.548999338508764 
11.71  	 -7.677130004871064 
11.72  	 -6.728498853401089 
11.73  	 -5.712580410475368 
11.74  	 -4.639522128145401 
11.75  	 -3.520043021624395 
11.76  	 -2.365326589295054 
11.77  	 -1.186909084993272 
11.78  	 0.00343574117025236 
11.79  	 1.193814281834386 
11.8  	 2.372331915794757 
11.81  	 3.5272118682294 
11.82  	 4.646912899944896 
11.83  	 5.720244649481805 
11.84  	 6.736479475309878 
11.85  	 7.685459680256833 
11.86  	 8.557699046401176 
11.87  	 9.344477665459564 
11.88  	 10.03792911664558 
11.89  	 10.63111912040085 
11.9  	 11.11811488153799 
11.91  	 11.49404442833761 
11.92  	 11.75514535407915 
11.93  	 11.89880247335977 
11.94  	 11.92357401630852 
11.95  	 11.82920609832859 
11.96  	 11.61663532015355 
11.97  	 11.28797947161418 
11.98  	 10.84651643139478 
11.99  	 10.29665147302431 
12  	 9.643873303218781 
12.01  	 8.894699271309271 
12.02  	 8.056610296729337 
12.03  	 7.13797616431358 
12.04  	 6.147971933449595 
12.05  	 5.096486295964787 
12.06  	 3.994022798129924 
12.07  	 2.851594913517833 
12.08  	 1.680616014954598 
12.09  	 0.4927853448271691 
12.1  	 -0.7000288769452563 
12.11  	 -1.885908039308861 
12.12  	 -3.053002235885485 
12.13  	 -4.189648680091005 
12.14  	 -5.28448825620206 
12.15  	 -6.326579041582373 
12.16  	 -7.305505665491943 
12.17  	 -8.211483411454219 
12.18  	 -9.035456022633154 
12.19  	 -9.769186232549918 
12.2  	 -10.40533811612013 
12.21  	 -10.93755043769107 
12.22  	 -11.36050026268856 
12.23  	 -11.66995619674655 
12.24  	 -11.86282071981732 
12.25  	 -11.93716119171129 
12.26  	 -11.89222921870426 
12.27  	 -11.72846818714525 
12.28  	 -11.44750888823823 
12.29  	 -11.05215327717414 
12.3  	 -10.54634652836657 
12.31  	 -9.935137665510373 
12.32  	 -9.224629159368023 
12.33  	 -8.421915996453006 
12.34  	 -7.535014827020228 
12.35  	 -6.572783899938956 
12.36  	 -5.544834584122551 
12.37  	 -4.461435360300666 
12.38  	 -3.333409242202693 
12.39  	 -2.172025651923463 
12.4  	 -0.9888878297063297 
12.41  	 0.2041830969496936 
12.42  	 1.395266226520137 
12.43  	 2.572459998826218 
12.44  	 3.724001122285741 
12.45  	 4.838382124611937 
12.46  	 5.904466352234112 
12.47  	 6.911599269159488 
12.48  	 7.84971494292723 
12.49  	 8.709436653354663 
12.5  	 9.48217061846244 
12.51  	 10.16019190070386 
12.52  	 10.73672163472713 
12.53  	 11.20599480458795 
12.54  	 11.56331789273755 
12.55  	 11.80511582429479 
12.56  	 11.92896773705956 
12.57  	 11.93363121937 
12.58  	 11.81905477313179 
12.59  	 11.5863783770037 
12.6  	 11.23792214363315 
12.61  	 10.77716318381087 
12.62  	 10.2087009082656 
12.63  	 9.538211113371318 
12.64  	 8.772389309134063 
12.65  	 7.918883855344958 
12.66  	 6.986219573653992 
12.67  	 5.98371259851841 
12.68  	 4.921377317558129 
12.69  	 3.809826330933117 
12.7  	 2.660164429153416 
12.71  	 1.483877648543798 
12.72  	 0.2927185128136498 
12.73  	 -0.9014113926635985 
12.74  	 -2.086580340560142 
12.75  	 -3.250945687017991 
12.76  	 -4.382872211413802 
12.77  	 -5.471048387896484 
12.78  	 -6.504599426753431 
12.79  	 -7.473195955897077 
12.8  	 -8.367157256289589 
12.81  	 -9.177548019505521 
12.82  	 -9.896267660326863 
12.83  	 -10.51613129162626 
12.84  	 -11.03094155207923 
12.85  	 -11.43555056862318 
12.86  	 -11.72591143413708 
12.87  	 -11.89911868556594 
12.88  	 -11.95343737761239 
12.89  	 -11.88832046106573 
12.9  	 -11.70441429169788 
12.91  	 -11.4035522142584 
12.92  	 -10.98873628526178 
12.93  	 -10.46410731678899 
12.94  	 -9.834903540237134 
12.95  	 -9.107408302679397 
12.96  	 -8.288887318106688 
12.97  	 -7.387516100215411 
12.98  	 -6.412298301540871 
12.99  	 -5.372975774630961 
13  	 -4.2799312537019 
13.01  	 -3.144084628989699 
13.02  	 -1.976783850070069 
13.03  	 -0.7896915481253974 
13.04  	 0.4053314900470117 
13.05  	 1.596344831994047 
13.06  	 2.771447709378336 
13.07  	 3.918897935376111 
13.08  	 5.027229241397291 
13.09  	 6.08536586058022 
13.1  	 7.082733212987748 
13.11  	 8.009363586348913 
13.12  	 8.855995756162942 
13.13  	 9.614167549510606 
13.14  	 10.27630042739756 
13.15  	 10.83577524018127 
13.16  	 11.28699839881088 
13.17  	 11.62545780035731 
13.18  	 11.84776794867209 
13.19  	 11.95170381896541 
13.2  	 11.9362231275582 
13.21  	 11.80147678391548 
13.22  	 11.548807420152 
13.23  	 11.18073601233519 
13.24  	 10.7009367269058 
13.25  	 10.1142002432024 
13.26  	 9.426385918237857 
13.27  	 8.64436327138217 
13.28  	 7.775943373342547 
13.29  	 6.829800824731672 
13.3  	 5.815387103570237 
13.31  	 4.742836147339789 
13.32  	 3.622863112824694 
13.33  	 2.466657325181439 
13.34  	 1.285770485767862 
13.35  	 0.09200125567345019 
13.36  	 -1.102722631859561 
13.37  	 -2.286463552208373 
13.38  	 -3.447393272462894 
13.39  	 -4.573911144911247 
13.4  	 -5.65476002984262 
13.41  	 -6.679138789248857 
13.42  	 -7.636810227238938 
13.43  	 -8.518203398447755 
13.44  	 -9.31450926196845 
13.45  	 -10.01776872480422 
13.46  	 -10.62095219485697 
13.47  	 -11.11802984828713 
13.48  	 -11.50403190884419 
13.49  	 -11.77509833655376 
13.5  	 -11.92851742895811 
13.51  	 -11.96275294888516 
13.52  	 -11.87745950735946 
13.53  	 -11.67348604762213 
13.54  	 -11.35286739512282 
13.55  	 -10.91880395759633 
13.56  	 -10.37562977774983 
13.57  	 -9.728769257478378 
13.58  	 -8.984682985734793 
13.59  	 -8.150803211073338 
13.6  	 -7.235459603376363 
13.61  	 -6.247796046325335 
13.62  	 -5.197679291822313 
13.63  	 -4.095600388908862 
13.64  	 -2.952569871953807 
13.65  	 -1.780007755266982 
13.66  	 -0.5896294332196981 
13.67  	 0.6066713741051031 
13.68  	 1.796941460158628 
13.69  	 2.969287568628347 
13.7  	 4.111995234156863 
13.71  	 5.213645839563305 
13.72  	 6.263230719844799 
13.73  	 7.250261172716419 
13.74  	 8.164873276323371 
13.75  	 8.997926466621136 
13.76  	 9.741094889249696 
13.77  	 10.38695061290428 
13.78  	 10.9290378725063 
13.79  	 11.36193760009212 
13.8  	 11.68132159836872 
13.81  	 11.8839958153645 
13.82  	 11.96793228749737 
13.83  	 11.93228943160151 
13.84  	 11.77742048286902 
13.85  	 11.50486999410854 
13.86  	 11.11735843101753 
13.87  	 10.61875501711496 
13.88  	 10.0140390993991 
13.89  	 9.309250420506952 
13.9  	 8.511428794011467 
13.91  	 7.628543785392378 
13.92  	 6.669415101097457 
13.93  	 5.643624480975619 
13.94  	 4.561419974283049 
13.95  	 3.43361355558981 
13.96  	 2.271473103486324 
13.97  	 1.086609821341233 
13.98  	 -0.1091377750688969 
13.99  	 -1.303822143907284 
14  	 -2.485506095703069 
14.01  	 -3.642382071018272 
14.02  	 -4.762890125498397 
14.03  	 -5.835833443339601 
14.04  	 -6.850490224876486 
14.05  	 -7.796720830200455 
14.06  	 -8.665069108097715 
14.07  	 -9.44685689767517 
14.08  	 -10.1342707582415 
14.09  	 -10.72044006064843 
14.1  	 -11.19950565959785 
14.11  	 -11.56667846052217 
14.12  	 -11.8182872956074 
14.13  	 -11.95181563034272 
14.14  	 -11.96592673357949 
14.15  	 -11.8604770593511 
14.16  	 -11.63651770649192 
14.17  	 -11.2962839412212 
14.18  	 -10.84317288713608 
14.19  	 -10.28170960529519 
14.2  	 -9.617501903088469 
14.21  	 -8.857184323221416 
14.22  	 -8.008351872266696 
14.23  	 -7.079484150772699 
14.24  	 -6.079860642842586 
14.25  	 -5.019468011449744 
14.26  	 -3.908900325653542 
14.27  	 -2.759253216524272 
14.28  	 -1.582013019271978 
14.29  	 -0.3889420091940894 
14.3  	 0.8080391218897998 
14.31  	 1.996970374451381 
14.32  	 3.165971945187533 
14.33  	 4.303362931975657 
14.34  	 5.397778053711946 
14.35  	 6.438281218707071 
14.36  	 7.414474806781516 
14.37  	 8.316603573010914 
14.38  	 9.135652134792926 
14.39  	 9.863435068004639 
14.4  	 10.49267871185303 
14.41  	 11.01709386485289 
14.42  	 11.43143864536971 
14.43  	 11.73157088842923 
14.44  	 11.9144895550406 
14.45  	 11.97836474005923 
14.46  	 11.92255597853495 
14.47  	 11.74761866740902 
14.48  	 11.45529853817522 
14.49  	 11.04851423551634 
14.5  	 10.53132817577615 
14.51  	 9.908905976241025 
14.52  	 9.187464860413456 
14.53  	 8.37421155462132 
14.54  	 7.477270296321034 
14.55  	 6.505601673269741 
14.56  	 5.468913104374366 
14.57  	 4.377561856557846 
14.58  	 3.242451566580177 
14.59  	 2.074923301668692 
14.6  	 0.8866422473992952 
14.61  	 -0.3105188450173997 
14.62  	 -1.504598287490897 
14.63  	 -2.683664974528305 
14.64  	 -3.835937599195645 
14.65  	 -4.949902374336698 
14.66  	 -6.014428082738625 
14.67  	 -7.018877306603518 
14.68  	 -7.953212724842839 
14.69  	 -8.808097415976334 
14.7  	 -9.574988164296533 
14.71  	 -10.24622083685591 
14.72  	 -10.81508697804828 
14.73  	 -11.27590085629724 
14.74  	 -11.62405629275632 
14.75  	 -11.8560727040145 
14.76  	 -11.96962989856695 
14.77  	 -11.96359127917785 
14.78  	 -11.83801521910689 
14.79  	 -11.59415449833588 
14.8  	 -11.23444380523674 
14.81  	 -10.76247542837416 
14.82  	 -10.18296338114433 
14.83  	 -9.501696317535957 
14.84  	 -8.725479709306196 
14.85  	 -7.862067862173128 
14.86  	 -6.920086450165545 
14.87  	 -5.908946342025297 
14.88  	 -4.838749580580548 
14.89  	 -3.720188454430192 
14.9  	 -2.564438670316671 
14.91  	 -1.383047693526637 
14.92  	 -0.1878193719568086 
14.93  	 1.009304003366588 
14.94  	 2.196361022893733 
14.95  	 3.36149067600339 
14.96  	 4.493050867077499 
14.97  	 5.579734745962432 
14.98  	 6.610683690402606 
14.99  	 7.575595811468837 
15  	 8.46482889772208 
15.01  	 9.269496769406157 
15.02  	 9.981558079795851 
15.03  	 10.59389667628174 
15.04  	 11.10039271809635 
15.05  	 11.49598383993542 
15.06  	 11.77671575018041 
15.07  	 11.93978175799024 
15.08  	 11.98355083414711 
15.09  	 11.90758392510753 
15.1  	 11.71263835708097 
15.11  	 11.40066028596208 
15.12  	 10.97476526838847 
15.13  	 10.43920714789249 
15.14  	 9.799335566874523 
15.15  	 9.061542528781532 
15.16  	 8.233198544291962 
15.17  	 7.322578999392822 
15.18  	 6.33878148094729 
15.19  	 5.291634885714729 
15.2  	 4.191601220896606 
15.21  	 3.049671077320938 
15.22  	 1.877253819614602 
15.23  	 0.6860635905150239 
15.24  	 -0.5119977316871374 
15.25  	 -1.704959453123078 
15.26  	 -2.880901673512766 
15.27  	 -4.028074389395652 
15.28  	 -5.135014901336871 
15.29  	 -6.190662351951934 
15.3  	 -7.184468250246733 
15.31  	 -8.106501877859941 
15.32  	 -8.947549523921005 
15.33  	 -9.699206556888345 
15.34  	 -10.35396141329304 
15.35  	 -10.90527066406839 
15.36  	 -11.34762440828836 
15.37  	 -11.67660134077763 
15.38  	 -11.88891294322698 
15.39  	 -11.98243635711933 
15.4  	 -11.95623560985837 
15.41  	 -11.81057098186277 
15.42  	 -11.54689642088275 
15.43  	 -11.167845029227 
15.44  	 -10.67720276876452 
15.45  	 -10.07987064629622 
15.46  	 -9.381815756998716 
15.47  	 -8.590011674978335 
15.48  	 -7.712368786422866 
15.49  	 -6.757655261340047 
15.5  	 -5.735409453419458 
15.51  	 -4.655844603214438 
15.52  	 -3.529746796756493 
15.53  	 -2.368367199117784 
15.54  	 -1.18330963965419 
15.55  	 0.01358532787986655 
15.56  	 1.210358731917383 
15.57  	 2.395052674276488 
15.58  	 3.555829812030571 
15.59  	 4.681091636190957 
15.6  	 5.759594365350854 
15.61  	 6.780561296257197 
15.62  	 7.733790488666266 
15.63  	 8.609756708446195 
15.64  	 9.39970661024906 
15.65  	 10.0957462086141 
15.66  	 10.69091976340706 
15.67  	 11.17927929127911 
15.68  	 11.55594400848466 
15.69  	 11.81714911099611 
15.7  	 11.96028340438831 
15.71  	 11.98391540737386 
15.72  	 11.8878076680371 
15.73  	 11.67291914959103 
15.74  	 11.34139566168869 
15.75  	 10.89654843276952 
15.76  	 10.34282103741671 
15.77  	 9.685745009060609 
15.78  	 8.931884581422743 
15.79  	 8.088771110725226 
15.8  	 7.164827833805857 
15.81  	 6.169285713849627 
15.82  	 5.112091214507645 
15.83  	 4.003806923834717 
15.84  	 2.855506020930844 
15.85  	 1.678661639705794 
15.86  	 0.4850322351845817 
15.87  	 -0.7134559022744433 
15.88  	 -1.904827810967507 
15.89  	 -3.077179509377455 
15.9  	 -4.218796939704439 
15.91  	 -5.318273014912096 
15.92  	 -6.36462159974376 
15.93  	 -7.347387286787265 
15.94  	 -8.256749870671342 
15.95  	 -9.083622476441855 
15.96  	 -9.81974236156309 
15.97  	 -10.45775348418458 
15.98  	 -10.9912800125763 
15.99  	 -11.41499004114252 
16  	 -11.72464887627316 
16.01  	 -11.91716135950286 
16.02  	 -11.99060280498201 
16.03  	 -11.94423824202502 
16.04  	 -11.77852977035353 
16.05  	 -11.49513195442776 
16.06  	 -11.09687530277154 
16.07  	 -10.5877379972512 
16.08  	 -9.972806154675885 
16.09  	 -9.258223017674117 
16.1  	 -8.451127582423297 
16.11  	 -7.559583276359793 
16.12  	 -6.592497398423293 
16.13  	 -5.559532126695706 
16.14  	 -4.471007982560566 
16.15  	 -3.337800715890917 
16.16  	 -2.171232641519279 
16.17  	 -0.9829595126949133 
16.18  	 0.2151459381623009 
16.19  	 1.411112627791834 
16.2  	 2.592990734203048 
16.21  	 3.748971097422563 
16.22  	 4.86750321583611 
16.23  	 5.937410659104707 
16.24  	 6.948002744438119 
16.25  	 7.889181360334688 
16.26  	 8.751541870373197 
16.27  	 9.526467088784841 
16.28  	 10.20621338875096 
16.29  	 10.78398808297346 
16.3  	 11.25401730326411 
16.31  	 11.61160370082582 
16.32  	 11.85317339060359 
16.33  	 11.97631167055098 
16.34  	 11.97978715881374 
16.35  	 11.86356410755688 
16.36  	 11.62880277029724 
16.37  	 11.27784781897119 
16.38  	 10.81420492637308 
16.39  	 10.24250574785181 
16.4  	 9.56846165206821 
16.41  	 8.798806663037531 
16.42  	 7.941230183484821 
16.43  	 7.004300171649994 
16.44  	 5.997377539073046 
16.45  	 4.930522624615254 
16.46  	 3.814394679152672 
16.47  	 2.660145365222339 
16.48  	 1.479307335711717 
16.49  	 0.2836790048599931 
16.5  	 -0.9147933371052162 
16.51  	 -2.104134887821107 
16.52  	 -3.272461982476057 
16.53  	 -4.408100833806963 
16.54  	 -5.499704175965746 
16.55  	 -6.536364646748292 
16.56  	 -7.507723775260195 
16.57  	 -8.404075485994957 
16.58  	 -9.216463085083536 
16.59  	 -9.936768759591674 
16.6  	 -10.55779469554306 
16.61  	 -11.07333500408444 
16.62  	 -11.47823773704675 
16.63  	 -11.76845637217679 
16.64  	 -11.94109025352722 
16.65  	 -11.9944135828477 
16.66  	 -11.92789267221426 
16.67  	 -11.74219128542424 
16.68  	 -11.43916401469854 
16.69  	 -11.02183775878258 
16.7  	 -10.49438148742722 
16.71  	 -9.862064594273432 
16.72  	 -9.131204254190028 
16.73  	 -8.309102310983032 
16.74  	 -7.403972326010295 
16.75  	 -6.424857516550552 
16.76  	 -5.381540403809758 
16.77  	 -4.284445073289623 
16.78  	 -3.144533024066062 
16.79  	 -1.973193647590839 
16.8  	 -0.7821304302981624 
16.81  	 0.4167559829672631 
16.82  	 1.611486696310057 
16.83  	 2.790124252841344 
16.84  	 3.940891911513948 
16.85  	 5.05229131893707 
16.86  	 6.113217400400936 
16.87  	 7.113069322119237 
16.88  	 8.041856415945427 
16.89  	 8.890298008145709 
16.9  	 9.649916154714502 
16.91  	 10.31312035658825 
16.92  	 10.87328340824334 
16.93  	 11.32480762175212 
16.94  	 11.6631807645334 
16.95  	 11.88502115180865 
16.96  	 11.98811144313648 
16.97  	 11.97142080526198 
16.98  	 11.83511521975791 
16.99  	 11.58055583238868 
17  	 11.21028536061286 
17.01  	 10.72800269496161 
17.02  	 10.13852594799623 
17.03  	 9.447744319980011 
17.04  	 8.662559262143528 
17.05  	 7.790815525362474 
17.06  	 6.841222783134432 
17.07  	 5.823268611925381 
17.08  	 4.747123698317512 
17.09  	 3.62354022006405 
17.1  	 2.46374441636779 
17.11  	 1.279324420766767 
17.12  	 0.08211447735233968 
17.13  	 -1.115923302811088 
17.14  	 -2.302818463610466 
17.15  	 -3.466711809918361 
17.16  	 -4.595973902655135 
17.17  	 -5.679321258890726 
17.18  	 -6.705929095921555 
17.19  	 -7.665539492783201 
17.2  	 -8.548563888441279 
17.21  	 -9.346178892483481 
17.22  	 -10.05041445095033 
17.23  	 -10.65423348632279 
17.24  	 -11.15160221586876 
17.25  	 -11.53755044568609 
17.26  	 -11.80822123793715 
17.27  	 -11.96090945494779 
17.28  	 -11.99408879498127 
17.29  	 -11.90742704948505 
17.3  	 -11.70178942929569 
17.31  	 -11.37922992649945 
17.32  	 -10.94297079819187 
17.33  	 -10.39737037706371 
17.34  	 -9.74787953037881 
17.35  	 -9.000987202333954 
17.36  	 -8.164155583870814 
17.37  	 -7.245745557653431 
17.38  	 -6.254933163097299 
17.39  	 -5.201617916066308 
17.4  	 -4.096323899245061 
17.41  	 -2.950094611433265 
17.42  	 -1.774382626373941 
17.43  	 -0.5809351635951179 
17.44  	 0.6183232854029848 
17.45  	 1.811410102854774 
17.46  	 2.986404271858874 
17.47  	 4.131565488643553 
17.48  	 5.235451469818361 
17.49  	 6.287032282491581 
17.5  	 7.275800554873889 
17.51  	 8.191876466144278 
17.52  	 9.02610646651323 
17.53  	 9.770154741059502 
17.54  	 10.41658650341477 
17.55  	 10.95894228700043 
17.56  	 11.39180249146744 
17.57  	 11.71084153935461 
17.58  	 11.9128711017903 
17.59  	 11.99587196128002 
17.6  	 11.95901419315613 
17.61  	 11.80266546398252 
17.62  	 11.52838736393881 
17.63  	 11.13891980977108 
17.64  	 10.63815367409232 
17.65  	 10.03109191445736 
17.66  	 9.323799590546018 
17.67  	 8.523343268818213 
17.68  	 7.63772042004557 
17.69  	 6.67577951511629 
17.7  	 5.647131617454435 
17.71  	 4.562054355362901 
17.72  	 3.431389233741855 
17.73  	 2.26643331119066 
17.74  	 1.078826324806111 
17.75  	 -0.1195656095192879 
17.76  	 -1.316768559273154 
17.77  	 -2.500820415335677 
17.78  	 -3.659890414416108 
17.79  	 -4.782397349670132 
17.8  	 -5.857125288356792 
17.81  	 -6.873335640297467 
17.82  	 -7.820874457356215 
17.83  	 -8.690273891806401 
17.84  	 -9.472846799806922 
17.85  	 -10.16077354469953 
17.86  	 -10.74718013277237 
17.87  	 -11.22620690073516 
17.88  	 -11.59306706855355 
17.89  	 -11.84409457255032 
17.9  	 -11.97678070078798 
17.91  	 -11.98979916463065 
17.92  	 -11.88301935592472 
17.93  	 -11.65750765728381 
17.94  	 -11.31551679233375 
17.95  	 -10.86046332227561 
17.96  	 -10.29689351356492 
17.97  	 -9.630437917699458 
17.98  	 -8.867755116895891 
17.99  	 -8.016465197689534 
18  	 -7.085073617130541 
18.01  	 -6.082886222247651 
18.02  	 -5.019916271848613 
18.03  	 -3.906784389640971 
18.04  	 -2.754612448289431 
18.05  	 -1.574912444671113 
18.06  	 -0.3794714766411453 
18.07  	 0.8197660294213767 
18.08  	 2.010817663542857 
18.09  	 3.18178275709908 
18.1  	 4.320961291510793 
18.11  	 5.416970802579145 
18.12  	 6.458860112371478 
18.13  	 7.436218752261823 
18.14  	 8.339280983778883 
18.15  	 9.159023377887587 
18.16  	 9.887254977688855 
18.17  	 10.51669914362334 
18.18  	 11.04106626336797 
18.19  	 11.45511659988897 
18.2  	 11.75471264964953 
18.21  	 11.93686048778033 
18.22  	 11.99973968705869 
18.23  	 11.94272151170877 
18.24  	 11.76637520418962 
18.25  	 11.47246230210895 
18.26  	 11.0639190420013 
18.27  	 10.54482702574245 
18.28  	 9.920372442649835 
18.29  	 9.196794254669017 
18.3  	 8.381321862326098 
18.31  	 7.482102874233691 
18.32  	 6.508121701823584 
18.33  	 5.469109792654082 
18.34  	 4.37544839918858 
18.35  	 3.238064854529033 
18.36  	 2.068323391468612 
18.37  	 0.8779115957535415 
18.38  	 -0.3212763719300074 
18.39  	 -1.517258618437761 
18.4  	 -2.698085237679934 
18.41  	 -3.851957710959136 
18.42  	 -4.967346795113143 
18.43  	 -6.033107720547334 
18.44  	 -7.038591548116353 
18.45  	 -7.973751572190562 
18.46  	 -8.829243706736225 
18.47  	 -9.59651985135509 
18.48  	 -10.26791330436816 
18.49  	 -10.8367153694894 
18.5  	 -11.29724239062371 
18.51  	 -11.64489254496095 
18.52  	 -11.87619182686829 
18.53  	 -11.98882876308403 
18.54  	 -11.98167751230918 
18.55  	 -11.85480911835168 
18.56  	 -11.60949080434503 
18.57  	 -11.24817331505291 
18.58  	 -10.77446643369244 
18.59  	 -10.1931029178666 
18.6  	 -9.509891214910578 
18.61  	 -8.731657429071413 
18.62  	 -7.86617712033524 
18.63  	 -6.922097616317808 
18.64  	 -5.908851613427635 
18.65  	 -4.836562930549015 
18.66  	 -3.715945356905174 
18.67  	 -2.558195604766085 
18.68  	 -1.374881436571726 
18.69  	 -0.1778260842610662 
18.7  	 1.021009884352075 
18.71  	 2.209648071802939 
18.72  	 3.376211935727826 
18.73  	 4.5090454562849 
18.74  	 5.596829600545818 
18.75  	 6.628695420168556 
18.76  	 7.594332652297763 
18.77  	 8.484092738566124 
18.78  	 9.289085232839863 
18.79  	 10.0012666344065 
18.8  	 10.61352075898319 
18.81  	 11.11972984447326 
18.82  	 11.51483568097245 
18.83  	 11.79489015419932 
18.84  	 11.95709469730109 
18.85  	 11.99982825680943 
18.86  	 11.92266349328329 
18.87  	 11.72637105473136 
18.88  	 11.41291188007987 
18.89  	 10.98541760955243 
18.9  	 10.44815929766135 
18.91  	 9.806504741388233 
18.92  	 9.066864849886404 
18.93  	 8.236629591533553 
18.94  	 7.324094158305074 
18.95  	 6.338376085186375 
18.96  	 5.289324152719642 
18.97  	 4.187419982883723 
18.98  	 3.043673311514747 
18.99  	 1.869511983660282 
19  	 0.6766677709899134 
19.01  	 -0.5229408478668847 
19.02  	 -1.717327772835906 
19.03  	 -2.894559043900252 
19.04  	 -4.04287208196571 
19.05  	 -5.150793217664557 
19.06  	 -6.207252333776276 
19.07  	 -7.201693475780367 
19.08  	 -8.124180325338864 
19.09  	 -8.96549548283142 
19.1  	 -9.717232566921419 
19.11  	 -10.37188021089937 
19.12  	 -10.92289711651263 
19.13  	 -11.3647774153398 
19.14  	 -11.69310568461042 
19.15  	 -11.90460106773941 
19.16  	 -11.99715005870681 
19.17  	 -11.96982762268042 
19.18  	 -11.82290644181925 
19.19  	 -11.5578541938455 
19.2  	 -11.17731889054565 
19.21  	 -10.68510242266404 
19.22  	 -10.0861225754907 
19.23  	 -9.386363894644333 
19.24  	 -8.59281789295793 
19.25  	 -7.71341319587672 
19.26  	 -6.756936323311621 
19.27  	 -5.732943899450995 
19.28  	 -4.651667167685284 
19.29  	 -3.523909764686431 
19.3  	 -2.360939775039267 
19.31  	 -1.174377144971658 
19.32  	 0.02392241989635679 
19.33  	 1.221985912730837 
19.34  	 2.407842655993248 
19.35  	 3.569643908968078 
19.36  	 4.695781257222734 
19.37  	 5.775002601081412 
19.38  	 6.796524584181931 
19.39  	 7.750140338751411 
19.4  	 8.626321471028261 
19.41  	 9.416313267806229 
19.42  	 10.11222217280676 
19.43  	 10.70709465882144 
19.44  	 11.1949867075355 
19.45  	 11.57102320278716 
19.46  	 11.83144664379811 
19.47  	 11.97365469162131 
19.48  	 11.99622617362658 
19.49  	 11.89893528616778 
19.5  	 11.68275385349557 
19.51  	 11.34984162031817 
19.52  	 10.903524674977 
19.53  	 10.34826221880031 
19.54  	 9.689602013639895 
19.55  	 8.934124952721636 
19.56  	 8.089379308618389 
19.57  	 7.163805315298376 
19.58  	 6.166650837783053 
19.59  	 5.107878972000325 
19.6  	 3.998068498052058 
19.61  	 2.848308181523646 
19.62  	 1.670085978934285 
19.63  	 0.4751742543452386 
19.64  	 -0.7244878459987112 
19.65  	 -1.916913685720926 
19.66  	 -3.090188905128232 
19.67  	 -4.23259046611433 
19.68  	 -5.332703785686284 
19.69  	 -6.379536787744533 
19.7  	 -7.362629733536494 
19.71  	 -8.272159733379702 
19.72  	 -9.099038895391535 
19.73  	 -9.835005130537713 
19.74  	 -10.47270470668581 
19.75  	 -11.00576572678984 
19.76  	 -11.42886179701398 
19.77  	 -11.73776524862133 
19.78  	 -11.92938938182846 
19.79  	 -12.00181930951466 
19.8  	 -11.95433109258147 
19.81  	 -11.78739897574368 
19.82  	 -11.50269065143016 
19.83  	 -11.1030505990924 
19.84  	 -10.59247166636617 
19.85  	 -9.976055176015892 
19.86  	 -9.259959957239481 
19.87  	 -8.451340810576692 
19.88  	 -7.55827702124155 
19.89  	 -6.589691635134129 
19.9  	 -5.555262304084945 
19.91  	 -4.465324591124817 
19.92  	 -3.330768701911958 
19.93  	 -2.162930674133984 
19.94  	 -0.9734791120788715 
19.95  	 0.2257014019176855 
19.96  	 1.422629054235161 
19.97  	 2.605344518461578 
19.98  	 3.762030449426169 
19.99  	 4.881129558820656 
20  	 5.951460092628599 
20.01  	 6.9623275565406 
20.02  	 7.903631573020067 
20.03  	 8.765966802325364 
20.04  	 9.540716919103652 
20.05  	 10.22014070555655 
20.06  	 10.79744940094518 
20.07  	 11.26687453456482 
20.08  	 11.62372556440437 
20.09  	 11.86443674556373 
20.1  	 11.9866027601139 
20.11  	 11.98900275237685 
20.12  	 11.8716125294509 
20.13  	 11.63560480505685 
20.14  	 11.28333748424739 
20.15  	 10.81833010601477 
20.16  	 10.24522867915494 
20.17  	 9.569759262717845 
20.18  	 8.798670754835383 
20.19  	 7.939667461545884 
20.2  	 7.001332119350555 
20.21  	 5.993040140621943 
20.22  	 4.924865938684611 
20.23  	 3.807482268527308 
20.24  	 2.65205358889329 
20.25  	 1.470124511233885 
20.26  	 0.2735044501027295 
20.27  	 -0.9258503724758789 
20.28  	 -2.115956389690801 
20.29  	 -3.284922426046151 
20.3  	 -4.42106851051379 
20.31  	 -5.513042579588346 
20.32  	 -6.549933904178391 
20.33  	 -7.521382107000124 
20.34  	 -8.417680681196405 
20.35  	 -9.229873975844566 
20.36  	 -9.949846679291699 
20.37  	 -10.57040490621415 
20.38  	 -11.08534807818974 
20.39  	 -11.48953087955862 
20.4  	 -11.77891466951221 
20.41  	 -11.9506078366994 
20.42  	 -12.00289469312122 
20.43  	 -11.93525261859699 
20.44  	 -11.74835728448128 
20.45  	 -11.44407590441954 
20.46  	 -11.02544857956044 
20.47  	 -10.49665792460008 
20.48  	 -9.862987278127632 
20.49  	 -9.130767914805407 
20.5  	 -8.30731578680683 
20.51  	 -7.400858426557715 
20.52  	 -6.420452741132315 
20.53  	 -5.375894519664802 
20.54  	 -4.277620557939085 
20.55  	 -3.136604378088324 
20.56  	 -1.96424658533265 
20.57  	 -0.7722609572703578 
20.58  	 0.427442596121582 
20.59  	 1.622877032353117 
20.6  	 2.802097947144262 
20.61  	 3.953322919293302 
20.62  	 5.065049237230855 
20.63  	 6.126168830968687 
20.64  	 7.126079261073323 
20.65  	 8.05478965569003 
20.66  	 8.903020537118701 
20.67  	 9.66229654049561 
20.68  	 10.32503109815358 
20.69  	 10.88460224350838 
20.7  	 11.33541877704925 
20.71  	 11.67297613330926 
20.72  	 11.89390139059526 
20.73  	 11.99598697373872 
20.74  	 11.97821271310428 
20.75  	 11.84075603943298 
20.76  	 11.58499021264051 
20.77  	 11.21347060225149 
20.78  	 10.72990915653573 
20.79  	 10.13913731542735 
20.8  	 9.447057737774395 
20.81  	 8.660585325231141 
20.82  	 7.787578132050494 
20.83  	 6.836758851091895 
20.84  	 5.817627660520737 
20.85  	 4.740367301997677 
20.86  	 3.615741338778059 
20.87  	 2.454986610287229 
20.88  	 1.26970095772585 
20.89  	 0.07172734251128254 
20.9  	 -1.126964484595901 
20.91  	 -2.314397581356758 
20.92  	 -3.478707483925896 
20.93  	 -4.608260753025186 
20.94  	 -5.691771211940076 
20.95  	 -6.718412714920616 
20.96  	 -7.67792731923489 
20.97  	 -8.560727780046619 
20.98  	 -9.357993344011948 
20.99  	 -10.06175788444648 
21  	 -10.6649894974331 
21.01  	 -11.16166076355998 
21.02  	 -11.54680897324319 
21.03  	 -11.81658571386877 
21.04  	 -11.96829532328142 
21.05  	 -12.00042182539114 
21.06  	 -11.91264407875132 
21.07  	 -11.70583898673446 
21.08  	 -11.38207273721624 
21.09  	 -10.94458015928417 
21.1  	 -10.39773240321849 
21.11  	 -9.746993266663424 
21.12  	 -8.998864603351267 
21.13  	 -8.160821359826151 
21.14  	 -7.241236889248819 
21.15  	 -6.24929928851305 
21.16  	 -5.194919594597625 
21.17  	 -4.088632757418687 
21.18  	 -2.9414923786235 
21.19  	 -1.764960268056552 
21.2  	 -0.5707919214103718 
21.21  	 0.6290809366710119 
21.22  	 1.822669570445666 
21.23  	 2.998048020697834 
21.24  	 4.143472265251686 
21.25  	 5.247497561758431 
21.26  	 6.299092800301442 
21.27  	 7.287750723239749 
21.28  	 8.203592911002266 
21.29  	 9.037468484841099 
21.3  	 9.781045540329288 
21.31  	 10.42689439801959 
21.32  	 10.96856183944034 
21.33  	 11.40063558667541 
21.34  	 11.71879838125758 
21.35  	 11.91987112202453 
21.36  	 12.00184463090577 
21.37  	 11.96389972923437 
21.38  	 11.80641542397506 
21.39  	 11.53096512206185 
21.4  	 11.14030091065824 
21.41  	 10.63832606039414 
21.42  	 10.03005602630701 
21.43  	 9.321568336141723 
21.44  	 8.519941866698904 
21.45  	 7.633186114952808 
21.46  	 6.670161170630077 
21.47  	 5.64048918984936 
21.48  	 4.55445825434154 
21.49  	 3.422919576852068 
21.5  	 2.257179079810879 
21.51  	 1.068884430576894 
21.52  	 -0.1300913380382644 
21.53  	 -1.327768459142713 
21.54  	 -2.512180129706975 
21.55  	 -3.67149207909286 
21.56  	 -4.794120813476525 
21.57  	 -5.868849354702523 
21.58  	 -6.884939317139516 
21.59  	 -7.832238202696645 
21.6  	 -8.701280841937324 
21.61  	 -9.483383967716543 
21.62  	 -10.17073297638453 
21.63  	 -10.75646000965829 
21.64  	 -11.23471257698283 
21.65  	 -11.60071203271985 
21.66  	 -11.85080132386842 
21.67  	 -11.98248153122718 
21.68  	 -11.99443683887983 
21.69  	 -11.88654768250571 
21.7  	 -11.65989194513102 
21.71  	 -11.31673418836198 
21.72  	 -10.8605030266875 
21.73  	 -10.29575687090933 
21.74  	 -9.628138382970549 
21.75  	 -8.864318097245292 
21.76  	 -8.011927771598822 
21.77  	 -7.079484134144268 
21.78  	 -6.076303787586376 
21.79  	 -5.012410121393848 
21.8  	 -3.898433161898004 
21.81  	 -2.745503360978311 
21.82  	 -1.565140384560044 
21.83  	 -0.3691380121105108 
21.84  	 0.8305537028209447 
21.85  	 2.021947833606272 
21.86  	 3.193140350068968 
21.87  	 4.332429059841583 
21.88  	 5.428430533124765 
21.89  	 6.470193842570218 
21.9  	 7.447309981831403 
21.91  	 8.350015869502183 
21.92  	 9.169291899263918 
21.93  	 9.896952061544926 
21.94  	 10.52572573621856 
21.95  	 11.04933033908589 
21.96  	 11.46253409627441 
21.97  	 11.76120831932251 
21.98  	 11.9423686586247 
21.99  	 12.00420492303724 
22  	 11.94609916768655 
22.01  	 11.76863186924336 
22.02  	 11.47357612695155 
22.03  	 11.06387994734371 
22.04  	 10.54363678963949 
22.05  	 9.918044666118623 
22.06  	 9.193354206115968 
22.07  	 8.376806202558196 
22.08  	 7.476559265049408 
22.09  	 6.501608302365751 
22.1  	 5.461694648849361 
22.11  	 4.367208732684128 
22.12  	 3.229086258555758 
22.13  	 2.058698942001477 
22.14  	 0.8677408871935044 
22.15  	 -0.3318882565694803 
22.16  	 -1.528202192201451 
22.17  	 -2.709247738015364 
22.18  	 -3.863224260121082 
22.19  	 -4.978601580703502 
22.2  	 -6.044235184077239 
22.21  	 -7.049477569413029 
22.22  	 -7.984284637531493 
22.23  	 -8.839316048777118 
22.24  	 -9.606028549223668 
22.25  	 -10.27676133271969 
22.26  	 -10.84481258585762 
22.27  	 -11.30450645104677 
22.28  	 -11.65124973860928 
22.29  	 -11.88157782124234 
22.3  	 -11.9931892522758 
22.31  	 -11.98496876182239 
22.32  	 -11.85699840104219 
22.33  	 -11.61055672316277 
22.34  	 -11.24810600942981 
22.35  	 -10.77326766761402 
22.36  	 -10.19078604887647 
22.37  	 -9.506481044514969 
22.38  	 -8.727189936221972 
22.39  	 -7.860699080860661 
22.4  	 -6.915666112336399 
22.41  	 -5.901533437891557 
22.42  	 -4.828433893135538 
22.43  	 -3.70708949846993 
22.44  	 -2.548704328498088 
22.45  	 -1.364852564830252 
22.46  	 -0.1673628508221032 
22.47  	 1.031799896264709 
22.48  	 2.220654034786124 
22.49  	 3.387320915423092 
22.5  	 4.520143568901346 
22.51  	 5.607803178832656 
22.52  	 6.639432175916217 
22.53  	 7.604722823496415 
22.54  	 8.494030209521465 
22.55  	 9.298468615836178 
22.56  	 10.01000030191309 
22.57  	 10.62151581591809 
22.58  	 11.12690503066247 
22.59  	 11.52111819466657 
22.6  	 11.80021638832597 
22.61  	 11.96141088103147 
22.62  	 12.00309099599198 
22.63  	 11.92484020433671 
22.64  	 11.72744028768218 
22.65  	 11.41286352756572 
22.66  	 10.9842529997786 
22.67  	 10.44589117048461 
22.68  	 9.803157107894293 
22.69  	 9.06247273701554 
22.7  	 8.231238674479343 
22.71  	 7.317760284552567 
22.72  	 6.331164695156753 
22.73  	 5.281309603037223 
22.74  	 4.178684779267432 
22.75  	 3.034307259210054 
22.76  	 1.859611264159738 
22.77  	 0.666333954532468 
22.78  	 -0.5336018438829637 
22.79  	 -1.728206768851103 
22.8  	 -2.905544715496191 
22.81  	 -4.053852098047455 
22.82  	 -5.16165538789749 
22.83  	 -6.217885753569818 
22.84  	 -7.211989657147779 
22.85  	 -8.134034302118076 
22.86  	 -8.974806879024738 
22.87  	 -9.725906617298895 
22.88  	 -10.37982872350776 
22.89  	 -10.93003936733397 
22.9  	 -11.37104096604415 
22.91  	 -11.69842711513989 
22.92  	 -11.90892661633549 
22.93  	 -12.00043616294332 
22.94  	 -11.97204135607828 
22.95  	 -11.82402584168801 
22.96  	 -11.55786847710797 
22.97  	 -11.17622855544588 
22.98  	 -10.68291923542232 
22.99  	 -10.08286944214172 
23  	 -9.382074619463026 
23.01  	 -8.58753682603065 
23.02  	 -7.707194773501559 
23.03  	 -6.749844505998865 
23.04  	 -5.725051513332659 
23.05  	 -4.643055156120329 
23.06  	 -3.514666357756066 
23.07  	 -2.351159585455333 
23.08  	 -1.164160199662266 
23.09  	 0.03447170261351107 
23.1  	 1.232759789932161 
23.11  	 2.418731159996653 
23.12  	 3.580535969023833 
23.13  	 4.706565831615073 
23.14  	 5.785569808112108 
23.15  	 6.806766820528254 
23.16  	 7.759953373829085 
23.17  	 8.635605506243621 
23.18  	 9.424973949948207 
23.19  	 10.12017155130456 
23.2  	 10.71425207717309 
23.21  	 11.20127961988986 
23.22  	 11.57638790743002 
23.23  	 11.83582892614499 
23.24  	 11.97701037024499 
23.25  	 11.99852154383858 
23.26  	 11.90014745671862 
23.27  	 11.68287097304851 
23.28  	 11.34886299147403 
23.29  	 10.90146075477228 
23.3  	 10.34513450575522 
23.31  	 9.685442822585834 
23.32  	 8.928977079776953 
23.33  	 8.083295589795485 
23.34  	 7.156848083303382 
23.35  	 6.158891282600102 
23.36  	 5.099396411825594 
23.37  	 3.988949568048604 
23.38  	 2.838645948697172 
23.39  	 1.659978992174212 
23.4  	 0.4647255393273007 
23.41  	 -0.7351718367992814 
23.42  	 -1.927724157208135 
23.43  	 -3.101015826919121 
23.44  	 -4.243323691763698 
23.45  	 -5.343234172425632 
23.46  	 -6.389757305361406 
23.47  	 -7.372436551138687 
23.48  	 -8.281453273021276 
23.49  	 -9.107724841881744 
23.5  	 -9.842995387206129 
23.51  	 -10.47991828743264 
23.52  	 -11.01212957540378 
23.53  	 -11.43431152548437 
23.54  	 -11.74224578699901 
23.55  	 -11.93285553309256 
23.56  	 -12.00423620387089 
23.57  	 -11.95567453664166 
23.58  	 -11.78765569310601 
23.59  	 -11.50185841228374 
23.6  	 -11.10113823759733 
23.61  	 -10.58949898569945 
23.62  	 -9.972052742113437 
23.63  	 -9.254968783392735 
23.64  	 -8.445411936148163 
23.65  	 -7.551470988835431 
23.66  	 -6.582077871585348 
23.67  	 -5.546918411602112 
23.68  	 -4.456335555829662 
23.69  	 -3.321226027851097 
23.7  	 -2.152931451589535 
23.71  	 -0.9631250296652096 
23.72  	 0.2363050913195768 
23.73  	 1.433374603192367 
23.74  	 2.61612277948458 
23.75  	 3.772731983131711 
23.76  	 4.891645744517175 
23.77  	 5.961684230061427 
23.78  	 6.97215594763034 
23.79  	 7.912964572636978 
23.8  	 8.774709827462825 
23.81  	 9.548781406241554 
23.82  	 10.22744500653648 
23.83  	 10.80391960830791 
23.84  	 11.27244522802059 
23.85  	 11.62834047091036 
23.86  	 11.86804930636261 
23.87  	 11.98917659903403 
23.88  	 11.99051204069781 
23.89  	 11.87204224368899 
23.9  	 11.63495087511154 
23.91  	 11.28160683046209 
23.92  	 10.81554056483106 
23.93  	 10.24140881816812 
23.94  	 9.564948087061421 
23.95  	 8.792917307921543 
23.96  	 7.933030324257514 
23.97  	 6.993878812806354 
23.98  	 5.984846438610083 
23.99  	 4.916015096771796 
24  	 3.798064177690193 
24.01  	 2.642163862279363 
24.02  	 1.459863513331423 
24.03  	 0.2629762781778753 
24.04  	 -0.9365389443387828 
24.05  	 -2.126696993236104 
24.06  	 -3.295606197206743 
24.07  	 -4.431587192356087 
24.08  	 -5.523289618673739 
24.09  	 -6.559805529244645 
24.1  	 -7.530778379050558 
24.11  	 -8.426506504379482 
24.12  	 -9.238040058908384 
24.13  	 -9.957270437903023 
24.14  	 -10.57701129703465 
24.15  	 -11.09107035629699 
24.16  	 -11.49431127157893 
24.17  	 -11.78270495568894 
24.18  	 -11.95336983604462 
24.19  	 -12.00460064678198 
24.2  	 -11.9358854675994 
24.21  	 -11.74791083908564 
24.22  	 -11.4425549034176 
24.23  	 -11.02286863895976 
24.24  	 -10.49304537625939 
24.25  	 -9.858378900020089 
24.26  	 -9.12521055568166 
24.27  	 -8.300865889096645 
24.28  	 -7.393581452376234 
24.29  	 -6.412422507234695 
24.3  	 -5.367192448111071 
24.31  	 -4.268334850080421 
24.32  	 -3.12682912025791 
24.33  	 -1.95408079531114 
24.34  	 -0.7618075811908509 
24.35  	 0.4380777262671935 
24.36  	 1.633586270050689 
24.37  	 2.812772920693859 
24.38  	 3.963855628125293 
24.39  	 5.075333144115342 
24.4  	 6.136099939078106 
24.41  	 7.135557165015645 
24.42  	 8.06371855589753 
24.43  	 8.91131020735193 
24.44  	 9.669863238700096 
24.45  	 10.33179841148317 
24.46  	 10.89050185899808 
24.47  	 11.34039117017494 
24.48  	 11.67697116750453 
24.49  	 11.89687882169795 
24.5  	 11.99791685430251 
24.51  	 11.97907569252437 
24.52  	 11.84054355688897 
24.53  	 11.58370458094341 
24.54  	 11.21112498178465 
24.55  	 10.72652741958983 
24.56  	 10.13475380233663 
24.57  	 9.441716907353646 
24.58  	 8.654341303079489 
24.59  	 7.780494161318178 
24.6  	 6.828906651289675 
24.61  	 5.809086700878003 
24.62  	 4.731223996735991 
24.63  	 3.606088172452577 
24.64  	 2.444921202051684 
24.65  	 1.259325073990276 
24.66  	 0.06114586797933885 
24.67  	 -1.137644607106464 
24.68  	 -2.32506843159552 
24.69  	 -3.489261254474802 
24.7  	 -4.618590838136023 
24.71  	 -5.701773283951477 
24.72  	 -6.727985777390778 
24.73  	 -7.68697472616499 
24.74  	 -8.569158210915779 
24.75  	 -9.365721724794081 
24.76  	 -10.06870624532783 
24.77  	 -10.67108775859129 
24.78  	 -11.16684744109417 
24.79  	 -11.55103179815347 
24.8  	 -11.81980215786255 
24.81  	 -11.97047302612701 
24.82  	 -12.00153891953356 
24.83  	 -11.91268940794374 
24.84  	 -11.70481221650885 
24.85  	 -11.37998435610868 
24.86  	 -10.94145137083312 
24.87  	 -10.39359490985592 
24.88  	 -9.741888947709111 
24.89  	 -8.992845090388169 
24.9  	 -8.153947513768795 
24.91  	 -7.233578184407046 
24.92  	 -6.240933109889887 
24.93  	 -5.185930455533283 
24.94  	 -4.079111445493972 
24.95  	 -2.931535038457006 
24.96  	 -1.754667430263904 
24.97  	 -0.5602674875339371 
24.98  	 0.6397307430124011 
24.99  	 1.833337275599856 
25  	 3.00862598539744 
25.01  	 4.153853770467593 
25.02  	 5.25757788503793 
25.03  	 6.308770271739262 
25.04  	 7.296927750438739 
25.05  	 8.21217696269621 
25.06  	 9.045373023271791 
25.07  	 9.788190892989444 
25.08  	 10.43320855998708 
25.09  	 10.97398119823136 
25.1  	 11.40510556232745 
25.11  	 11.72227397520963 
25.12  	 11.92231736928301 
25.13  	 12.00323695096085 
25.14  	 11.96422417221335 
25.15  	 11.805668809576 
25.16  	 11.52915506989221 
25.17  	 11.13744576169769 
25.18  	 10.63445469039847 
25.19  	 10.02520755305831 
25.2  	 9.315791723519643 
25.21  	 8.513295429586377 
25.22  	 7.625736929988077 
25.23  	 6.661984398764099 
25.24  	 5.631667317554811 
25.25  	 4.545080261137519 
25.26  	 3.413080037549014 
25.27  	 2.246977210535741 
25.28  	 1.058423088202747 
25.29  	 -0.14070669296698 
25.3  	 -1.33843082553295 
25.31  	 -2.522782044371608 
25.32  	 -3.68192669966896 
25.33  	 -4.804282994897065 
25.34  	 -5.878636708378791 
25.35  	 -6.894253242188201 
25.36  	 -7.840984878829809 
25.37  	 -8.709372174021954 
25.38  	 -9.490738472499563 
25.39  	 -10.17727660246383 
25.4  	 -10.76212688245469 
25.41  	 -11.23944566122506 
25.42  	 -11.60446370578705 
25.43  	 -11.85353385423386 
25.44  	 -11.98416745720369 
25.45  	 -11.99505924387251 
25.46  	 -11.88610036402045 
25.47  	 -11.65837947585745 
25.48  	 -11.31417186873681 
25.49  	 -10.8569167294366 
25.5  	 -10.29118277915453 
25.51  	 -9.6226226245582 
25.52  	 -8.857916278997743 
25.53  	 -8.004704418196749 
25.54  	 -7.071512037306655 
25.55  	 -6.067663272116757 
25.56  	 -5.003188235496792 
25.57  	 -3.888722799930514 
25.58  	 -2.735402327479136 
25.59  	 -1.554750408989028 
25.6  	 -0.358563724224304 
25.61  	 0.8412058266365285 
25.62  	 2.032570542436685 
25.63  	 3.20362669821035 
25.64  	 4.342673483310713 
25.65  	 5.438329912105776 
25.66  	 6.479648539108066 
25.67  	 7.456224842333287 
25.68  	 8.358301181964405 
25.69  	 9.176864295599156 
25.7  	 9.903735355939276 
25.71  	 10.5316516910931 
25.72  	 11.05433935096763 
25.73  	 11.46657579468868 
25.74  	 11.76424207269539 
25.75  	 11.94436398212076 
25.76  	 12.0051417842452 
25.77  	 11.94596818709426 
25.78  	 11.76743441350211 
25.79  	 11.4713242940088 
25.8  	 11.06059644361119 
25.81  	 10.53935470044944 
25.82  	 9.912807121794359 
25.83  	 9.187213947032211 
25.84  	 8.369825047582102 
25.85  	 7.468807488724194 
25.86  	 6.493163927115613 
25.87  	 5.452642659337974 
25.88  	 4.357640220240572 
25.89  	 3.219097504283634 
25.9  	 2.048390447802058 
25.91  	 0.8572163644559183 
25.92  	 -0.3425229304340172 
25.93  	 -1.538840038882857 
25.94  	 -2.719781754370825 
25.95  	 -3.873548494361446 
25.96  	 -4.988612197877922 
25.97  	 -6.053831510143524 
25.98  	 -7.058563103398278 
25.99  	 -7.992768021610243 
26  	 -8.847111986519014 
26.01  	 -9.613058662785411 
26.02  	 -10.2829549503714 
26.03  	 -10.85010745193554 
26.04  	 -11.30884935120534 
26.05  	 -11.65459703409844 
26.06  	 -11.8838958868512 
26.07  	 -11.99445481355335 
26.08  	 -11.98516912819892 
26.09  	 -11.85613159252204 
26.1  	 -11.60863148932936 
26.11  	 -11.24514174058621 
26.12  	 -10.76929419896676 
26.13  	 -10.1858433597451 
26.14  	 -9.500618855604536 
26.15  	 -8.720467209019676 
26.16  	 -7.853183424201065 
26.17  	 -6.907433102111645 
26.18  	 -5.892665856754997 
26.19  	 -4.819020897850244 
26.2  	 -3.69722572327944 
26.21  	 -2.538488933538416 
26.22  	 -1.354388239153097 
26.23  	 -0.1567547800538853 
26.24  	 1.042445087249531 
26.25  	 2.231229353549448 
26.26  	 3.397720077234571 
26.27  	 4.530262064791637 
26.28  	 5.617539325697424 
26.29  	 6.648688138121713 
26.3  	 7.613405595725283 
26.31  	 8.502052550988321 
26.32  	 9.305749926492448 
26.33  	 10.01646743184474 
26.34  	 10.6271037998123 
26.35  	 11.13155773997307 
26.36  	 11.52478890093607 
26.37  	 11.80286823201519 
26.38  	 11.96301724115784 
26.39  	 12.00363575687462 
26.4  	 11.92431791678046 
26.41  	 11.7258562229934 
26.42  	 11.41023362386927 
26.43  	 10.98060370118752 
26.44  	 10.44125916074961 
26.45  	 9.797588941220393 
26.46  	 9.056024369765179 
26.47  	 8.223974902476408 
26.48  	 7.309754091649275 
26.49  	 6.322496519615676 
26.5  	 5.272066529105333 
26.51  	 4.168959662069317 
26.52  	 3.024197791756062 
26.53  	 1.84921899584498 
26.54  	 0.6557632709885717 
26.55  	 -0.5442447693346659 
26.56  	 -1.73881504161234 
26.57  	 -2.916011793259779 
26.58  	 -4.064072860739377 
26.59  	 -5.171527193249593 
26.6  	 -6.22730946772519 
26.61  	 -7.220870649952979 
26.62  	 -8.142283397112077 
26.63  	 -8.982341248590576 
26.64  	 -9.732650613995698 
26.65  	 -10.38571463924266 
26.66  	 -10.93500811275877 
26.67  	 -11.37504266336361 
26.68  	 -11.70142159838821 
26.69  	 -11.91088383410768 
26.7  	 -12.00133647954748 
26.71  	 -11.97187574809538 
26.72  	 -11.82279598797575 
26.73  	 -11.55558674135542 
26.74  	 -11.17291786146408 
26.75  	 -10.67861283643284 
26.76  	 -10.07761058638892 
26.77  	 -9.375916115516329 
26.78  	 -8.580540512149433 
26.79  	 -7.699430896397792 
26.8  	 -6.741391015241438 
26.81  	 -5.715993278483295 
26.82  	 -4.633483114465732 
26.83  	 -3.504676601196677 
26.84  	 -2.340852395720728 
26.85  	 -1.153639041540948 
26.86  	 0.04510121992198779 
26.87  	 1.243390972915821 
26.88  	 2.429257301739496 
26.89  	 3.590851420175612 
26.9  	 4.716567060674579 
26.91  	 5.795156440384448 
26.92  	 6.815842645331713 
26.93  	 7.768427309846853 
26.94  	 8.643392515336661 
26.95  	 9.431995890263725 
26.96  	 10.12635796112455 
26.97  	 10.7195408816433 
26.98  	 11.20561775354393 
26.99  	 11.57973184626953 
27  	 11.83814512394363 
27.01  	 11.97827559470724 
27.02  	 11.99872310924788 
27.03  	 11.89928335074923 
27.04  	 11.68094987647715 
27.05  	 11.34590419060208 
27.06  	 10.89749394744565 
27.07  	 10.34019950293645 
27.08  	 9.679589148480581 
27.09  	 8.922263474534384 
27.1  	 8.07578941977923 
27.11  	 7.148624664856258 
27.12  	 6.150033126093201 
27.13  	 5.089992393581277 
27.14  	 3.979094038449749 
27.15  	 2.82843778543441 
27.16  	 1.649520608132342 
27.17  	 0.4541218550662465 
27.18  	 -0.7458144456594311 
27.19  	 -1.938298927137606 
27.2  	 -3.111416677459244 
27.21  	 -4.25344628959533 
27.22  	 -5.35297697785282 
27.23  	 -6.399022590715177 
27.24  	 -7.381131380888455 
27.25  	 -8.289490435766258 
27.26  	 -9.115023724878247 
27.27  	 -9.849482784663707 
27.28  	 -10.48552913447708 
27.29  	 -11.01680760035106 
27.3  	 -11.43800981388956 
27.31  	 -11.74492725182947 
27.32  	 -11.93449328631661 
27.33  	 -12.00481382574221 
27.34  	 -11.95518623998581 
27.35  	 -11.78610638096876 
27.36  	 -11.49926362837018 
27.37  	 -11.09752401000599 
27.38  	 -10.58490156552548 
27.39  	 -9.966518239549087 
27.4  	 -9.248552704980849 
27.41  	 -8.438178627835283 
27.42  	 -7.543492990415359 
27.43  	 -6.57343518901191 
27.44  	 -5.537697714472944 
27.45  	 -4.446629308092481 
27.46  	 -3.311131560452856 
27.47  	 -2.14254998637024 
27.48  	 -0.9525606642863171 
27.49  	 0.2469464272323827 
27.5  	 1.443986210224402 
27.51  	 2.6265982582749 
27.52  	 3.782966301156846 
27.53  	 4.901536289120799 
27.54  	 5.971131837173575 
27.55  	 6.981065895864339 
27.56  	 7.921247532800082 
27.57  	 8.782282757964239 
27.58  	 9.555568385424623 
27.59  	 10.23337799359478 
27.6  	 10.8089391251615 
27.61  	 11.27650095532143 
27.62  	 11.63139175220749 
27.63  	 11.87006555537831 
27.64  	 11.99013760597408 
27.65  	 11.99040817453113 
27.66  	 11.87087454837503 
27.67  	 11.63273105881685 
27.68  	 11.27835714788026 
27.69  	 10.81129359379161 
27.7  	 10.23620713277942 
27.71  	 9.558843830669533 
27.72  	 8.785971670170969 
27.73  	 7.925312927500441 
27.74  	 6.985467014015403 
27.75  	 5.975824553795912 
27.76  	 4.906473555683164 
27.77  	 3.788098617272271 
27.78  	 2.631874167979285 
27.79  	 1.449352817862189 
27.8  	 0.2523499277773487 
27.81  	 -0.9471744457918769 
27.82  	 -2.137235051666066 
27.83  	 -3.305941196646383 
27.84  	 -4.441615553407634 
27.85  	 -5.532910836518233 
27.86  	 -6.568923180798614 
27.87  	 -7.539301089178541 
27.88  	 -8.434348861481928 
27.89  	 -9.245123470712358 
27.9  	 -9.963523918882931 
27.91  	 -10.58237217957583 
27.92  	 -11.09548491847964 
27.93  	 -11.49773527529578 
27.94  	 -11.78510408970888 
27.95  	 -11.95472005958736 
27.96  	 -12.00488843016594 
27.97  	 -11.93510792755643 
27.98  	 -11.7460757673919 
27.99  	 -11.43968068855882 
28  	 -11.0189840816209 
28.01  	 -10.4881894004925 
28.02  	 -9.852600162989241 
28.03  	 -9.11856695989982 
28.04  	 -8.293424002046191 
28.05  	 -7.38541583933227 
28.06  	 -6.403614983979701 
28.07  	 -5.357831261031596 
28.08  	 -4.258513791863644 
28.09  	 -3.116646590050547 
28.1  	 -1.943638812759199 
28.11  	 -0.7512107642400949 
28.12  	 0.4487232095676055 
28.13  	 1.644173765239113 
28.14  	 2.823196355424699 
28.15  	 3.974010574830346 
28.16  	 5.08511786615253 
28.17  	 6.145416409888128 
28.18  	 7.144312050078129 
28.19  	 8.071824147651371 
28.2  	 8.91868530371627 
28.21  	 9.676433956397846 
28.22  	 10.33749892602255 
28.23  	 10.89527506390269 
28.24  	 11.34418924886227 
28.25  	 11.67975607208802 
28.26  	 11.89862265392036 
28.27  	 11.998602144789 
28.28  	 11.97869557556224 
28.29  	 11.8391018389877 
28.3  	 11.58121570249261 
28.31  	 11.20761387219832 
28.32  	 10.72202924739213 
28.33  	 10.12931362269667 
28.34  	 9.435389210603637 
28.35  	 8.647189468742264 
28.36  	 7.772589823116268 
28.37  	 6.820328979499348 
28.38  	 5.799921609219246 
28.39  	 4.721563281744837 
28.4  	 3.596028593958022 
28.41  	 2.434563513968842 
28.42  	 1.248773015138606 
28.43  	 0.05050512303457166 
28.44  	 -1.148267466119329 
28.45  	 -2.335567012666488 
28.46  	 -3.499530411140534 
28.47  	 -4.628527722507828 
28.48  	 -5.711278376694326 
28.49  	 -6.73696388433935 
28.5  	 -7.695335931597337 
28.51  	 -8.576818777939701 
28.52  	 -9.372604933831369 
28.53  	 -10.07474316230183 
28.54  	 -10.6762179251276 
28.55  	 -11.1710194798255 
28.56  	 -11.5542039270703 
28.57  	 -11.82194260856206 
28.58  	 -11.97156036177554 
28.59  	 -12.00156224936207 
28.6  	 -11.91164849613208 
28.61  	 -11.70271748437213 
28.62  	 -11.37685677756774 
28.63  	 -10.9373222622192 
28.64  	 -10.38850561615812 
28.65  	 -9.735890428409736 
28.66  	 -8.985997409036491 
28.67  	 -8.146319236407317 
28.68  	 -7.225245692876872 
28.69  	 -6.231979836893798 
28.7  	 -5.176446049118211 
28.71  	 -4.069190871320957 
28.72  	 -2.921277628849256 
28.73  	 -1.744175889556078 
28.74  	 -0.5496468636829046 
28.75  	 0.6503741102576979 
28.76  	 1.843896819437522 
28.77  	 3.01899597896002 
28.78  	 4.163930385374952 
28.79  	 5.267260230917665 
28.8  	 6.317961406307725 
28.81  	 7.305535650030885 
28.82  	 8.220115443528821 
28.83  	 9.052562604218267 
28.84  	 9.794559591230302 
28.85  	 10.43869261157256 
28.86  	 10.97852569634465 
28.87  	 11.40866500686116 
28.88  	 11.72481272815635 
28.89  	 11.92381001138373 
28.9  	 12.00366853604386 
28.91  	 11.96359037668045 
28.92  	 11.80397597554268 
28.93  	 11.52642014155309 
28.94  	 11.13369611555738 
28.95  	 10.62972786107046 
28.96  	 10.01955085737986 
28.97  	 9.309261786748445 
28.98  	 8.505957618424782 
28.99  	 7.617664698113192 
29  	 6.653258551417677 
29.01  	 5.622375202556865 
29.02  	 4.535314894423773 
29.03  	 3.402939171987458 
29.04  	 2.236562357345019 
29.05  	 1.047838500769186 
29.06  	 -0.151355062700852 
29.07  	 -1.349036387661324 
29.08  	 -2.533238637983102 
29.09  	 -3.692129655489156 
29.1  	 -4.814130182979383 
29.11  	 -5.88802956035734 
29.12  	 -6.903097737861147 
29.13  	 -7.849192487199211 
29.14  	 -8.716860739372189 
29.15  	 -9.497433036646891 
29.16  	 -10.18311015494883 
29.17  	 -10.76704103117072 
29.18  	 -11.24339121677262 
29.19  	 -11.60740117370748 
29.2  	 -11.85543383019808 
29.21  	 -11.98501092120324 
29.22  	 -11.9948377504709 
29.23  	 -11.88481612676337 
29.24  	 -11.65604534499971 
29.25  	 -11.31081120251162 
29.26  	 -10.85256316015819 
29.27  	 -10.28587987649777 
29.28  	 -9.616423459387589 
29.29  	 -8.850882892113718 
29.3  	 -7.996907199318299 
29.31  	 -7.06302902050772 
29.32  	 -6.058579354769675 
29.33  	 -4.993594328541403 
29.34  	 -3.878714917974521 
29.35  	 -2.725080627837277 
29.36  	 -1.544218189279269 
29.37  	 -0.3479263885537562 
29.38  	 0.8518418225492521 
29.39  	 2.043098756645485 
29.4  	 3.213941767769996 
29.41  	 4.352672178689396 
29.42  	 5.447912170230252 
29.43  	 6.48871846470397 
29.44  	 7.464691667540715 
29.45  	 8.366080174626722 
29.46  	 9.183877607136898 
29.47  	 9.90991280032584 
29.48  	 10.53693144713861 
29.49  	 11.05866858088499 
29.5  	 11.46991117275391 
29.51  	 11.76655021871392 
29.52  	 11.94562179536432 
29.53  	 12.00533667451991 
29.54  	 11.94509820062986 
29.55  	 11.76550825240504 
29.56  	 11.46836122908671 
29.57  	 11.05662612144343 
29.58  	 10.53441684663643 
29.59  	 9.906951143357272 
29.6  	 9.180498437943687 
29.61  	 8.362317202377703 
29.62  	 7.460582430063988 
29.63  	 6.484303954026126 
29.64  	 5.443236423658194 
29.65  	 4.347781839513921 
29.66  	 3.20888561997344 
29.67  	 2.03792723825499 
29.68  	 0.8466065224902606 
29.69  	 -0.3531732450845728 
29.7  	 -1.549424261787978 
29.71  	 -2.730193982656475 
29.72  	 -3.883684546328523 
29.73  	 -4.998370655384784 
29.74  	 -6.063114733323294 
29.75  	 -7.067278207558912 
29.76  	 -8.000827806543942 
29.77  	 -8.854435808923968 
29.78  	 -9.61957324307226 
29.79  	 -10.2885951057835 
29.8  	 -10.8548167486495 
29.81  	 -11.31258066888925 
29.82  	 -11.65731303728086 
29.83  	 -11.88556939838695 
29.84  	 -11.99506908645117 
29.85  	 -11.98471801309367 
29.86  	 -11.85461959911757 
29.87  	 -11.60607374119947 
29.88  	 -11.24156382378784 
29.89  	 -10.76473190598185 
29.9  	 -10.18034233131485 
29.91  	 -9.494234124041071 
29.92  	 -8.713262647565958 
29.93  	 -7.84523110794933 
29.94  	 -6.898812586875649 
29.95  	 -5.883463383111827 
29.96  	 -4.809328528315936 
29.97  	 -3.687140421251397 
29.98  	 -2.528111593219998 
29.99  	 -1.343822676165908 
30  	 -0.1461066928363302 
30.01  	 1.053069174866805 
30.02  	 2.241723158012553 
30.03  	 3.407978618518898 
30.04  	 4.540182716601397 
30.05  	 5.627022842106497 
30.06  	 6.657639646386043 
30.07  	 7.621735545335627 
30.08  	 8.509677609470153 
30.09  	 9.312593812992759 
30.1  	 10.02246168016797 
30.11  	 10.63218844327359 
30.12  	 11.13568191121925 
30.13  	 11.52791134073555 
30.14  	 11.8049577019287 
30.15  	 11.96405283596344 
30.16  	 12.00360711362345 
30.17  	 11.92322531839356 
30.18  	 11.72371059536506 
30.19  	 11.40705642650756 
30.2  	 10.97642671248753 
30.21  	 10.43612416004908 
30.22  	 9.791547290819608 
30.23  	 9.049136501093713 
30.24  	 8.216309711548016 
30.25  	 7.301388249853401 
30.26  	 6.313513706740878 
30.27  	 5.262556596267609 
30.28  	 4.159017732919339 
30.29  	 3.013923310956499 
30.3  	 1.838714734336357 
30.31  	 0.6451342979941246 
30.32  	 -0.5548921372821458 
30.33  	 -1.749374304109049 
30.34  	 -2.926377331297797 
30.35  	 -4.074140993146682 
30.36  	 -5.181197213736546 
30.37  	 -6.236484652164975 
30.38  	 -7.229459223821406 
30.39  	 -8.15019945341086 
30.4  	 -8.989505607073598 
30.41  	 -9.738991613105092 
30.42  	 -10.39116885283466 
30.43  	 -10.93952098445174 
30.44  	 -11.37856905216469 
30.45  	 -11.70392623014252 
30.46  	 -11.91234165425604 
30.47  	 -12.00173290366581 
30.48  	 -11.97120680771134 
30.49  	 -11.82106837020566 
30.5  	 -11.5528177219664 
30.51  	 -11.16913513203245 
30.52  	 -10.67385422732875 
30.53  	 -10.07192368835941 
30.54  	 -9.36935780365263 
30.55  	 -8.573176377001118 
30.56  	 -7.691334587924496 
30.57  	 -6.732643506164768 
30.58  	 -5.706682054407467 
30.59  	 -4.623701298867712 
30.6  	 -3.494522024037934 
30.61  	 -2.330426614996331 
30.62  	 -1.143046327552307 
30.63  	 0.0557549274118041 
30.64  	 1.253999124214248 
30.65  	 2.439713802847418 
30.66  	 3.601051693843687 
30.67  	 4.726409092281343 
30.68  	 5.804541798176647 
30.69  	 6.824677464823774 
30.7  	 7.776623232535107 
30.71  	 8.650867572340919 
30.72  	 9.438675322059751 
30.73  	 10.13217496517025 
30.74  	 10.72443728042266 
30.75  	 11.20954457634882 
30.76  	 11.58264981890211 
30.77  	 11.84002506144324 
30.78  	 11.97909869317533 
30.79  	 11.99848113385376 
30.8  	 11.89797871803781 
30.81  	 11.67859563015669 
30.82  	 11.34252387105534 
30.83  	 10.89312135627067 
30.84  	 10.3348783648728 
30.85  	 9.673372674103073 
30.86  	 8.915213828088701 
30.87  	 8.067977097482188 
30.88  	 7.140127789878959 
30.89  	 6.14093666727826 
30.9  	 5.080387315707952 
30.91  	 3.96907639254519 
30.92  	 2.818107748228659 
30.93  	 1.638981480263128 
30.94  	 0.4434790280520207 
30.95  	 -0.7564545433476348 
30.96  	 -1.948829894366032 
30.97  	 -3.121733204440073 
30.98  	 -4.263445210974187 
30.99  	 -5.362558304344511 
31  	 -6.40809050897176 
31.01  	 -7.389595211601491 
31.02  	 -8.297265540422915 
31.03  	 -9.122032352104499 
31.04  	 -9.855654847692099 
31.05  	 -10.49080291196537 
31.06  	 -11.02113035354463 
31.07  	 -11.44133831395707 
31.08  	 -11.74722821209962 
31.09  	 -11.93574369509474 
31.1  	 -12.00500117637981 
31.11  	 -11.95430865590342 
31.12  	 -11.7841726343831 
31.13  	 -11.49629305253944 
31.14  	 -11.09354630587164 
31.15  	 -10.57995650468533 
31.16  	 -9.960655266532484 
31.17  	 -9.241830442804069 
31.18  	 -8.430664291782096 
31.19  	 -7.535261715905373 
31.2  	 -6.564569280278307 
31.21  	 -5.528285821562925 
31.22  	 -4.436765540420378 
31.23  	 -3.300914545770158 
31.24  	 -2.132081884562462 
31.25  	 -0.9419461458581826 
31.26  	 0.2576012277690061 
31.27  	 1.454574755594543 
31.28  	 2.637014673705072 
31.29  	 3.793106433008694 
31.3  	 4.9112987463087 
31.31  	 5.98041900495345 
31.32  	 6.989784911857209 
31.33  	 7.929311215491667 
31.34  	 8.789610478397261 
31.35  	 9.562086873368465 
31.36  	 10.23902207013248 
31.37  	 10.81365235436982 
31.38  	 11.28023620852892 
31.39  	 11.63411167918935 
31.4  	 11.8717429577778 
31.41  	 11.99075570921744 
