0.01  	 0.01030807858528282 
0.02  	 0.02141975724704768 
0.03  	 0.03320448428585578 
0.04  	 0.04551631117471035 
0.05  	 0.05819570352040009 
0.06  	 0.07107156769397899 
0.07000000000000001  	 0.08396346791041449 
0.08  	 0.09668400592931001 
0.09  	 0.1090413332808988 
0.1  	 0.1208417640227548 
0.11  	 0.1318924545270004 
0.12  	 0.1420041157046429 
0.13  	 0.150993722407524 
0.14  	 0.1586871845186233 
0.15  	 0.164921944452268 
0.16  	 0.1695494664360747 
0.17  	 0.1724375840298068 
0.18  	 0.1734726738412027 
0.19  	 0.1725616253085958 
0.2  	 0.1696335787132806 
0.21  	 0.1646414062349594 
0.22  	 0.1575629138407461 
0.23  	 0.1484017450676698 
0.24  	 0.137187971282372 
0.25  	 0.1239783567385539 
0.26  	 0.1088562906588593 
0.27  	 0.09193138259727016 
0.28  	 0.07333872144310918 
0.29  	 0.05323780255968358 
0.3  	 0.03181113166024506 
0.31  	 0.009262518062130552 
0.32  	 -0.01418492612183043 
0.33  	 -0.03829106054461845 
0.34  	 -0.06280124109091503 
0.35  	 -0.0874490671174661 
0.36  	 -0.1119593213523753 
0.37  	 -0.1360510696861056 
0.38  	 -0.1594408858024989 
0.39  	 -0.1818461637101931 
0.4  	 -0.202988479768298 
0.41  	 -0.2225969647751417 
0.42  	 -0.2404116461203875 
0.43  	 -0.2561867198986498 
0.44  	 -0.2696937132513842 
0.45  	 -0.2807244980423199 
0.46  	 -0.2890941182736288 
0.47  	 -0.2946433954035945 
0.48  	 -0.2972412779146618 
0.49  	 -0.2967869040812371 
0.5  	 -0.2932113498724017 
0.51  	 -0.2864790372641421 
0.52  	 -0.2765887818929025 
0.53  	 -0.2635744629174492 
0.54  	 -0.2475053021260472 
0.55  	 -0.2284857436846353 
0.5600000000000001  	 -0.2066549304204996 
0.5700000000000001  	 -0.182185777124406 
0.58  	 -0.1552836459804794 
0.59  	 -0.1261846338447429 
0.6  	 -0.09515348563744903 
0.61  	 -0.06248115253886359 
0.62  	 -0.02848201793173866 
0.63  	 0.006509181933305457 
0.64  	 0.04214071180835535 
0.65  	 0.07804743166150102 
0.66  	 0.1138545939418374 
0.67  	 0.1491818038994744 
0.68  	 0.183647100683895 
0.6900000000000001  	 0.2168711151187946 
0.7000000000000001  	 0.248481258705217 
0.71  	 0.2781158975562866 
0.72  	 0.3054284646295724 
0.73  	 0.3300914638049484 
0.74  	 0.3518003200587888 
0.75  	 0.3702770312057351 
0.76  	 0.3852735784075572 
0.77  	 0.3965750548695368 
0.78  	 0.4040024748375072 
0.79  	 0.4074152281469309 
0.8  	 0.4067131491278594 
0.8100000000000001  	 0.401838172600124 
0.8200000000000001  	 0.3927755539610606 
0.8300000000000001  	 0.3795546349288833 
0.84  	 0.3622491413103472 
0.85  	 0.3409770041604162 
0.86  	 0.3158997008406362 
0.87  	 0.2872211177062616 
0.88  	 0.2551859414030475 
0.89  	 0.2200775909754741 
0.9  	 0.1822157081214323 
0.91  	 0.1419532279170665 
0.92  	 0.09967305712373983 
0.93  	 0.05578439172300467 
0.9400000000000001  	 0.01071870955345792 
0.9500000000000001  	 -0.03507452220307163 
0.96  	 -0.08113238146442468 
0.97  	 -0.1269832213647296 
0.98  	 -0.1721515472322993 
0.99  	 -0.2161629895674521 
1  	 -0.2585493206442267 
1.01  	 -0.2988534613999809 
1.02  	 -0.3366344248861234 
1.03  	 -0.3714721427401966 
1.04  	 -0.4029721219064403 
1.05  	 -0.4307698801747945 
1.06  	 -0.4545351110167419 
1.07  	 -0.4739755306539453 
1.08  	 -0.4888403632797703 
1.09  	 -0.4989234238361073 
1.1  	 -0.5040657616944758 
1.11  	 -0.5041578329620334 
1.12  	 -0.4991411738858045 
1.13  	 -0.4890095529137979 
1.14  	 -0.4738095843374018 
1.15  	 -0.453640792029894 
1.16  	 -0.4286551175526817 
1.17  	 -0.3990558727634276 
1.18  	 -0.3650961429664488 
1.19  	 -0.3270766525327711 
1.2  	 -0.2853431107218608 
1.21  	 -0.2402830610967173 
1.22  	 -0.1923222633772397 
1.23  	 -0.1419206417639475 
1.24  	 -0.08956783862810019 
1.25  	 -0.03577841695097935 
1.26  	 0.01891324104576547 
1.27  	 0.07395828805133106 
1.28  	 0.1287989645006482 
1.29  	 0.1828742934755743 
1.3  	 0.2356258591169769 
1.31  	 0.2865036086600805 
1.32  	 0.3349716174971681 
1.33  	 0.3805137565989424 
1.34  	 0.4226392021934484 
1.35  	 0.4608877288075425 
1.36  	 0.4948347286117831 
1.37  	 0.5240959024599031 
1.38  	 0.5483315710566898 
1.39  	 0.5672505582947122 
1.4  	 0.5806136029363517 
1.41  	 0.5882362594426448 
1.42  	 0.5899912538187665 
1.43  	 0.5858102658068716 
1.44  	 0.5756851145553115 
1.45  	 0.5596683309699413 
1.46  	 0.5378731062460375 
1.47  	 0.5104726125233399 
1.48  	 0.4776986981350486 
1.49  	 0.4398399664661099 
1.5  	 0.3972392539281505 
1.51  	 0.3502905289294598 
1.52  	 0.2994352399008934 
1.53  	 0.2451581463664828 
1.54  	 0.1879826726572461 
1.55  	 0.1284658290975359 
1.56  	 0.06719275028824359 
1.57  	 0.004770904417578929 
1.58  	 -0.05817596869991858 
1.59  	 -0.1210141299644907 
1.6  	 -0.1831062602453689 
1.61  	 -0.2438179611516608 
1.62  	 -0.302524270663871 
1.63  	 -0.3586161263970318 
1.64  	 -0.4115067093898718 
1.65  	 -0.4606376021368745 
1.66  	 -0.5054846960967211 
1.67  	 -0.5455637861094278 
1.68  	 -0.5804357920162635 
1.69  	 -0.6097115512749897 
1.7  	 -0.6330561304650978 
1.71  	 -0.6501926082440056 
1.72  	 -0.6609052875000436 
1.73  	 -0.6650423001002957 
1.74  	 -0.6625175736946111 
1.75  	 -0.65331213645048 
1.76  	 -0.6374747422921204 
1.77  	 -0.6151218061329193 
1.78  	 -0.5864366456526118 
1.79  	 -0.5516680333066618 
1.8  	 -0.5111280693915596 
1.81  	 -0.4651893940521133 
1.82  	 -0.4142817630316731 
1.83  	 -0.3588880186611474 
1.84  	 -0.2995394939871643 
1.85  	 -0.2368108939859997 
1.86  	 -0.171314703433556 
1.87  	 -0.1036951761424157 
1.88  	 -0.0346219648792692 
1.89  	 0.03521654471041702 
1.9  	 0.1051201294631118 
1.91  	 0.1743837839264578 
1.92  	 0.2423048640329556 
1.93  	 0.3081902465130951 
1.94  	 0.371363430804974 
1.95  	 0.4311715104314733 
1.96  	 0.4869919417833591 
1.97  	 0.5382390399607506 
1.98  	 0.5843701337719711 
1.99  	 0.6248913151459859 
2  	 0.6593627220530973 
2.01  	 0.6874032985117901 
2.02  	 0.7086949803442978 
2.03  	 0.7229862609798499 
2.04  	 0.7300950977370424 
2.05  	 0.7299111255843699 
2.06  	 0.7223971523149213 
2.07  	 0.7075899163077736 
2.08  	 0.6856000955115162 
2.09  	 0.6566115638987751 
2.1  	 0.620879899326893 
2.11  	 0.5787301544202995 
2.12  	 0.5305539096855545 
2.13  	 0.4768056355021224 
2.14  	 0.4179983968235328 
2.15  	 0.3546989412997923 
2.16  	 0.2875222180207695 
2.17  	 0.2171253801135047 
2.18  	 0.1442013299401679 
2.19  	 0.06947187057894849 
2.2  	 -0.006319468425511635 
2.21  	 -0.08241485942917755 
2.22  	 -0.1580497846517746 
2.23  	 -0.2324607470568401 
2.24  	 -0.3048930060874473 
2.25  	 -0.3746082596073663 
2.26  	 -0.4408921936105953 
2.27  	 -0.503061822278531 
2.28  	 -0.5604725427762355 
2.29  	 -0.6125248317718587 
2.3  	 -0.6586705140127106 
2.31  	 -0.6984185373663729 
2.32  	 -0.7313401934966222 
2.33  	 -0.7570737287456741 
2.34  	 -0.7753282957834745 
2.35  	 -0.7858872031023624 
2.36  	 -0.788610426416708 
2.37  	 -0.7834363534023698 
2.38  	 -0.7703827409060483 
2.39  	 -0.7495468716923051 
2.4  	 -0.7211049058958978 
2.41  	 -0.6853104305269199 
2.42  	 -0.6424922185527191 
2.43  	 -0.5930512171701212 
2.44  	 -0.5374567928011192 
2.45  	 -0.4762422680134125 
2.46  	 -0.4099997929047443 
2.47  	 -0.3393746004208091 
2.48  	 -0.2650587015283673 
2.49  	 -0.1877840820705781 
2.5  	 -0.1083154684282597 
2.51  	 -0.02744273374265237 
2.52  	 0.05402697962726678 
2.53  	 0.1352773425791806 
2.54  	 0.2154910454707393 
2.55  	 0.2938580452983541 
2.56  	 0.3695837703844523 
2.57  	 0.4418971992396555 
2.58  	 0.5100587312483791 
2.59  	 0.5733677686497295 
2.6  	 0.6311699319344827 
2.61  	 0.6828638342290666 
2.62  	 0.727907344456301 
2.63  	 0.7658232740096718 
2.64  	 0.796204427305091 
2.65  	 0.8187179628262828 
2.66  	 0.8331090180954585 
2.67  	 0.8392035593121949 
2.68  	 0.8369104241375328 
2.69  	 0.8262225341798607 
2.7  	 0.8072172620829962 
2.71  	 0.7800559466409178 
2.72  	 0.744982557981659 
2.73  	 0.7023215234875628 
2.74  	 0.6524747336626849 
2.75  	 0.5959177555334828 
2.76  	 0.5331952892903453 
2.77  	 0.4649159116616525 
2.78  	 0.3917461568787475 
2.79  	 0.3144039929633229 
2.8  	 0.2336517573769306 
2.81  	 0.1502886217498473 
2.82  	 0.065142660393812 
2.83  	 -0.02093739845249683 
2.84  	 -0.1070906562402321 
2.85  	 -0.1924526775538387 
2.86  	 -0.2761641865697903 
2.87  	 -0.3573797388184982 
2.88  	 -0.4352762805234035 
2.89  	 -0.5090615086668283 
2.9  	 -0.5779819466907851 
2.91  	 -0.6413306533672523 
2.92  	 -0.698454485842158 
2.93  	 -0.7487608421376054 
2.94  	 -0.7917238134465034 
2.95  	 -0.8268896823236043 
2.96  	 -0.8538817093104142 
2.97  	 -0.8724041575650608 
2.98  	 -0.8822455126322302 
2.99  	 -0.8832808625074368 
3  	 -0.8754734115440279 
3.01  	 -0.8588751104363209 
3.02  	 -0.8336263934008279 
3.03  	 -0.7999550226800383 
3.04  	 -0.758174049518737 
3.05  	 -0.7086789097198938 
3.06  	 -0.6519436806847911 
3.07  	 -0.5885165353906938 
3.08  	 -0.5190144369717129 
3.09  	 -0.4441171253605073 
3.1  	 -0.3645604547400775 
3.11  	 -0.2811291472709889 
3.12  	 -0.194649034630438 
3.13  	 -0.1059788642625262 
3.14  	 -0.01600175183785137 
3.15  	 0.07438363479340074 
3.16  	 0.1642720719376274 
3.17  	 0.2527608664177603 
3.18  	 0.3389589405509703 
3.19  	 0.4219958241190088 
3.2  	 0.5010304624128721 
3.21  	 0.5752597510612345 
3.22  	 0.6439267108865462 
3.23  	 0.7063282194503189 
3.24  	 0.7618222202174425 
3.25  	 0.8098343353471867 
3.26  	 0.8498638139563576 
3.27  	 0.8814887542406105 
3.28  	 0.9043705450186138 
3.29  	 0.9182574800094732 
3.3  	 0.9229875063895028 
3.31  	 0.9184900778178954 
3.32  	 0.9047870910855937 
3.33  	 0.8819928947377741 
3.34  	 0.8503133673553438 
3.35  	 0.810044072560643 
3.36  	 0.7615675071423951 
3.37  	 0.7053494678804335 
3.38  	 0.6419345715986648 
3.39  	 0.5719409715941434 
3.4  	 0.4960543217931864 
3.41  	 0.4150210476883429 
3.42  	 0.3296409902338106 
3.43  	 0.2407594953483476 
3.44  	 0.1492590274270461 
3.45  	 0.05605039023689019 
3.46  	 -0.03793635728610599 
3.47  	 -0.1317611995517886 
3.48  	 -0.2244835839969239 
3.49  	 -0.3151718673619686 
3.5  	 -0.4029126935196808 
3.51  	 -0.4868202082962282 
3.52  	 -0.5660450181649971 
3.53  	 -0.6397828020752723 
3.54  	 -0.7072824889802315 
3.55  	 -0.7678539178197751 
3.56  	 -0.8208749017530861 
3.57  	 -0.8657976242743004 
3.58  	 -0.9021543014249165 
3.59  	 -0.9295620515736376 
3.6  	 -0.947726922096301 
3.61  	 -0.9564470306772374 
3.62  	 -0.9556147877851914 
3.63  	 -0.945218176063548 
3.64  	 -0.9253410718240245 
3.65  	 -0.8961626034503662 
3.66  	 -0.8579555512071944 
3.67  	 -0.8110838026113836 
3.68  	 -0.7559988870616572 
3.69  	 -0.6932356227400158 
3.7  	 -0.6234069178017494 
3.71  	 -0.5471977764677127 
3.72  	 -0.4653585687357983 
3.73  	 -0.3786976299554686 
3.74  	 -0.2880732633828399 
3.75  	 -0.1943852249836138 
3.76  	 -0.09856577511379432 
3.77  	 -0.001570386228097825 
3.78  	 0.09563180060384166 
3.79  	 0.1920676748911526 
3.8  	 0.2867699143976429 
3.81  	 0.3787867033031656 
3.82  	 0.4671913130701784 
3.83  	 0.5510914494370128 
3.84  	 0.6296382711359859 
3.85  	 0.7020349890657223 
3.86  	 0.7675449587030065 
3.87  	 0.8254991834808754 
3.88  	 0.8753031526382155 
3.89  	 0.9164429436050576 
3.9  	 0.9484905262622833 
3.91  	 0.9711082143325035 
3.92  	 0.9840522176417368 
3.93  	 0.9871752579546742 
3.94  	 0.9804282204402872 
3.95  	 0.963860822475709 
3.96  	 0.9376212913479736 
3.97  	 0.9019550523664148 
3.98  	 0.8572024388532187 
3.99  	 0.8037954453355072 
4  	 0.7422535549199968 
4.01  	 0.6731786811931081 
4.02  	 0.5972492739606545 
4.03  	 0.5152136466309291 
4.04  	 0.4278825909668735 
4.05  	 0.3361213522063809 
4.06  	 0.2408410441003848 
4.07  	 0.1429895891791296 
4.08  	 0.04354227446866009 
4.09  	 -0.05650798310866406 
4.1  	 -0.1561605643457152 
4.11  	 -0.254417168974203 
4.12  	 -0.3502918300008666 
4.13  	 -0.4428208205665203 
4.14  	 -0.5310723536596156 
4.15  	 -0.6141559769412822 
4.16  	 -0.6912315678501665 
4.17  	 -0.7615178380249538 
4.18  	 -0.8243002608727461 
4.19  	 -0.8789383417756118 
4.2  	 -0.9248721569099323 
4.21  	 -0.9616280938896057 
4.22  	 -0.9888237353630196 
4.23  	 -1.006171835216285 
4.24  	 -1.013483346076655 
4.25  	 -1.010669466280116 
4.26  	 -0.9977426842711574 
4.27  	 -0.9748168084425705 
4.28  	 -0.942105980598097 
4.29  	 -0.899922681428686 
4.3  	 -0.8486747465313987 
4.31  	 -0.7888614214665169 
4.32  	 -0.7210684940426886 
4.33  	 -0.6459625513440895 
4.34  	 -0.564284417873298 
4.350000000000001  	 -0.4768418394891203 
4.36  	 -0.3845014854856821 
4.37  	 -0.2881803481097255 
4.38  	 -0.1888366249763644 
4.39  	 -0.08746017515649294 
4.4  	 0.01493735588294577 
4.41  	 0.1173326438470846 
4.42  	 0.2187009245798694 
4.43  	 0.3180262618612515 
4.44  	 0.4143117410369624 
4.45  	 0.5065894860876146 
4.46  	 0.5939303993780931 
4.47  	 0.6754535259769471 
4.48  	 0.7503349480734289 
4.49  	 0.8178161196116889 
4.5  	 0.8772115567624551 
4.51  	 0.9279158062082011 
4.52  	 0.9694096203655118 
4.53  	 1.001265276537268 
4.54  	 1.023150985499204 
4.55  	 1.034834344095578 
4.56  	 1.036184795956723 
4.57  	 1.027175074361778 
4.58  	 1.007881611453814 
4.59  	 0.978483908369931 
4.600000000000001  	 0.9392628712717045 
4.61  	 0.8905981286471292 
4.62  	 0.8329643554993774 
4.63  	 0.766926640037264 
4.64  	 0.6931349381364553 
4.65  	 0.6123176700517895 
4.66  	 0.525274522536499 
4.67  	 0.432868527575858 
4.68  	 0.3360174962891707 
4.69  	 0.2356848931204498 
4.7  	 0.1328702411577245 
4.71  	 0.02859915423521349 
4.72  	 -0.07608690466780225 
4.73  	 -0.1801410363525487 
4.74  	 -0.2825213854313823 
4.75  	 -0.382201582447705 
4.76  	 -0.4781810433263739 
4.77  	 -0.5694950227047272 
4.78  	 -0.6552243200432596 
4.79  	 -0.7345045407814601 
4.8  	 -0.8065348191556976 
4.81  	 -0.8705859145897018 
4.82  	 -0.9260075997520152 
4.83  	 -0.9722352653876682 
4.84  	 -1.008795674803736 
4.850000000000001  	 -1.035311809343153 
4.86  	 -1.051506755234029 
4.87  	 -1.057206591762475 
4.88  	 -1.052342250690141 
4.89  	 -1.036950327123625 
4.9  	 -1.01117283253864 
4.91  	 -0.9752558912622084 
4.92  	 -0.929547392314852 
4.93  	 -0.874493619005355 
4.94  	 -0.8106348889477428 
4.95  	 -0.7386002471302827 
4.96  	 -0.6591012642092146 
4.97  	 -0.5729250012293432 
4.98  	 -0.4809262103984054 
4.99  	 -0.3840188492770628 
5  	 -0.2831669927131207 
5.01  	 -0.1793752329764289 
5.02  	 -0.07367866377751524 
5.03  	 0.0328674518750183 
5.04  	 0.1391982267497907 
5.05  	 0.2442498019308671 
5.06  	 0.3469700001637674 
5.07  	 0.4463288732374871 
5.08  	 0.5413290375851226 
5.09  	 0.631015694302508 
5.100000000000001  	 0.7144862328443351 
5.11  	 0.7908993217308439 
5.12  	 0.8594833946454332 
5.13  	 0.9195444462747348 
5.14  	 0.9704730590787881 
5.15  	 1.011750589812165 
5.16  	 1.042954452971388 
5.17  	 1.063762447336607 
5.18  	 1.073956081316631 
5.19  	 1.073422862800802 
5.2  	 1.062157529569022 
5.21  	 1.040262206908978 
5.22  	 1.007945489831191 
5.23  	 0.9655204580502507 
5.24  	 0.9134016426064544 
5.25  	 0.8521009735285173 
5.26  	 0.7822227481793502 
5.27  	 0.704457669780051 
5.28  	 0.6195760149730879 
5.29  	 0.5284199980697415 
5.3  	 0.4318954077405968 
5.31  	 0.3309625992692521 
5.32  	 0.2266269320239276 
5.33  	 0.1199287474430445 
5.34  	 0.01193298752174206 
5.350000000000001  	 -0.09628144252118465 
5.36  	 -0.2036324610601955 
5.37  	 -0.3090456384355996 
5.38  	 -0.411464958441927 
5.39  	 -0.5098634050671794 
5.4  	 -0.6032532682749766 
5.41  	 -0.690696065344731 
5.42  	 -0.7713119780478949 
5.43  	 -0.8442887107041555 
5.44  	 -0.9088896798832595 
5.45  	 -0.9644614531393255 
5.46  	 -1.010440361619412 
5.47  	 -1.046358219602669 
5.48  	 -1.071847092918857 
5.49  	 -1.086643067676753 
5.5  	 -1.090588980709397 
5.51  	 -1.083636083514571 
5.52  	 -1.065844622131757 
5.53  	 -1.037383326244292 
5.54  	 -0.9985278117190406 
5.55  	 -0.9496579116860248 
5.56  	 -0.8912539620080175 
5.57  	 -0.8238920774871229 
5.58  	 -0.7482384652964733 
5.59  	 -0.6650428318083853 
5.600000000000001  	 -0.5751309481181929 
5.61  	 -0.4793964480435881 
5.62  	 -0.3787919401271163 
5.63  	 -0.2743195221062587 
5.64  	 -0.1670207923711341 
5.65  	 -0.05796645804287955 
5.66  	 0.05175435657573857 
5.67  	 0.1610449943440127 
5.68  	 0.2688122335741396 
5.69  	 0.3739772304976364 
5.7  	 0.4754863263106006 
5.71  	 0.5723216104743116 
5.72  	 0.6635111343073092 
5.73  	 0.7481386723282719 
5.74  	 0.8253529332622322 
5.75  	 0.8943761280620026 
5.76  	 0.9545118086683541 
5.77  	 1.005151898473284 
5.78  	 1.045782843488692 
5.79  	 1.075990821977944 
5.8  	 1.095465959692919 
5.81  	 1.104005507780585 
5.82  	 1.101515950781851 
5.83  	 1.088014022837938 
5.84  	 1.063626621138822 
5.850000000000001  	 1.028589616685157 
5.86  	 0.9832455734790484 
5.87  	 0.9280403981992426 
5.88  	 0.8635189531432986 
5.89  	 0.7903196756251847 
5.9  	 0.7091682569972194 
5.91  	 0.6208704439199243 
5.92  	 0.5263040333371246 
5.93  	 0.426410140737581 
5.94  	 0.3221838286166754 
5.95  	 0.2146641885182085 
5.96  	 0.1049239755718335 
5.97  	 -0.005941101010041389 
5.98  	 -0.1168233244971123 
5.99  	 -0.2266140448433623 
6  	 -0.3342147697509312 
6.01  	 -0.4385481615775536 
6.02  	 -0.5385688299388226 
6.03  	 -0.6332738118297775 
6.04  	 -0.7217126341483519 
6.05  	 -0.8029968576161067 
6.06  	 -0.8763090062188719 
6.07  	 -0.9409107923806987 
6.08  	 -0.9961505550784757 
6.09  	 -1.041469835932162 
6.100000000000001  	 -1.076409026888965 
6.11  	 -1.100612032373386 
6.12  	 -1.113829898606621 
6.13  	 -1.115923373110141 
6.140000000000001  	 -1.106864368096473 
6.15  	 -1.086736312408302 
6.16  	 -1.055733387785502 
6.17  	 -1.014158656407261 
6.18  	 -0.962421097761241 
6.19  	 -0.9010315838224238 
6.2  	 -0.8305978321714046 
6.21  	 -0.7518183869384997 
6.22  	 -0.6654756872232174 
6.23  	 -0.5724282918103065 
6.24  	 -0.4736023374915208 
6.25  	 -0.3699823160210099 
6.26  	 -0.2626012616041047 
6.27  	 -0.1525304467748899 
6.28  	 -0.04086868949716634 
6.29  	 0.07126862172422421 
6.3  	 0.1827606750493881 
6.31  	 0.2924924433655248 
6.32  	 0.3993658410702929 
6.33  	 0.5023107178901134 
6.34  	 0.6002955796143462 
6.350000000000001  	 0.6923379282969869 
6.36  	 0.777514118225597 
6.37  	 0.854968628745668 
6.38  	 0.9239226608101311 
6.390000000000001  	 0.9836819708409148 
6.4  	 1.033643863075553 
6.41  	 1.073303269951356 
6.42  	 1.102257859169102 
6.43  	 1.120212115786912 
6.44  	 1.126980357926078 
6.45  	 1.122488655321928 
6.46  	 1.106775630917883 
6.47  	 1.079992136870061 
6.48  	 1.042399807591387 
6.49  	 0.9943685037054149 
6.5  	 0.9363726718884202 
6.51  	 0.8689866564424499 
6.52  	 0.7928790089530122 
6.53  	 0.7088058524375331 
6.54  	 0.6176033658836804 
6.55  	 0.5201794639148434 
6.56  	 0.4175047544146142 
6.57  	 0.3106028642116135 
6.58  	 0.2005402292972539 
6.59  	 0.08841545145776734 
6.600000000000001  	 -0.0246516724065749 
6.61  	 -0.1375313386721414 
6.62  	 -0.2490950312551153 
6.63  	 -0.3582268087936638 
6.640000000000001  	 -0.4638344718096255 
6.65  	 -0.5648604980547989 
6.66  	 -0.6602926365110982 
6.67  	 -0.7491740538755255 
6.68  	 -0.8306129317869637 
6.69  	 -0.9037914184984156 
6.7  	 -0.9679738451114707 
6.71  	 -1.022514123805714 
6.72  	 -1.066862253641692 
6.73  	 -1.100569868410764 
6.74  	 -1.123294770559984 
6.75  	 -1.134804405339732 
6.76  	 -1.134978239905145 
6.77  	 -1.12380902304365 
6.78  	 -1.101402912390821 
6.79  	 -1.067978467323403 
6.8  	 -1.023864517068323 
6.81  	 -0.9694969248262951 
6.82  	 -0.905414279765398 
6.83  	 -0.8322525594830481 
6.84  	 -0.7507388158563488 
6.850000000000001  	 -0.6616839469974394 
6.86  	 -0.5659746272038276 
6.87  	 -0.4645644752517007 
6.88  	 -0.3584645490378719 
6.890000000000001  	 -0.2487332613563413 
6.9  	 -0.1364658174301603 
6.91  	 -0.02278327964958349 
6.92  	 0.09117863125542151 
6.93  	 0.2042808866946227 
6.94  	 0.315392538868453 
6.95  	 0.4234020336781373 
6.96  	 0.5272283346907217 
6.97  	 0.6258317467958867 
6.98  	 0.7182243311478487 
6.99  	 0.8034798070281971 
7  	 0.880742841354174 
7.01  	 0.9492376326411832 
7.02  	 1.008275703247735 
7.03  	 1.05726282161572 
7.04  	 1.095704984890316 
7.05  	 1.123213401675454 
7.06  	 1.139508424659183 
7.07  	 1.144422393328733 
7.08  	 1.137901357882977 
7.09  	 1.120005666631404 
7.100000000000001  	 1.09090941053195 
7.11  	 1.050898729951368 
7.12  	 1.000369000116924 
7.13  	 0.93982092295306 
7.140000000000001  	 0.8698555639489614 
7.15  	 0.7911683832728634 
7.16  	 0.7045423204306313 
7.17  	 0.6108400012584464 
7.18  	 0.5109951448471894 
7.19  	 0.4060032560308678 
7.2  	 0.2969116962525128 
7.21  	 0.1848092318761625 
7.22  	 0.07081516427990851 
7.23  	 -0.04393184971056668 
7.24  	 -0.1582851753486622 
7.25  	 -0.2711016617309859 
7.26  	 -0.381253073189796 
7.27  	 -0.4876373759646107 
7.28  	 -0.5891897672080306 
7.29  	 -0.6848933359155764 
7.3  	 -0.7737892490097318 
7.31  	 -0.8549863605183634 
7.32  	 -0.9276701475205376 
7.33  	 -0.9911108832314629 
7.34  	 -1.044670965196189 
7.350000000000001  	 -1.087811324983075 
7.36  	 -1.120096854928922 
7.37  	 -1.141200797296696 
7.38  	 -1.150908051565917 
7.390000000000001  	 -1.149117366381743 
7.4  	 -1.135842393833446 
7.41  	 -1.111211595105019 
7.42  	 -1.075466998026353 
7.43  	 -1.028961818537904 
7.44  	 -0.9721569694500972 
7.45  	 -0.9056164910171034 
7.46  	 -0.8300019486415856 
7.47  	 -0.74606585337433 
7.48  	 -0.654644170666731 
7.49  	 -0.5566479919766678 
7.5  	 -0.453054452227712 
7.51  	 -0.3448969836935462 
7.52  	 -0.2332550035479192 
7.53  	 -0.1192431380183856 
7.54  	 -0.004000090752150909 
7.55  	 0.1113227334024989 
7.56  	 0.2255727355117919 
7.57  	 0.3376076455342395 
7.58  	 0.4463069459285874 
7.59  	 0.5505830816154655 
7.600000000000001  	 0.6493923441152432 
7.61  	 0.7417453209064204 
7.62  	 0.8267168053616851 
7.63  	 0.9034550679797305 
7.640000000000001  	 0.9711903959867692 
7.65  	 1.02924281566911 
7.66  	 1.077028919944597 
7.67  	 1.114067732604869 
7.68  	 1.139985550273326 
7.69  	 1.154519713329317 
7.7  	 1.15752126774559 
7.71  	 1.148956490866546 
7.72  	 1.128907265508574 
7.73  	 1.097570298277273 
7.74  	 1.055255189554485 
7.75  	 1.002381374095219 
7.76  	 0.9394739624757388 
7.77  	 0.8671585246362936 
7.78  	 0.7861548673549114 
7.79  	 0.6972698675663971 
7.8  	 0.6013894329021046 
7.81  	 0.4994696695764057 
7.82  	 0.3925273456973064 
7.83  	 0.2816297451515726 
7.84  	 0.1678840133380246 
7.850000000000001  	 0.05242610113480438 
7.86  	 -0.06359058246401757 
7.87  	 -0.1790066956609652 
7.88  	 -0.2926685519223021 
7.890000000000001  	 -0.4034396549439623 
7.9  	 -0.5102120651576921 
7.91  	 -0.6119174840700385 
7.92  	 -0.7075379455157824 
7.930000000000001  	 -0.7961160068065603 
7.94  	 -0.8767643377260445 
7.95  	 -0.9486746113157492 
7.96  	 -1.011125607350625 
7.97  	 -1.063490447251808 
7.98  	 -1.105242887846935 
7.99  	 -1.13596261077988 
8  	 -1.155339454397922 
8.01  	 -1.163176545505016 
8.02  	 -1.159392299359605 
8.029999999999999  	 -1.144021267604439 
8.040000000000001  	 -1.117213825331094 
8.050000000000001  	 -1.079234700088238 
8.06  	 -1.030460357224069 
8.07  	 -0.9713752673939313 
8.08  	 -0.9025670932493922 
8.09  	 -0.8247208431431308 
8.1  	 -0.7386120500265365 
8.109999999999999  	 -0.6450990434803465 
8.120000000000001  	 -0.5451143919051965 
8.130000000000001  	 -0.4396556002175358 
8.140000000000001  	 -0.329775155863576 
8.15  	 -0.216570022504892 
8.16  	 -0.1011706862783213 
8.17  	 0.01527013596584431 
8.18  	 0.1315890136349941 
8.19  	 0.2466234294812279 
8.199999999999999  	 0.3592234005802155 
8.210000000000001  	 0.4682629770092181 
8.220000000000001  	 0.5726515032249956 
8.23  	 0.6713445294860662 
8.24  	 0.7633542641347201 
8.25  	 0.8477594621178802 
8.26  	 0.9237146507369729 
8.27  	 0.9904586002195579 
8.279999999999999  	 1.047321954233776 
8.290000000000001  	 1.093733943845635 
8.300000000000001  	 1.12922811756516 
8.31  	 1.15344702994925 
8.32  	 1.16614584162853 
8.33  	 1.167194794498847 
8.34  	 1.156580537056545 
8.35  	 1.134406286348084 
8.359999999999999  	 1.100890824633973 
8.370000000000001  	 1.056366340518183 
8.380000000000001  	 1.001275135850582 
8.390000000000001  	 0.936165231056014 
8.4  	 0.8616849125657475 
8.41  	 0.7785762766150296 
8.42  	 0.687667833718242 
8.43  	 0.5898662475401705 
8.44  	 0.4861472905538965 
8.449999999999999  	 0.3775461067259193 
8.460000000000001  	 0.2651468784186308 
8.470000000000001  	 0.1500720006794898 
8.48  	 0.033470871035165 
8.49  	 -0.08349159322217657 
8.5  	 -0.1996465955193091 
8.51  	 -0.3138331419167285 
8.52  	 -0.4249096476731118 
8.529999999999999  	 -0.531765352406155 
8.540000000000001  	 -0.633331429684467 
8.550000000000001  	 -0.7285916799151667 
8.56  	 -0.8165926995337299 
8.57  	 -0.8964534247152885 
8.58  	 -0.9673739540580938 
8.59  	 -1.028643561878119 
8.6  	 -1.079647821827119 
8.609999999999999  	 -1.119874769424323 
8.620000000000001  	 -1.148920041685745 
8.630000000000001  	 -1.166490942248979 
8.640000000000001  	 -1.172409391123422 
8.65  	 -1.166613729338793 
8.66  	 -1.149159360207336 
8.67  	 -1.120218220542833 
8.68  	 -1.080077086876228 
8.69  	 -1.029134733356386 
8.700000000000001  	 -0.9678979695087349 
8.710000000000001  	 -0.8969765972294728 
8.720000000000001  	 -0.8170773372064097 
8.73  	 -0.7289967852713651 
8.74  	 -0.6336134688999128 
8.75  	 -0.5318790830850755 
8.76  	 -0.4248089930320089 
8.77  	 -0.3134720984684463 
8.779999999999999  	 -0.1989801607670585 
8.790000000000001  	 -0.08247669946670995 
8.800000000000001  	 0.03487443089422231 
8.81  	 0.1519006695012336 
8.82  	 0.2674324673349886 
8.83  	 0.3803149774656752 
8.84  	 0.4894196007003825 
8.85  	 0.5936552711368486 
8.859999999999999  	 0.6919793687548474 
8.870000000000001  	 0.7834081498833982 
8.880000000000001  	 0.8670265911810234 
8.890000000000001  	 0.9419975486096835 
8.9  	 1.007570139712534 
8.91  	 1.063087265253183 
8.92  	 1.107992194862375 
8.93  	 1.141834150681288 
8.94  	 1.164272832995571 
8.950000000000001  	 1.175081842421038 
8.960000000000001  	 1.174150964224932 
8.970000000000001  	 1.161487291735778 
8.98  	 1.137215177396486 
8.99  	 1.101575011733499 
9  	 1.054920842232323 
9.01  	 0.9977168557095781 
9.02  	 0.9305327591376779 
9.029999999999999  	 0.8540381048968299 
9.040000000000001  	 0.7689956169898898 
9.050000000000001  	 0.6762535847531159 
9.06  	 0.5767373999299509 
9.07  	 0.4714403215521857 
9.08  	 0.3614135608073314 
9.09  	 0.2477557848852761 
9.1  	 0.1316021446230313 
9.109999999999999  	 0.01411293554517368 
9.120000000000001  	 -0.103537994418509 
9.130000000000001  	 -0.2201749747046587 
9.140000000000001  	 -0.3346322621493832 
9.15  	 -0.4457656938321666 
9.16  	 -0.5524641262316738 
9.17  	 -0.6536605463108643 
9.18  	 -0.7483427434091153 
9.19  	 -0.835563435190818 
9.200000000000001  	 -0.9144497463396261 
9.210000000000001  	 -0.9842119451409947 
9.220000000000001  	 -1.044151350498489 
9.23  	 -1.093667330207712 
9.24  	 -1.132263320382957 
9.25  	 -1.159551805705316 
9.26  	 -1.17525821053926 
9.27  	 -1.17922366184416 
9.279999999999999  	 -1.171406596078924 
9.290000000000001  	 -1.151883193849487 
9.300000000000001  	 -1.120846637764666 
9.31  	 -1.07860520072891 
9.32  	 -1.025579183593041 
9.33  	 -0.9622967325893989 
9.34  	 -0.8893885781806575 
9.35  	 -0.8075817477401048 
9.359999999999999  	 -0.7176923147472913 
9.370000000000001  	 -0.6206172568240411 
9.380000000000001  	 -0.5173255038553476 
9.390000000000001  	 -0.4088482655483831 
9.4  	 -0.2962687349995411 
9.41  	 -0.1807112710918155 
9.42  	 -0.06333016777026107 
9.43  	 0.05470187761063584 
9.44  	 0.172205481648713 
9.450000000000001  	 0.2880063608722899 
9.460000000000001  	 0.400947068538505 
9.470000000000001  	 0.5098985649295933 
9.48  	 0.6137715054717479 
9.49  	 0.7115271338047129 
9.5  	 0.8021876708625072 
9.51  	 0.8848460960475379 
9.52  	 0.9586752226417787 
9.529999999999999  	 1.022935976639209 
9.540000000000001  	 1.076984796133097 
9.550000000000001  	 1.120280077170616 
9.56  	 1.152387601508048 
9.57  	 1.172984891867424 
9.58  	 1.181864451008235 
9.59  	 1.178935852078914 
9.6  	 1.164226659190594 
9.609999999999999  	 1.137882168845613 
9.620000000000001  	 1.100163974638441 
9.630000000000001  	 1.051447369409363 
9.640000000000001  	 0.9922176106538356 
9.65  	 0.9230650863566089 
9.66  	 0.8446794294159411 
9.67  	 0.7578426393394584 
9.68  	 0.6634212798242801 
9.69  	 0.5623578300805666 
9.700000000000001  	 0.4556612762271274 
9.710000000000001  	 0.3443970366953843 
9.720000000000001  	 0.2296763222476479 
9.73  	 0.1126450368805422 
9.74  	 -0.005527669512268185 
9.75  	 -0.1236610823482749 
9.76  	 -0.2405747207126585 
9.77  	 -0.3551001349542116 
9.779999999999999  	 -0.4660925856038291 
9.790000000000001  	 -0.5724424868695664 
9.800000000000001  	 -0.6730865003002392 
9.81  	 -0.7670181676914412 
9.82  	 -0.8532979768990226 
9.83  	 -0.9310627598797456 
9.84  	 -0.999534328940622 
9.85  	 -1.05802726478088 
9.859999999999999  	 -1.105955778377701 
9.870000000000001  	 -1.142839578014317 
9.880000000000001  	 -1.16830868268435 
9.890000000000001  	 -1.182107133630298 
9.9  	 -1.184095566781511 
9.91  	 -1.174252620238102 
9.92  	 -1.152675162588061 
9.93  	 -1.119577339629243 
9.94  	 -1.075288448877932 
9.950000000000001  	 -1.020249662963428 
9.960000000000001  	 -0.9550096345163186 
9.970000000000001  	 -0.8802190263417877 
9.98  	 -0.7966240214165815 
9.99  	 -0.7050588774516829 
10  	 -0.6064376003202244 
10.01  	 -0.50174481946611 
10.02  	 -0.3920259563950061 
10.03  	 -0.2783767844258587 
10.04  	 -0.1619324839770773 
10.05  	 -0.04385630271592489 
10.06  	 0.07467206613815848 
10.07  	 0.1924682712353316 
10.08  	 0.3083551384513916 
10.09  	 0.4211744358945594 
10.1  	 0.5297984509690615 
10.11  	 0.6331412637666148 
10.12  	 0.7301696040789495 
10.13  	 0.8199131834734362 
10.14  	 0.9014743991083567 
10.15  	 0.974037312232179 
10.16  	 1.036875811549828 
10.17  	 1.089360879776122 
10.18  	 1.130966890651044 
10.19  	 1.161276873373924 
10.2  	 1.179986691727176 
10.21  	 1.186908096002006 
10.22  	 1.181970617100107 
10.23  	 1.165222283754302 
10.24  	 1.136829155571732 
10.25  	 1.097073676438061 
10.26  	 1.046351864611881 
10.27  	 0.9851693674672929 
10.28  	 0.9141364201931829 
10.29  	 0.8339617587165714 
10.3  	 0.7454455475749703 
10.31  	 0.6494713933143871 
10.32  	 0.5469975231369093 
10.33  	 0.4390472168731872 
10.34  	 0.3266985878270613 
10.35  	 0.2110738145572612 
10.36  	 0.09332793115930309 
10.37  	 -0.02536271196562841 
10.38  	 -0.1438122015632444 
10.39  	 -0.2608369117558111 
10.4  	 -0.3752673326254253 
10.41  	 -0.4859597589318397 
10.42  	 -0.5918077221318105 
10.43  	 -0.6917530514208555 
10.44  	 -0.7847964532146999 
10.45  	 -0.8700075032897072 
10.46  	 -0.9465339516613543 
10.47  	 -1.013610247138849 
10.48  	 -1.070565196283835 
10.49  	 -1.116828680144007 
10.5  	 -1.15193736154211 
10.51  	 -1.175539325783103 
10.52  	 -1.187397608296758 
10.53  	 -1.187392573852909 
10.54  	 -1.175523123461108 
10.55  	 -1.15190671678078 
10.56  	 -1.116778209705094 
10.57  	 -1.070487518623364 
10.58  	 -1.01349613459448 
10.59  	 -0.9463725221604979 
10.6  	 -0.8697864486800015 
10.61  	 -0.7845023007539238 
10.62  	 -0.6913714544450167 
10.63  	 -0.591323775455019 
10.64  	 -0.485358334125999 
10.65  	 -0.3745334279873702 
10.66  	 -0.2599560114990789 
10.67  	 -0.1427706385751147 
10.68  	 -0.02414802835039347 
10.69  	 0.09472663157063479 
10.7  	 0.2126655275114394 
10.71  	 0.3284900894287068 
10.72  	 0.4410427693038753 
10.73  	 0.549198610501458 
10.74  	 0.6518764924534993 
10.75  	 0.7480499382642584 
10.76  	 0.8367573771876884 
10.77  	 0.9171117593690132 
10.78  	 0.9883094267064237 
10.79  	 1.049638151115101 
10.8  	 1.10048425978928 
10.81  	 1.140338776175863 
10.82  	 1.168802515204153 
10.83  	 1.185590081762331 
10.84  	 1.190532732368093 
10.85  	 1.183580071338802 
10.86  	 1.164800564412251 
10.87  	 1.134380864586146 
10.88  	 1.09262395681476 
10.89  	 1.03994614000613 
10.9  	 0.9768728763847362 
10.91  	 0.9040335496066245 
10.92  	 0.822155183923252 
10.93  	 0.7320551870778298 
10.94  	 0.6346331893798131 
10.95  	 0.5308620604417785 
10.96  	 0.4217781932878645 
10.97  	 0.3084711528719531 
10.98  	 0.1920727924035281 
10.99  	 0.07374594620600798 
11  	 -0.04532718792699038 
11.01  	 -0.1639568608000171 
11.02  	 -0.2809576602792286 
11.03  	 -0.3951603573486894 
11.04  	 -0.505423591371945 
11.05  	 -0.6106452777691207 
11.06  	 -0.7097736240849772 
11.07  	 -0.8018176443283341 
11.08  	 -0.8858570664690903 
11.09  	 -0.9610515340357955 
11.1  	 -1.026649009803889 
11.11  	 -1.081993297531977 
11.12  	 -1.126530606511288 
11.13  	 -1.159815093253785 
11.14  	 -1.181513324861782 
11.15  	 -1.191407619394341 
11.16  	 -1.189398229765422 
11.17  	 -1.175504349263822 
11.18  	 -1.149863928559753 
11.19  	 -1.112732305939859 
11.2  	 -1.064479664372901 
11.21  	 -1.005587340733645 
11.22  	 -0.9366430239855195 
11.23  	 -0.8583348902286557 
11.24  	 -0.7714447331479879 
11.25  	 -0.6768401584399045 
11.26  	 -0.5754659201550751 
11.27  	 -0.4683344854759703 
11.28  	 -0.3565159221644106 
11.29  	 -0.2411272096900512 
11.3  	 -0.1233210808172474 
11.31  	 -0.004274505127555853 
11.32  	 0.114823070458841 
11.33  	 0.2327816066631517 
11.34  	 0.3484223635675698 
11.35  	 0.4605896802371562 
11.36  	 0.5681625245189392 
11.37  	 0.6700656975819838 
11.38  	 0.7652805812048071 
11.39  	 0.8528553203786234 
11.4  	 0.9319143394309561 
11.41  	 1.001667096527914 
11.42  	 1.061415989018446 
11.43  	 1.110563330564233 
11.44  	 1.148617330269833 
11.45  	 1.175197013996696 
11.46  	 1.190036038612075 
11.47  	 1.192985360984121 
11.48  	 1.184014734977139 
11.49  	 1.163213021411566 
11.5  	 1.130787307814945 
11.51  	 1.087060846684271 
11.52  	 1.032469832787799 
11.53  	 0.9675590516377101 
11.54  	 0.892976442547969 
11.55  	 0.8094666305414219 
11.56  	 0.7178634916783155 
11.57  	 0.6190818260418558 
11.58  	 0.5141082215385572 
11.59  	 0.403991199762772 
11.6  	 0.2898307423549964 
11.61  	 0.1727673024805211 
11.62  	 0.05397041120673951 
11.63  	 -0.06537300738760643 
11.64  	 -0.184070495620358 
11.65  	 -0.3009359776291534 
11.66  	 -0.4148016117411714 
11.67  	 -0.5245294613436916 
11.68  	 -0.6290228676165299 
11.69  	 -0.7272374104599272 
11.7  	 -0.8181913480600959 
11.71  	 -0.9009754307383665 
11.72  	 -0.9747619909767836 
11.73  	 -1.038813218740705 
11.74  	 -1.092488539355287 
11.75  	 -1.135251020156419 
11.76  	 -1.166672741838193 
11.77  	 -1.186439080761408 
11.78  	 -1.194351859367635 
11.79  	 -1.190331333152248 
11.8  	 -1.174416994274653 
11.81  	 -1.14676718370843 
11.82  	 -1.107657515740247 
11.83  	 -1.057478130495063 
11.84  	 -0.9967298018778413 
11.85  	 -0.9260189397615639 
11.86  	 -0.8460515363035148 
11.87  	 -0.7576261168260823 
11.88  	 -0.6616257656492057 
11.89  	 -0.559009306509603 
11.9  	 -0.4508017256545925 
11.91  	 -0.338083933271151 
11.92  	 -0.2219819655281082 
11.93  	 -0.1036557351048778 
11.94  	 0.01571255740209163 
11.95  	 0.1349302354091236 
11.96  	 0.252806063587419 
11.97  	 0.3681621513349137 
11.98  	 0.4798457235267292 
11.99  	 0.5867406409131739 
12  	 0.6877785550299655 
12.01  	 0.781949586131768 
12.02  	 0.8683124174208942 
12.03  	 0.9460037046705926 
12.04  	 1.014246707178528 
12.05  	 1.072359053762613 
12.06  	 1.119759566150599 
12.07  	 1.155974071530452 
12.08  	 1.18064014612654 
12.09  	 1.193510742346064 
12.1  	 1.194456663194396 
12.11  	 1.183467859175463 
12.12  	 1.160653534659099 
12.13  	 1.126241062593673 
12.14  	 1.080573718350512 
12.15  	 1.024107255287628 
12.16  	 0.9574053561960537 
12.17  	 0.8811340060271099 
12.18  	 0.7960548420807346 
12.19  	 0.7030175480559473 
12.2  	 0.6029513679223745 
12.21  	 0.4968558243709925 
12.22  	 0.3857907345548825 
12.23  	 0.2708656228573268 
12.24  	 0.1532286364547428 
12.25  	 0.03405507441544631 
12.26  	 -0.08546435505769497 
12.27  	 -0.2041354319107043 
12.28  	 -0.3207723571684435 
12.29  	 -0.434209602269805 
12.3  	 -0.5433135563967944 
12.31  	 -0.646993855399402 
12.32  	 -0.7442142790946761 
12.33  	 -0.8340031080265077 
12.34  	 -0.9154628361693161 
12.35  	 -0.9877791424901874 
12.36  	 -1.050229031685859 
12.37  	 -1.102188062709321 
12.38  	 -1.143136592812845 
12.39  	 -1.172664974668908 
12.4  	 -1.190477654589515 
12.41  	 -1.196396130843394 
12.42  	 -1.190360742459596 
12.43  	 -1.172431270591635 
12.44  	 -1.142786346381392 
12.45  	 -1.101721671188282 
12.46  	 -1.049647066917279 
12.47  	 -0.9870823858708184 
12.48  	 -0.9146523209474292 
12.49  	 -0.8330801680003701 
12.5  	 -0.7431806026425878 
12.51  	 -0.6458515436354209 
12.52  	 -0.5420651841290833 
12.53  	 -0.4328582803418531 
12.54  	 -0.3193217946888726 
12.55  	 -0.2025899968263309 
12.56  	 -0.08382913149798683 
12.57  	 0.03577423359570123 
12.58  	 0.1550250634835011 
12.59  	 0.2727317967032505 
12.6  	 0.3877182518593796 
12.61  	 0.49883538097906 
12.62  	 0.6049727522140763 
12.63  	 0.7050696471354282 
12.64  	 0.7981256617144077 
12.65  	 0.8832107050390609 
12.66  	 0.9594742958290655 
12.67  	 1.026154063825071 
12.68  	 1.082583371070416 
12.69  	 1.128197976894532 
12.7  	 1.162541679960446 
12.71  	 1.185270880958134 
12.72  	 1.196158020309059 
12.73  	 1.195093856487133 
12.74  	 1.182088562145488 
12.75  	 1.157271627050888 
12.76  	 1.120890568750422 
12.77  	 1.07330846380916 
12.78  	 1.015000324243614 
12.79  	 0.946548355316374 
12.8  	 0.8686361420368449 
12.81  	 0.7820418224198912 
12.82  	 0.6876303156813177 
12.83  	 0.586344682995348 
12.84  	 0.4791967071101174 
12.85  	 0.3672567849260304 
12.86  	 0.2516432340105749 
12.87  	 0.1335111198831596 
12.88  	 0.01404071569615678 
12.89  	 -0.1055742903843386 
12.9  	 -0.2241387222692718 
12.91  	 -0.34046785833225 
12.92  	 -0.453399269756318 
12.93  	 -0.5618044365436121 
12.94  	 -0.6646000251072124 
12.95  	 -0.7607587147421522 
12.96  	 -0.8493194647765154 
12.97  	 -0.9293971197888873 
12.98  	 -1.000191256889344 
12.99  	 -1.060994186631643 
13  	 -1.111198027578699 
13.01  	 -1.150300783797312 
13.02  	 -1.17791136451909 
13.03  	 -1.193753495772925 
13.04  	 -1.197668484864804 
13.05  	 -1.189616810042467 
13.06  	 -1.169678519420905 
13.07  	 -1.138052435142763 
13.08  	 -1.095054170686355 
13.09  	 -1.041112981093946 
13.1  	 -0.9767674775557735 
13.11  	 -0.9026602491342682 
13.12  	 -0.8195314453348149 
13.13  	 -0.7282113836149297 
13.14  	 -0.6296122556691475 
13.15  	 -0.5247190153348147 
13.16  	 -0.414579539144316 
13.17  	 -0.3002941578202754 
13.18  	 -0.1830046632992575 
13.19  	 -0.06388290111359619 
13.2  	 0.05588093789225171 
13.21  	 0.1750902095264593 
13.22  	 0.2925537730722367 
13.23  	 0.4070978934926668 
13.24  	 0.5175779700848196 
13.25  	 0.6228899743805475 
13.26  	 0.721981482993128 
13.27  	 0.8138621951529443 
13.28  	 0.897613829821288 
13.29  	 0.9723993034677587 
13.3  	 1.03747109678172 
13.31  	 1.092178726690094 
13.32  	 1.13597524899148 
13.33  	 1.168422726600952 
13.34  	 1.189196608734026 
13.35  	 1.198088977239135 
13.36  	 1.195010627606648 
13.37  	 1.17999196382595 
13.38  	 1.153182698114122 
13.39  	 1.114850358481743 
13.4  	 1.065377619014082 
13.41  	 1.005258479510334 
13.42  	 0.9350933326220502 
13.43  	 0.8555829677496378 
13.44  	 0.7675215715815428 
13.45  	 0.6717887951884677 
13.46  	 0.5693409669143057 
13.47  	 0.4612015388432821 
13.48  	 0.3484508622836828 
13.49  	 0.2322153944159612 
13.5  	 0.113656443939894 
13.51  	 -0.006041431835051181 
13.52  	 -0.125682262525958 
13.53  	 -0.2440706145814571 
13.54  	 -0.3600235361515805 
13.55  	 -0.4723823775656491 
13.56  	 -0.580024369301118 
13.57  	 -0.681873841746375 
13.58  	 -0.776912974636722 
13.59  	 -0.864191968739474 
13.6  	 -0.9428385381343639 
13.61  	 -1.012066628221634 
13.62  	 -1.071184272324522 
13.63  	 -1.119600508358056 
13.64  	 -1.156831286426204 
13.65  	 -1.182504308290641 
13.66  	 -1.196362750326021 
13.67  	 -1.198267832731986 
13.68  	 -1.188200209299855 
13.69  	 -1.166260163816681 
13.7  	 -1.132666611113576 
13.71  	 -1.087754912709524 
13.72  	 -1.031973528847194 
13.73  	 -0.9658795403449563 
13.74  	 -0.890133084983355 
13.75  	 -0.8054907639917652 
13.76  	 -0.7127980844934431 
13.77  	 -0.6129810134018542 
13.78  	 -0.5070367271417062 
13.79  	 -0.3960236496057736 
13.8  	 -0.2810508778730488 
13.81  	 -0.1632671013338718 
13.82  	 -0.0438491249322935 
13.83  	 0.07600988880560461 
13.84  	 0.1951123414759752 
13.85  	 0.3122681651137102 
13.86  	 0.4263067135522234 
13.87  	 0.5360884600036944 
13.88  	 0.6405163839704585 
13.89  	 0.7385469336997668 
13.9  	 0.8292004546327746 
13.91  	 0.9115709796320054 
13.92  	 0.9848352831464127 
13.93  	 1.04826110882585 
13.94  	 1.101214488353811 
13.95  	 1.143166078346222 
13.96  	 1.173696451974172 
13.97  	 1.1925002924117 
13.98  	 1.199389446181869 
13.99  	 1.194294805865591 
14  	 1.177267003334343 
14.01  	 1.148475906553039 
14.02  	 1.108208924954253 
14.03  	 1.05686814029015 
14.04  	 0.9949662916050122 
14.05  	 0.9231216544218153 
14.06  	 0.8420518652864738 
14.07  	 0.7525667533527808 
14.08  	 0.6555602506142941 
14.09  	 0.5520014615973801 
14.1  	 0.4429249817302424 
14.11  	 0.3294205611121024 
14.12  	 0.21262221694969 
14.13  	 0.09369690343945801 
14.14  	 -0.02616714770164764 
14.15  	 -0.1457722995606767 
14.16  	 -0.263923476582886 
14.17  	 -0.3794401057860811 
14.18  	 -0.4911679133162054 
14.19  	 -0.597990458468271 
14.2  	 -0.6988402899175978 
14.21  	 -0.7927096126789034 
14.22  	 -0.87866035919742 
14.23  	 -0.9558335639280761 
14.24  	 -1.023457947716429 
14.25  	 -1.080857626188975 
14.26  	 -1.127458865111796 
14.27  	 -1.162795815197882 
14.28  	 -1.186515169039638 
14.29  	 -1.198379693612319 
14.3  	 -1.198270603028717 
14.31  	 -1.186188747813196 
14.32  	 -1.162254608788245 
14.33  	 -1.126707095611053 
14.34  	 -1.079901161941788 
14.35  	 -1.022304261049925 
14.36  	 -0.9544916772519934 
14.37  	 -0.8771407798077115 
14.38  	 -0.7910242566693698 
14.39  	 -0.6970023956738979 
14.4  	 -0.5960144902864866 
14.41  	 -0.4890694557537237 
14.42  	 -0.3772357494155573 
14.43  	 -0.261630695880131 
14.44  	 -0.1434093237141359 
14.45  	 -0.02375282518433335 
14.46  	 0.09614324564548529 
14.47  	 0.21508091854131 
14.48  	 0.3318717770904142 
14.49  	 0.4453488334528226 
14.5  	 0.5543781892174872 
14.51  	 0.6578703658430285 
14.52  	 0.7547911914623521 
14.53  	 0.8441721352612844 
14.54  	 0.9251199861593424 
14.55  	 0.996825779070733 
14.56  	 1.058572879540244 
14.57  	 1.109744145956745 
14.58  	 1.149828097762563 
14.59  	 1.178424028007972 
14.6  	 1.1952460091472 
14.61  	 1.200125752030349 
14.62  	 1.193014289503949 
14.63  	 1.173982467777044 
14.64  	 1.143220240622366 
14.65  	 1.101034773444316 
14.66  	 1.047847376137535 
14.67  	 0.9841892953630452 
14.68  	 0.9106964082663158 
14.69  	 0.8281028706392195 
14.7  	 0.737233782976076 
14.71  	 0.6389969476883519 
14.72  	 0.5343737998250584 
14.73  	 0.4244096019056772 
14.74  	 0.3102030008270185 
14.75  	 0.1928950511812509 
14.76  	 0.07365781465573507 
14.77  	 -0.04631735057708312 
14.78  	 -0.1658316934719556 
14.79  	 -0.2836910477871388 
14.8  	 -0.398717764144593 
14.81  	 -0.5097624772478255 
14.82  	 -0.6157155906763376 
14.83  	 -0.7155183644957666 
14.84  	 -0.8081734948896943 
14.85  	 -0.8927550800931086 
14.86  	 -0.9684178730379687 
14.87  	 -1.034405728247002 
14.88  	 -1.090059158561551 
14.89  	 -1.134821926182607 
14.9  	 -1.168246602152184 
14.91  	 -1.189999038708652 
14.92  	 -1.199861709811388 
14.93  	 -1.197735886438799 
14.94  	 -1.183642624906271 
14.95  	 -1.157722558310681 
14.96  	 -1.120234493167176 
14.97  	 -1.071552825242583 
14.98  	 -1.012163800388682 
14.99  	 -0.9426606577197796 
15  	 -0.8637377036472922 
15.01  	 -0.7761833759676886 
15.02  	 -0.6808723672924629 
15.03  	 -0.5787568865089433 
15.04  	 -0.4708571455747294 
15.05  	 -0.3582511666903326 
15.06  	 -0.2420640116867878 
15.07  	 -0.1234565412397302 
15.08  	 -0.003613816220976063 
15.09  	 0.1162667429239701 
15.1  	 0.2349873204645905 
15.11  	 0.3513616737949663 
15.12  	 0.4642269863762143 
15.13  	 0.57245548677571 
15.14  	 0.6749657177025667 
15.15  	 0.7707333424344756 
15.16  	 0.858801380651848 
15.17  	 0.9382897713950928 
15.18  	 1.008404167582859 
15.19  	 1.068443874206035 
15.2  	 1.117808850867506 
15.21  	 1.156005708685691 
15.22  	 1.182652641627263 
15.23  	 1.197483242980869 
15.24  	 1.2003491688227 
15.25  	 1.191221621845139 
15.26  	 1.170191640706309 
15.27  	 1.137469191993425 
15.28  	 1.093381073857095 
15.29  	 1.038367652247656 
15.3  	 0.9729784623495767 
15.31  	 0.8978667191492978 
15.32  	 0.813782791972461 
15.33  	 0.72156670817917 
15.34  	 0.6221397609074586 
15.35  	 0.5164953047084467 
15.36  	 0.4056888310323338 
15.37  	 0.2908274227212835 
15.38  	 0.1730586928714744 
15.39  	 0.05355931858010844 
15.4  	 -0.06647671585753268 
15.41  	 -0.1858500488312852 
15.42  	 -0.303367925178972 
15.43  	 -0.4178561140885169 
15.44  	 -0.5281706420554764 
15.45  	 -0.6332092236586624 
15.46  	 -0.7319222759344896 
15.47  	 -0.8233234062899645 
15.48  	 -0.906499269153293 
15.49  	 -0.9806186928673788 
15.5  	 -1.044940985622023 
15.51  	 -1.09882333742257 
15.52  	 -1.141727244124154 
15.53  	 -1.173223889331293 
15.54  	 -1.192998430374858 
15.55  	 -1.200853145528183 
15.56  	 -1.196709411002119 
15.57  	 -1.180608487951221 
15.58  	 -1.152711111613437 
15.59  	 -1.113295886674569 
15.6  	 -1.062756504877023 
15.61  	 -1.001597812660665 
15.62  	 -0.9304307681143212 
15.63  	 -0.8499663376149291 
15.64  	 -0.7610083931265054 
15.65  	 -0.6644456811171565 
15.66  	 -0.5612429433295348 
15.67  	 -0.4524312781156835 
15.68  	 -0.3390978386364641 
15.69  	 -0.2223749708528558 
15.7  	 -0.1034288998351354 
15.71  	 0.01655192256966401 
15.72  	 0.1363686922866786 
15.73  	 0.2548242311315372 
15.74  	 0.3707349488149361 
15.75  	 0.48294266931003 
15.76  	 0.5903262034131878 
15.77  	 0.691812551863412 
15.78  	 0.7863876270759225 
15.79  	 0.8731063863541865 
15.8  	 0.9511022753240166 
15.81  	 1.01959588722451 
15.82  	 1.077902751524722 
15.83  	 1.125440174033778 
15.84  	 1.161733060148762 
15.85  	 1.186418663044394 
15.86  	 1.199250209349872 
15.87  	 1.200099366073807 
15.88  	 1.188957524115993 
15.89  	 1.165935885529112 
15.9  	 1.131264353646169 
15.91  	 1.085289237151151 
15.92  	 1.028469791021502 
15.93  	 0.961373628893163 
15.94  	 0.8846710526759021 
15.95  	 0.7991283560659155 
15.96  	 0.7056001688559712 
15.97  	 0.6050209185283153 
15.98  	 0.498395494436368 
15.99  	 0.3867892078497454 
16  	 0.2713171481737384 
16.01  	 0.1531330416887411 
16.02  	 0.03341772412692984 
16.03  	 -0.08663265773691377 
16.04  	 -0.2058185975947682 
16.05  	 -0.3229492147983614 
16.06  	 -0.436854153481513 
16.07  	 -0.5463952767164333 
16.08  	 -0.6504780388554542 
16.09  	 -0.7480624224241155 
16.1  	 -0.8381733302814215 
16.11  	 -0.9199103292049875 
16.12  	 -0.9924566475383315 
16.13  	 -1.055087336990008 
16.14  	 -1.107176517025171 
16.15  	 -1.148203629456051 
16.16  	 -1.177758640727181 
16.17  	 -1.195546139905145 
16.18  	 -1.20138829141621 
16.19  	 -1.195226613018035 
16.2  	 -1.177122561229565 
16.21  	 -1.147256918358809 
16.22  	 -1.105927987242464 
16.23  	 -1.053548611724627 
16.24  	 -0.9906420526351054 
16.25  	 -0.9178367604638085 
16.26  	 -0.8358600969521843 
16.27  	 -0.745531068325433 
16.28  	 -0.6477521427653492 
16.29  	 -0.5435002338744547 
16.3  	 -0.4338169402161143 
16.31  	 -0.3197981384493124 
16.32  	 -0.2025830340364167 
16.33  	 -0.08334277892301566 
16.34  	 0.03673123008338708 
16.35  	 0.1564392553176513 
16.36  	 0.2745852057029097 
16.37  	 0.3899885878620264 
16.38  	 0.5014963014805703 
16.39  	 0.6079941610624964 
16.4  	 0.7084180289526016 
16.41  	 0.8017644483830502 
16.42  	 0.8871006702960438 
16.43  	 0.9635739737511663 
16.44  	 1.030420186783525 
16.45  	 1.086971322567061 
16.46  	 1.132662254576465 
16.47  	 1.167036364042743 
16.48  	 1.189750103265644 
16.49  	 1.200576429178347 
16.5  	 1.199407072847718 
16.51  	 1.186253622224395 
16.52  	 1.161247407314609 
16.53  	 1.124638188911621 
16.54  	 1.076791663979354 
16.55  	 1.018185812604744 
16.56  	 0.9494061230104303 
16.57  	 0.8711397423299615 
16.58  	 0.7841686115816997 
16.59  	 0.6893616534278021 
16.6  	 0.5876660907696326 
16.61  	 0.4800979829161125 
16.62  	 0.3677320738800811 
16.63  	 0.2516910542315754 
16.64  	 0.1331343437973562 
16.65  	 0.01324650728445026 
16.66  	 -0.1067745814259155 
16.67  	 -0.2257297080555036 
16.68  	 -0.3424303001883932 
16.69  	 -0.4557103032878675 
16.7  	 -0.564437831806968 
16.71  	 -0.6675264789751864 
16.72  	 -0.7639461722533811 
16.73  	 -0.8527334659878046 
16.74  	 -0.9330011684167691 
16.75  	 -1.003947206833796 
16.76  	 -1.064862642322633 
16.77  	 -1.115138753976247 
16.78  	 -1.154273121808905 
16.79  	 -1.181874647574884 
16.8  	 -1.197667463319171 
16.81  	 -1.20149368859881 
16.82  	 -1.193315008817168 
16.83  	 -1.173213058892467 
16.84  	 -1.141388608418739 
16.85  	 -1.098159556452643 
16.86  	 -1.043957755953648 
16.87  	 -0.9793246995991953 
16.88  	 -0.9049061100735675 
16.89  	 -0.8214454888758653 
16.9  	 -0.7297766880991425 
16.91  	 -0.6308155793955041 
16.92  	 -0.5255509033632473 
16.93  	 -0.4150343907817668 
16.94  	 -0.3003702543961364 
16.95  	 -0.1827041562432899 
16.96  	 -0.06321176075272615 
16.97  	 0.05691301200574872 
16.98  	 0.1764699155578978 
16.99  	 0.2942643695510967 
17  	 0.409119395743938 
17.01  	 0.5198873781969184 
17.02  	 0.6254615301575259 
17.03  	 0.7247869530629456 
17.04  	 0.8168711771583751 
17.05  	 0.9007940784078446 
17.06  	 0.9757170726057554 
17.07  	 1.040891494818813 
17.08  	 1.095666080427501 
17.09  	 1.139493473012379 
17.1  	 1.171935694053624 
17.11  	 1.192668519785226 
17.12  	 1.20148472146441 
17.13  	 1.198296136673174 
17.14  	 1.183134550948746 
17.15  	 1.156151380926607 
17.16  	 1.11761616215478 
17.17  	 1.067913856681591 
17.18  	 1.007541007311826 
17.19  	 0.9371007769502517 
17.2  	 0.8572969225916945 
17.21  	 0.7689267641620053 
17.22  	 0.6728732184578403 
17.23  	 0.570095977774981 
17.24  	 0.4616219213614908 
17.25  	 0.3485348554979973 
17.26  	 0.2319646847161794 
17.27  	 0.1130761223510927 
17.28  	 -0.006942946773515535 
17.29  	 -0.1268933352512867 
17.3  	 -0.2455765350004233 
17.31  	 -0.3618066924518953 
17.32  	 -0.4744224573650757 
17.33  	 -0.5822985868792203 
17.34  	 -0.684357188854176 
17.35  	 -0.7795784921572118 
17.36  	 -0.8670110362789036 
17.37  	 -0.9457811784623619 
17.38  	 -1.015101823348807 
17.39  	 -1.074280287910441 
17.4  	 -1.122725223081139 
17.41  	 -1.159952522920329 
17.42  	 -1.185590162261455 
17.43  	 -1.199381914502455 
17.44  	 -1.201189912384826 
17.45  	 -1.190996026168306 
17.46  	 -1.168902045424385 
17.47  	 -1.13512866262582 
17.48  	 -1.090013268681533 
17.49  	 -1.0340065824371 
17.5  	 -0.9676681478120069 
17.51  	 -0.8916607435592968 
17.52  	 -0.8067437614983921 
17.53  	 -0.7137656193789371 
17.54  	 -0.6136552841796397 
17.55  	 -0.5074129905348305 
17.56  	 -0.3961002470240166 
17.57  	 -0.2808292301757075 
17.58  	 -0.1627516721551361 
17.59  	 -0.04304735316503906 
17.6  	 0.07708768646114911 
17.61  	 0.1964530966929853 
17.62  	 0.3138562113583587 
17.63  	 0.4281239649837978 
17.64  	 0.5381146138489843 
17.65  	 0.6427291441403779 
17.66  	 0.7409222532147213 
17.67  	 0.8317127942480367 
17.68  	 0.9141935799069286 
17.69  	 0.9875404470830192 
17.7  	 1.05102049211417 
17.71  	 1.103999394204036 
17.72  	 1.145947753861622 
17.73  	 1.176446383023897 
17.74  	 1.195190493998761 
17.75  	 1.201992745368174 
17.76  	 1.196785114412078 
17.77  	 1.179619577338737 
17.78  	 1.1506675905192 
17.79  	 1.110218377903653 
17.8  	 1.058676041725835 
17.81  	 0.9965555253592271 
17.82  	 0.924477468657904 
17.83  	 0.8431620071811776 
17.84  	 0.7534215772538897 
17.85  	 0.6561527987479587 
17.86  	 0.5523275166863257 
17.87  	 0.4429830911756707 
17.88  	 0.32921203268521 
17.89  	 0.2121510862304767 
17.9  	 0.09296987352786786 
17.91  	 -0.02714079339711589 
17.92  	 -0.146980810381747 
17.93  	 -0.2653527721953033 
17.94  	 -0.3810739366941609 
17.95  	 -0.4929880425196546 
17.96  	 -0.5999768622584599 
17.97  	 -0.7009713756279413 
17.98  	 -0.7949624510450398 
17.99  	 -0.8810109288489189 
18  	 -0.9582570054256713 
18.01  	 -1.025928824468194 
18.02  	 -1.08335018952607 
18.03  	 -1.1299473207798 
18.04  	 -1.165254588523308 
18.05  	 -1.188919166062861 
18.06  	 -1.200704555537245 
18.07  	 -1.200492951425361 
18.08  	 -1.18828641812085 
18.09  	 -1.164206869802774 
18.1  	 -1.128494852798597 
18.11  	 -1.081507142600846 
18.12  	 -1.023713179542671 
18.13  	 -0.9556903787414109 
18.14  	 -0.8781183611675217 
18.15  	 -0.791772163476234 
18.16  	 -0.6975144944435407 
18.17  	 -0.5962871153744735 
18.18  	 -0.489101430605007 
18.19  	 -0.377028382111829 
18.2  	 -0.2611877491977778 
18.21  	 -0.1427369601654876 
18.22  	 -0.02285952776829864 
18.23  	 0.09724677601294597 
18.24  	 0.2163818877135559 
18.25  	 0.333355443070954 
18.26  	 0.446998670845102 
18.27  	 0.5561760709329524 
18.28  	 0.6597967600913209 
18.29  	 0.7568253719033075 
18.3  	 0.846292402076863 
18.31  	 0.9273038957057985 
18.32  	 0.9990503796981035 
18.33  	 1.060814951118187 
18.34  	 1.111980440623235 
18.35  	 1.152035579415015 
18.36  	 1.180580108084832 
18.37  	 1.197328776301469 
18.38  	 1.202114193374185 
18.39  	 1.194888501204484 
18.4  	 1.175723852906664 
18.41  	 1.144811692310583 
18.42  	 1.102460841541342 
18.43  	 1.049094415780015 
18.44  	 0.9852455960281727 
18.45  	 0.9115523021095724 
18.46  	 0.8287508191311176 
18.47  	 0.7376684410821606 
18.48  	 0.6392152050719465 
18.49  	 0.5343747987913831 
18.5  	 0.4241947320465451 
18.51  	 0.3097758705648527 
18.52  	 0.1922614366472136 
18.53  	 0.07282558656692208 
18.54  	 -0.04733832115447173 
18.55  	 -0.1670296493750466 
18.56  	 -0.2850524787270152 
18.57  	 -0.4002275569132522 
18.58  	 -0.5114040815114372 
18.59  	 -0.6174711985545543 
18.6  	 -0.717369101995993 
18.61  	 -0.8100996231549754 
18.62  	 -0.8947362043336589 
18.63  	 -0.9704331569501188 
18.64  	 -1.03643411168003 
18.65  	 -1.092079576172812 
18.66  	 -1.136813524824614 
18.67  	 -1.170188954761739 
18.68  	 -1.191872352517228 
18.69  	 -1.201647026767261 
18.7  	 -1.199415273823911 
18.71  	 -1.185199354243493 
18.72  	 -1.159141270788727 
18.73  	 -1.121501349959453 
18.74  	 -1.072655641261089 
18.75  	 -1.013092160192953 
18.76  	 -0.9434060124918787 
18.77  	 -0.8642934483449022 
18.78  	 -0.7765449059764212 
18.79  	 -0.681037114113325 
18.8  	 -0.5787243322352519 
18.81  	 -0.4706288161324101 
18.82  	 -0.3578306040341878 
18.83  	 -0.2414567253607495 
18.84  	 -0.1226699399191302 
18.85  	 -0.002657120057332971 
18.86  	 0.1173826081422476 
18.87  	 0.2362498461408001 
18.88  	 0.3527569069791322 
18.89  	 0.4657396823305262 
18.9  	 0.5740692739976816 
18.91  	 0.6766632736342828 
18.92  	 0.7724965779862397 
18.93  	 0.8606116315882864 
18.94  	 0.9401279945720328 
18.95  	 1.010251139984579 
18.96  	 1.070280392715057 
18.97  	 1.119615930703048 
18.98  	 1.157764778472029 
18.99  	 1.184345733099232 
19  	 1.199093173399952 
19.01  	 1.201859714262822 
19.02  	 1.192617679611416 
19.03  	 1.171459379271465 
19.04  	 1.138596186973954 
19.05  	 1.094356428703133 
19.06  	 1.039182102485197 
19.07  	 0.9736244623893997 
19.08  	 0.8983385108619228 
19.09  	 0.8140764544206356 
19.1  	 0.7216801880968009 
19.11  	 0.6220728837145043 
19.12  	 0.5162497660529793 
19.13  	 0.4052681690516927 
19.14  	 0.2902369714119176 
19.15  	 0.1723055171496943 
19.16  	 0.05265213180158028 
19.17  	 -0.06752765097498331 
19.18  	 -0.1870330347709045 
19.19  	 -0.3046699584099081 
19.2  	 -0.4192630266678448 
19.21  	 -0.5296672545182363 
19.22  	 -0.6347795075583401 
19.23  	 -0.7335495243053991 
19.24  	 -0.8249904102302918 
19.25  	 -0.908188498673778 
19.26  	 -0.9823124801162071 
19.27  	 -1.046621708581725 
19.28  	 -1.100473602179638 
19.29  	 -1.143330063836518 
19.3  	 -1.174762858062454 
19.31  	 -1.19445789002569 
19.32  	 -1.202218344177637 
19.33  	 -1.197966651065175 
19.34  	 -1.18174526267552 
19.35  	 -1.153716228563733 
19.36  	 -1.114159576995142 
19.37  	 -1.063470517274964 
19.38  	 -1.002155491215791 
19.39  	 -0.9308271131928187 
19.4  	 -0.8501980493416779 
19.41  	 -0.7610738970536627 
19.42  	 -0.6643451359120626 
19.43  	 -0.560978230491358 
19.44  	 -0.4520059739155978 
19.45  	 -0.3385171686586049 
19.46  	 -0.2216457476909811 
19.47  	 -0.1025594446710222 
19.48  	 0.01755187361726568 
19.49  	 0.1374880960008613 
19.5  	 0.2560508580407671 
19.51  	 0.3720555157297332 
19.52  	 0.4843429821268482 
19.53  	 0.5917913086604036 
19.54  	 0.6933268953813759 
19.55  	 0.7879352181570366 
19.56  	 0.874670965620549 
19.57  	 0.9526674845897283 
19.58  	 1.021145439577502 
19.59  	 1.079420599868977 
19.6  	 1.126910676356949 
19.61  	 1.163141139822052 
19.62  	 1.187749962520746 
19.63  	 1.200491235702206 
19.64  	 1.201237626906468 
19.65  	 1.189981652488738 
19.66  	 1.166835752652586 
19.67  	 1.132031168239773 
19.68  	 1.085915630496931 
19.69  	 1.028949886899771 
19.7  	 0.9617030977453161 
19.71  	 0.8848471495056976 
19.72  	 0.799149941760581 
19.73  	 0.7054677147810993 
19.74  	 0.6047364944238698 
19.75  	 0.4979627398134073 
19.76  	 0.3862132872569427 
19.77  	 0.270604690867694 
19.78  	 0.1522920664007588 
19.79  	 0.0324575497697777 
19.8  	 -0.08770151443726054 
19.81  	 -0.2069845364266931 
19.82  	 -0.3241996771171355 
19.83  	 -0.4381757566470512 
19.84  	 -0.5477739564854143 
19.85  	 -0.6518991982209715 
19.86  	 -0.7495110853359093 
19.87  	 -0.8396342986360483 
19.88  	 -0.9213683414683831 
19.89  	 -0.9938965373533213 
19.9  	 -1.056494190128451 
19.91  	 -1.108535825068435 
19.92  	 -1.149501438628104 
19.93  	 -1.178981694361233 
19.94  	 -1.196682013096884 
19.95  	 -1.202425516503353 
19.96  	 -1.196154794626329 
19.97  	 -1.1779324797383 
19.98  	 -1.147940620763229 
19.99  	 -1.106478864524827 
20  	 -1.053961461988601 
20.01  	 -0.9909131294082735 
20.02  	 -0.917963805728637 
20.03  	 -0.8358423586253099 
20.04  	 -0.7453693020668599 
20.05  	 -0.6474485981614631 
20.06  	 -0.5430586251999658 
20.07  	 -0.4332424021384915 
20.08  	 -0.3190971671933372 
20.09  	 -0.2017634146746076 
20.1  	 -0.08241349959833789 
20.11  	 0.03776007606431009 
20.12  	 0.1575565784610062 
20.13  	 0.2757790392038214 
20.14  	 0.3912462151126212 
20.15  	 0.5028043908579999 
20.16  	 0.6093389065749615 
20.17  	 0.7097852952663679 
20.18  	 0.8031399187138392 
20.19  	 0.8884699956243709 
20.2  	 0.9649229218133557 
20.21  	 1.031734789298292 
20.22  	 1.08823801918156 
20.23  	 1.133868032055256 
20.24  	 1.168168889277766 
20.25  	 1.190797848754371 
20.26  	 1.201528789700075 
20.27  	 1.20025447216354 
20.28  	 1.186987608733713 
20.29  	 1.161860737719 
20.3  	 1.125124899064159 
20.31  	 1.077147126232804 
20.32  	 1.018406779113933 
20.33  	 0.9494907545911032 
20.34  	 0.8710876226269905 
20.35  	 0.7839807464520995 
20.36  	 0.6890404555969981 
20.37  	 0.5872153499712884 
20.38  	 0.479522821874968 
20.39  	 0.3670388906421663 
20.4  	 0.2508874514853668 
20.41  	 0.1322290459615186 
20.42  	 0.01224926626142876 
20.43  	 -0.1078530908172758 
20.44  	 -0.2268780018520531 
20.45  	 -0.3436362070520224 
20.46  	 -0.4569610929861845 
20.47  	 -0.5657203490544702 
20.48  	 -0.6688272812333114 
20.49  	 -0.7652516700516683 
20.5  	 -0.8540300643071898 
20.51  	 -0.9342754076699367 
20.52  	 -1.005185901986538 
20.53  	 -1.06605301872417 
20.54  	 -1.116268578505147 
20.55  	 -1.155330827994169 
20.56  	 -1.182849453418313 
20.57  	 -1.198549480624614 
20.58  	 -1.202274022705419 
20.59  	 -1.193985847736371 
20.6  	 -1.173767750960941 
20.61  	 -1.141821727701034 
20.62  	 -1.098466955255949 
20.63  	 -1.044136603952242 
20.64  	 -0.979373509205841 
20.65  	 -0.9048247478382371 
20.66  	 -0.8212351728369971 
20.67  	 -0.7294399711578446 
20.68  	 -0.6303563189271191 
20.69  	 -0.5249742174220349 
20.7  	 -0.4143466013917043 
20.71  	 -0.2995788185525677 
20.72  	 -0.1818175853750503 
20.73  	 -0.0622395295111491 
20.74  	 0.05796056665703081 
20.75  	 0.1775817038813104 
20.76  	 0.295428666044777 
20.77  	 0.4103239623921902 
20.78  	 0.521119592670241 
20.79  	 0.6267085176237247 
20.8  	 0.7260357202375242 
20.81  	 0.8181087472032974 
20.82  	 0.9020076252830533 
20.83  	 0.9768940534875058 
20.84  	 1.042019779222807 
20.85  	 1.096734074712685 
20.86  	 1.140490238992683 
20.87  	 1.172851060509285 
20.88  	 1.193493185741962 
20.89  	 1.20221035019679 
20.9  	 1.198915439487069 
20.91  	 1.183641359905772 
20.92  	 1.156540709789796 
20.93  	 1.117884254958137 
20.94  	 1.068058223455417 
20.95  	 1.007560446629387 
20.96  	 0.9369953850981203 
20.97  	 0.8570680893045194 
20.98  	 0.7685771550011089 
20.99  	 0.6724067440504949 
21  	 0.5695177502660635 
21.01  	 0.4609381985600754 
21.02  	 0.3477529733269867 
21.03  	 0.2310929786920223 
21.04  	 0.1121238389317795 
21.05  	 -0.007965748031764058 
21.06  	 -0.1279758876959461 
21.07  	 -0.2467074779291142 
21.08  	 -0.3629741900195315 
21.09  	 -0.4756143221105295 
21.1  	 -0.583502406585877 
21.11  	 -0.6855604554276539 
21.12  	 -0.7807687311860481 
21.13  	 -0.8681759359403114 
21.14  	 -0.9469087164452336 
21.15  	 -1.01618039048985 
21.16  	 -1.075298807276395 
21.17  	 -1.123673263280027 
21.18  	 -1.160820404487106 
21.19  	 -1.186369056037514 
21.2  	 -1.200063931013528 
21.21  	 -1.201768181316881 
21.22  	 -1.191464765145154 
21.23  	 -1.169256617402749 
21.24  	 -1.135365621342433 
21.25  	 -1.090130391711154 
21.26  	 -1.034002891548931 
21.27  	 -0.9675439164434296 
21.28  	 -0.8914174913589329 
21.29  	 -0.8063842360236385 
21.3  	 -0.7132937651651814 
21.31  	 -0.6130761995278174 
21.32  	 -0.5067328724895985 
21.33  	 -0.3953263251352769 
21.34  	 -0.2799696897503072 
21.35  	 -0.1618155678121317 
21.36  	 -0.04204451360587513 
21.37  	 0.07814676146782841 
21.38  	 0.1975573460342741 
21.39  	 0.3149941278635126 
21.4  	 0.4292837150751376 
21.41  	 0.5392841603159773 
21.42  	 0.6438963707661436 
21.43  	 0.7420750899678799 
21.44  	 0.8328393417497461 
21.45  	 0.9152822318931477 
21.46  	 0.9885800096053511 
21.47  	 1.052000298258812 
21.48  	 1.104909413156997 
21.49  	 1.146778693208933 
21.5  	 1.177189783247382 
21.51  	 1.195838814210316 
21.52  	 1.202539439417524 
21.53  	 1.197224696603686 
21.54  	 1.179947677101912 
21.55  	 1.150880995490294 
21.56  	 1.110315064999433 
21.57  	 1.058655195911359 
21.58  	 0.9964175459406057 
21.59  	 0.9242239630588612 
21.6  	 0.8427957722910071 
21.61  	 0.7529465685619406 
21.62  	 0.6555740876048504 
21.63  	 0.5516512361534182 
21.64  	 0.4422163710406693 
21.65  	 0.3283629243319703 
21.66  	 0.2112284781539893 
21.67  	 0.09198339837999915 
21.68  	 -0.02818085926022662 
21.69  	 -0.1480636538045352 
21.7  	 -0.2664671554694492 
21.71  	 -0.3822083139838534 
21.72  	 -0.4941306792614467 
21.73  	 -0.6011159563033643 
21.74  	 -0.7020951788777643 
21.75  	 -0.7960593903321264 
21.76  	 -0.8820697248184919 
21.77  	 -0.959266788202665 
21.78  	 -1.026879244925647 
21.79  	 -1.08423152501937 
21.8  	 -1.130750574269878 
21.81  	 -1.165971580081578 
21.82  	 -1.189542615830658 
21.83  	 -1.201228157301767 
21.84  	 -1.200911436071879 
21.85  	 -1.188595606326041 
21.86  	 -1.164403713445529 
21.87  	 -1.128577464681249 
21.88  	 -1.081474814194388 
21.89  	 -1.023566386592833 
21.9  	 -0.9554307746972701 
21.91  	 -0.8777487585192467 
21.92  	 -0.7912965032124546 
21.93  	 -0.696937803960299 
21.94  	 -0.5956154552856073 
21.95  	 -0.4883418310168892 
21.96  	 -0.3761887690325066 
21.97  	 -0.2602768618506319 
21.98  	 -0.1417642600695591 
21.99  	 -0.02183510053046696 
22  	 0.09831232517551941 
22.01  	 0.2174775436396314 
22.02  	 0.3344698943774711 
22.03  	 0.4481204265330761 
22.04  	 0.5572935786768396 
22.05  	 0.6608985249962571 
22.06  	 0.7579000745116768 
22.07  	 0.8473290144151755 
22.08  	 0.9282917941847445 
22.09  	 0.9999794537126594 
22.1  	 1.061675706240401 
22.11  	 1.11276409533734 
22.12  	 1.152734154412196 
22.13  	 1.181186507212614 
22.14  	 1.197836858349456 
22.15  	 1.202518833972916 
22.16  	 1.195185644216431 
22.17  	 1.175910550796888 
22.18  	 1.144886135098113 
22.19  	 1.102422374049815 
22.2  	 1.048943543026299 
22.21  	 0.9849839767093345 
22.22  	 0.9111827302704432 
22.23  	 0.8282771942155752 
22.24  	 0.7370957266898451 
22.25  	 0.6385493768572907 
22.26  	 0.533622782052357 
22.27  	 0.4233643296552824 
22.28  	 0.308875681990278 
22.29  	 0.1913007689099385 
22.3  	 0.07181435804810883 
22.31  	 -0.04838968305668576 
22.32  	 -0.1681103156863253 
22.33  	 -0.2861513303287951 
22.34  	 -0.4013332988205024 
22.35  	 -0.5125053588231642 
22.36  	 -0.6185567128883929 
22.37  	 -0.7184277272147805 
22.38  	 -0.8111205192019429 
22.39  	 -0.8957089280136945 
22.4  	 -0.9713477685272259 
22.41  	 -1.037281276205274 
22.42  	 -1.092850658512249 
22.43  	 -1.137500677422365 
22.44  	 -1.170785197248775 
22.45  	 -1.192371642360894 
22.46  	 -1.202044320249047 
22.47  	 -1.199706576732706 
22.48  	 -1.185381761777373 
22.49  	 -1.159212996269178 
22.5  	 -1.121461742076724 
22.51  	 -1.072505189686865 
22.52  	 -1.012832489515576 
22.53  	 -0.9430398645486731 
22.54  	 -0.8638246531446166 
22.55  	 -0.7759783415211166 
22.56  	 -0.680378655542057 
22.57  	 -0.5779807908204896 
22.58  	 -0.4698078687631584 
22.59  	 -0.3569407139162262 
22.6  	 -0.2405070547532748 
22.61  	 -0.1216702558075011 
22.62  	 -0.001617693732755318 
22.63  	 0.1184511065641081 
22.64  	 0.2373364571797355 
22.65  	 0.3538504941068488 
22.66  	 0.4668290459936849 
22.67  	 0.5751432661813689 
22.68  	 0.6777109117954705 
22.69  	 0.7735071571944444 
22.7  	 0.8615748337301463 
22.71  	 0.941033993507659 
22.72  	 1.011090701585986 
22.73  	 1.071044968770289 
22.74  	 1.120297745733221 
22.75  	 1.158356908581789 
22.76  	 1.184842176063246 
22.77  	 1.199488909278261 
22.78  	 1.202150755935171 
22.79  	 1.192801112724103 
22.8  	 1.17153339119869 
22.81  	 1.138560084508107 
22.82  	 1.094210644303607 
22.83  	 1.038928189032188 
22.84  	 0.9732650765063587 
22.85  	 0.897877384986843 
22.86  	 0.8135183579208485 
22.87  	 0.7210308778333925 
22.88  	 0.6213390445696041 
22.89  	 0.5154389420350077 
22.9  	 0.4043886856891079 
22.91  	 0.2892978502341322 
22.92  	 0.1713163831337362 
22.93  	 0.05162311473395681 
22.94  	 -0.06858602021061777 
22.95  	 -0.1881099319188823 
22.96  	 -0.3057543764791498 
22.97  	 -0.4203438883499105 
22.98  	 -0.5307335252396528 
22.99  	 -0.6358203080145719 
23  	 -0.734554241330112 
23.01  	 -0.8259488048715008 
23.02  	 -0.9090908103778832 
23.03  	 -0.9831495259614946 
23.04  	 -1.047384976554216 
23.05  	 -1.10115533754568 
23.06  	 -1.143923347737588 
23.07  	 -1.175261677537554 
23.08  	 -1.194857198754655 
23.09  	 -1.202514113333693 
23.1  	 -1.198155909766279 
23.11  	 -1.181826127630303 
23.12  	 -1.153687922618142 
23.13  	 -1.114022436399099 
23.14  	 -1.063225987603291 
23.15  	 -1.001806111993147 
23.16  	 -0.9303764913873044 
23.17  	 -0.8496508220048914 
23.18  	 -0.7604356834952056 
23.19  	 -0.6636224799026575 
23.2  	 -0.5601785330898064 
23.21  	 -0.4511374176097259 
23.22  	 -0.3375886335981759 
23.23  	 -0.2206667208703966 
23.24  	 -0.1015399229906987 
23.25  	 0.01860148542039793 
23.26  	 0.1385570915118481 
23.27  	 0.2571283383314037 
23.28  	 0.3731305004171434 
23.29  	 0.4854045211949427 
23.3  	 0.5928285939063546 
23.31  	 0.6943293703538741 
23.32  	 0.7888926854692381 
23.33  	 0.8755736905481001 
23.34  	 0.9535062939027856 
23.35  	 1.021911814604845 
23.36  	 1.080106762851631 
23.37  	 1.127509669217581 
23.38  	 1.163646894554089 
23.39  	 1.188157362486858 
23.4  	 1.200796167224648 
23.41  	 1.201437020630853 
23.42  	 1.190073514107025 
23.43  	 1.166819182679493 
23.44  	 1.131906370648194 
23.45  	 1.085683910131264 
23.46  	 1.028613635700083 
23.47  	 0.9612657699289272 
23.48  	 0.8843132259647961 
23.49  	 0.7985248840438609 
23.5  	 0.704757909132939 
23.51  	 0.6039491864552394 
23.52  	 0.497105960473456 
23.53  	 0.3852957708621275 
23.54  	 0.2696357860254785 
23.55  	 0.1512816407365312 
23.56  	 0.03141588942798355 
23.57  	 -0.08876380949431747 
23.58  	 -0.2080566602568981 
23.59  	 -0.3252707276767781 
23.6  	 -0.4392348465924804 
23.61  	 -0.5488103237727044 
23.62  	 -0.6529023153808841 
23.63  	 -0.7504707663155468 
23.64  	 -0.8405408021239374 
23.65  	 -0.9222124696560394 
23.66  	 -0.9946697291332592 
23.67  	 -1.057188607785626 
23.68  	 -1.109144433588658 
23.69  	 -1.150018076822366 
23.7  	 -1.179401137088354 
23.71  	 -1.197000023957593 
23.72  	 -1.202638890475928 
23.73  	 -1.196261390216209 
23.74  	 -1.177931240320689 
23.75  	 -1.147831584907491 
23.76  	 -1.1062631652013 
23.77  	 -1.053641314671281 
23.78  	 -0.9904918091993785 
23.79  	 -0.9174456137423239 
23.8  	 -0.8352325779765899 
23.81  	 -0.7446741439169529 
23.82  	 -0.6466751383714094 
23.83  	 -0.5422147322392291 
23.84  	 -0.4323366569835966 
23.85  	 -0.3181387760324012 
23.86  	 -0.2007621153061184 
23.87  	 -0.08137946247599503 
23.88  	 0.0388163511351015 
23.89  	 0.1586243689258368 
23.9  	 0.2768475085791141 
23.91  	 0.3923045229186157 
23.92  	 0.5038418025501642 
23.93  	 0.6103449023596749 
23.94  	 0.7107496766985667 
23.95  	 0.804052911997326 
23.96  	 0.8893223505694106 
23.97  	 0.9657060054506779 
23.98  	 1.032440673203225 
23.99  	 1.088859559626178 
24  	 1.13439894217949 
24.01  	 1.168603802551623 
24.02  	 1.191132373091965 
24.03  	 1.201759551681125 
24.04  	 1.200379150918428 
24.05  	 1.187004959153064 
24.06  	 1.161770602756991 
24.07  	 1.124928211015306 
24.08  	 1.076845896973663 
24.09  	 1.018004079412881 
24.1  	 0.9489906826999841 
24.11  	 0.8704952624768333 
24.12  	 0.7833021158801913 
24.13  	 0.6882824451333305 
24.14  	 0.5863856528077146 
24.15  	 0.4786298557293858 
24.16  	 0.3660917123117659 
24.17  	 0.2498956649566347 
24.18  	 0.1312027050095279 
24.19  	 0.01119877252631862 
24.2  	 -0.1089170932433722 
24.21  	 -0.2279447342594949 
24.22  	 -0.3446948652773625 
24.23  	 -0.4580009567998881 
24.24  	 -0.5667308906656321 
24.25  	 -0.6697982718137399 
24.26  	 -0.7661732832021764 
24.27  	 -0.8548929754202993 
24.28  	 -0.9350708881851246 
24.29  	 -1.005905907586211 
24.3  	 -1.06669027058021 
24.31  	 -1.116816636756512 
24.32  	 -1.155784156714905 
24.33  	 -1.183203476421696 
24.34  	 -1.198800627542041 
24.35  	 -1.20241976487724 
24.36  	 -1.194024723555029 
24.37  	 -1.173699380413598 
24.38  	 -1.141646815968116 
24.39  	 -1.098187285332787 
24.4  	 -1.043755018371939 
24.41  	 -0.9788938810516736 
24.42  	 -0.9042519413420693 
24.43  	 -0.8205749939653818 
24.44  	 -0.7286991086885228 
24.45  	 -0.6295422766145768 
24.46  	 -0.5240952379406272 
24.47  	 -0.4134115828277124 
24.48  	 -0.2985972242915887 
24.49  	 -0.1807993482975666 
24.5  	 -0.06119495146632768 
24.51  	 0.05902091908188251 
24.52  	 0.1786471062411228 
24.53  	 0.296488344486008 
24.54  	 0.4113672025746174 
24.55  	 0.5221358480604452 
24.56  	 0.6276875160661679 
24.57  	 0.7269675677268929 
24.58  	 0.8189840278104098 
24.59  	 0.9028174962258297 
24.6  	 0.9776303343878724 
24.61  	 1.042675034649441 
24.62  	 1.097301689177619 
24.63  	 1.140964483646262 
24.64  	 1.173227150862063 
24.65  	 1.193767329832952 
24.66  	 1.202379786724149 
24.67  	 1.198978465518806 
24.68  	 1.18359734789342 
24.69  	 1.156390113716069 
24.7  	 1.117628605559382 
24.71  	 1.067700112569981 
24.72  	 1.007103500832798 
24.73  	 0.936444228894097 
24.74  	 0.8564282982461686 
24.75  	 0.7678551992182292 
24.76  	 0.6716099227556012 
24.77  	 0.5686541179026454 
24.78  	 0.4600164833407701 
24.79  	 0.3467824889859399 
24.8  	 0.2300835303439637 
24.81  	 0.1110856239895602 
24.82  	 -0.009022242879825809 
24.83  	 -0.1290399924080846 
24.84  	 -0.2477684468617118 
24.85  	 -0.3640213104203388 
24.86  	 -0.4766370222583786 
24.87  	 -0.5844903624856307 
24.88  	 -0.68650369498401 
24.89  	 -0.781657734805555 
24.9  	 -0.8690017325472719 
24.91  	 -0.9476629739437206 
24.92  	 -1.016855499760349 
24.93  	 -1.075887958861061 
24.94  	 -1.12417051598451 
24.95  	 -1.161220745208672 
24.96  	 -1.186668450217846 
24.97  	 -1.200259363209327 
24.98  	 -1.201857685481197 
24.99  	 -1.191447444316245 
25  	 -1.169132652604205 
25.01  	 -1.135136269607124 
25.02  	 -1.089797973251288 
25.03  	 -1.03357076620396 
25.04  	 -0.9670164496456348 
25.05  	 -0.8908000099621339 
25.06  	 -0.8056829744426455 
25.07  	 -0.712515802371159 
25.08  	 -0.6122293875368111 
25.09  	 -0.5058257570670831 
25.1  	 -0.3943680595178893 
25.11  	 -0.2789699422561327 
25.12  	 -0.1607844242723147 
25.13  	 -0.04099237560230889 
25.14  	 0.07920928153193407 
25.15  	 0.1986195319724638 
25.16  	 0.3160452677733056 
25.17  	 0.4303132093447856 
25.18  	 0.5402816284820081 
25.19  	 0.644851756144775 
25.2  	 0.742978761006067 
25.21  	 0.8336821890749293 
25.22  	 0.9160557600843443 
25.23  	 0.9892764227616497 
25.24  	 1.052612578504043 
25.25  	 1.105431391290716 
25.26  	 1.147205110793187 
25.27  	 1.177516345505149 
25.28  	 1.196062233204256 
25.29  	 1.202657467075702 
25.3  	 1.197236147261332 
25.31  	 1.179852439333971 
25.32  	 1.150680033117461 
25.33  	 1.110010407259453 
25.34  	 1.058249916896541 
25.35  	 0.9959157335105948 
25.36  	 0.9236306775436754 
25.37  	 0.842116995402156 
25.38  	 0.7521891430279564 
25.39  	 0.6547456481409002 
25.4  	 0.550760132461821 
25.41  	 0.441271583619262 
25.42  	 0.3273739739395489 
25.43  	 0.2102053298457601 
25.44  	 0.09093636108047727 
25.45  	 -0.02924123663468242 
25.46  	 -0.1491266886268186 
25.47  	 -0.2675221390156978 
25.48  	 -0.3832446192963881 
25.49  	 -0.4951378681744116 
25.5  	 -0.6020838845534608 
25.51  	 -0.7030140982419583 
25.52  	 -0.7969200467643396 
25.53  	 -0.8828634515977678 
25.54  	 -0.9599855931557039 
25.55  	 -1.027515890846438 
25.56  	 -1.084779602477295 
25.57  	 -1.131204566074434 
25.58  	 -1.16632691675599 
25.59  	 -1.189795721537275 
25.6  	 -1.201376485758348 
25.61  	 -1.200953496098717 
25.62  	 -1.188530976768277 
25.63  	 -1.164233047322036 
25.64  	 -1.128302482519882 
25.65  	 -1.081098286622269 
25.66  	 -1.023092106358452 
25.67  	 -0.9548635184075046 
25.68  	 -0.8770942384778754 
25.69  	 -0.7905613098462733 
25.7  	 -0.6961293394135863 
25.71  	 -0.5947418588524594 
25.72  	 -0.4874118971629605 
25.73  	 -0.3752118588321361 
25.74  	 -0.2592628087314497 
25.75  	 -0.1407232708137961 
25.76  	 -0.02077765252975856 
25.77  	 0.0993755893775137 
25.78  	 0.2185359234553526 
25.79  	 0.3355127388564548 
25.8  	 0.4491372415323505 
25.81  	 0.5582741324425723 
25.82  	 0.661832951094651 
25.83  	 0.7587789710739461 
25.84  	 0.8481435386986748 
25.85  	 0.9290337514995952 
25.86  	 1.000641379820039 
25.87  	 1.062250942394464 
25.88  	 1.113246855216863 
25.89  	 1.153119582269716 
25.9  	 1.181470726657271 
25.91  	 1.198017011274045 
25.92  	 1.202593109234821 
25.93  	 1.195153295785253 
25.94  	 1.175771905187523 
25.95  	 1.144642588015812 
25.96  	 1.102076376282277 
25.97  	 1.048498575725942 
25.98  	 0.9844445163155797 
25.99  	 0.9105542034259734 
26  	 0.827565923131086 
26.01  	 0.7363088655077897 
26.02  	 0.6376948396555346 
26.03  	 0.5327091632126262 
26.04  	 0.4224008173979498 
26.05  	 0.3078719659456272 
26.06  	 0.1902669426558757 
26.07  	 0.07076081759476953 
26.08  	 -0.04945234381437581 
26.09  	 -0.1691714114967362 
26.1  	 -0.2872001920211574 
26.11  	 -0.4023593805717851 
26.12  	 -0.5134983441759605 
26.13  	 -0.6195066184542081 
26.14  	 -0.7193250030205198 
26.15  	 -0.8119561446712793 
26.16  	 -0.8964745026189983 
26.17  	 -0.9720355962014325 
26.18  	 -1.037884442665898 
26.19  	 -1.0933631007211 
26.2  	 -1.137917244483654 
26.21  	 -1.171101702134442 
26.22  	 -1.192584903944228 
26.23  	 -1.202152195225155 
26.24  	 -1.199707981106061 
26.25  	 -1.185276681701536 
26.26  	 -1.159002488130839 
26.27  	 -1.121147921824277 
26.28  	 -1.072091211511829 
26.29  	 -1.012322514102108 
26.3  	 -0.9424390172112572 
26.31  	 -0.8631389722755366 
26.32  	 -0.7752147178666482 
26.33  	 -0.679544762918399 
26.34  	 -0.5770850089663802 
26.35  	 -0.4688591991050442 
26.36  	 -0.3559486890929656 
26.37  	 -0.2394816428099508 
26.38  	 -0.1206217600213675 
26.39  	 -0.000556649078110788 
26.4  	 0.1195140392716775 
26.41  	 0.2383905983961093 
26.42  	 0.3548852528529799 
26.43  	 0.4678340262522243 
26.44  	 0.576108371327601 
26.45  	 0.6786264460137158 
26.46  	 0.7743639228614817 
26.47  	 0.8623642237878254 
26.48  	 0.9417480778973113 
26.49  	 1.011722306876982 
26.5  	 1.07158775018354 
26.51  	 1.120746250836893 
26.52  	 1.158706632020193 
26.53  	 1.185089604770024 
26.54  	 1.199631557720569 
26.55  	 1.202187191035744 
26.56  	 1.192730968211782 
26.57  	 1.171357371244173 
26.58  	 1.138279956609278 
26.59  	 1.093829221492799 
26.6  	 1.038449301584896 
26.61  	 0.9726935334363654 
26.62  	 0.8972189257152157 
26.63  	 0.8127795946049079 
26.64  	 0.7202192289354745 
26.65  	 0.6204626603333394 
26.66  	 0.5145066226180273 
26.67  	 0.4034097927747394 
26.68  	 0.288282213010041 
26.69  	 0.170274199581933 
26.7  	 0.05056484922357239 
26.71  	 -0.06964974199936472 
26.72  	 -0.1891684296844083 
26.73  	 -0.3067970225307026 
26.74  	 -0.4213602143056768 
26.75  	 -0.5317133271196791 
26.76  	 -0.6367537486736137 
26.77  	 -0.7354319492023265 
26.78  	 -0.8267619680360153 
26.79  	 -0.9098312650013313 
26.8  	 -0.9838098382301386 
26.81  	 -1.047958517273704 
26.82  	 -1.101636348660158 
26.83  	 -1.144307000101055 
26.84  	 -1.175544119358217 
26.85  	 -1.195035594226691 
26.86  	 -1.202586671069374 
26.87  	 -1.198121900743787 
26.88  	 -1.181685892477831 
26.89  	 -1.153442868161907 
26.9  	 -1.113675021510652 
26.91  	 -1.06277969848886 
26.92  	 -1.001265427173746 
26.93  	 -0.9297468367217238 
26.94  	 -0.8489385162076041 
26.95  	 -0.7596478746965607 
26.96  	 -0.6627670738885728 
26.97  	 -0.5592641139416127 
26.98  	 -0.4501731615410156 
26.99  	 -0.3365842168537033 
27  	 -0.2196322226115907 
27.01  	 -0.1004857241425751 
27.02  	 0.01966480634569673 
27.03  	 0.1396188645693995 
27.04  	 0.2581779092104958 
27.05  	 0.3741573373465939 
27.06  	 0.486398320614138 
27.07  	 0.5937793838418679 
27.08  	 0.6952276104646254 
27.09  	 0.7897293627566619 
27.1  	 0.8763404097713545 
27.11  	 0.9541953617922307 
27.12  	 1.022516317029304 
27.13  	 1.080620634165699 
27.14  	 1.127927753093747 
27.15  	 1.163964995689926 
27.16  	 1.188372288669088 
27.17  	 1.200905761328691 
27.18  	 1.201440182235436 
27.19  	 1.18997021050763 
27.2  	 1.166610449190773 
27.21  	 1.131594300192936 
27.22  	 1.085271632220923 
27.23  	 1.028105285018341 
27.24  	 0.9606664448339488 
27.25  	 0.883628937327002 
27.26  	 0.7977624949328912 
27.27  	 0.7039250659592554 
27.28  	 0.6030542422574623 
27.29  	 0.496157891121261 
27.3  	 0.3843040850155234 
27.31  	 0.2686104297538455 
27.32  	 0.150232897754295 
27.33  	 0.03035427794769276 
27.34  	 -0.08982764225688915 
27.35  	 -0.2091120448675247 
27.36  	 -0.3263070794864685 
27.37  	 -0.4402417718869939 
27.38  	 -0.5497777240034456 
27.39  	 -0.6538204884320397 
27.4  	 -0.7513305037921145 
27.41  	 -0.8413334816852643 
27.42  	 -0.9229301414692311 
27.43  	 -0.995305195579844 
27.44  	 -1.057735495622562 
27.45  	 -1.109597257840486 
27.46  	 -1.150372295764257 
27.47  	 -1.17965319776919 
27.48  	 -1.197147397807078 
27.49  	 -1.202680098639199 
27.5  	 -1.196196018362414 
27.51  	 -1.177759942777575 
27.52  	 -1.147556078081036 
27.53  	 -1.105886210346885 
27.54  	 -1.053166690189625 
27.55  	 -0.9899242727354961 
27.56  	 -0.9167908544679425 
27.57  	 -0.8344971595348863 
27.58  	 -0.7438654386020314 
27.59  	 -0.6458012532027869 
27.6  	 -0.5412844276728059 
27.61  	 -0.4313592590743623 
27.62  	 -0.3171240829297218 
27.63  	 -0.1997202990192122 
27.64  	 -0.08032096689456246 
27.65  	 0.03988091494264684 
27.66  	 0.1596843290868566 
27.67  	 0.277892239397569 
27.68  	 0.3933235513898209 
27.69  	 0.5048249133418078 
27.7  	 0.6112822402068608 
27.71  	 0.7116318451866269 
27.72  	 0.8048710677424051 
27.73  	 0.8900682918530145 
27.74  	 0.9663722544200138 
27.75  	 1.0330205508137 
27.76  	 1.089347252575215 
27.77  	 1.134789561161113 
27.78  	 1.168893431248317 
27.79  	 1.191318107413146 
27.8  	 1.201839528855358 
27.81  	 1.20035256814823 
27.82  	 1.186872081645745 
27.83  	 1.161532761051469 
27.84  	 1.124587787632119 
27.85  	 1.076406302522375 
27.86  	 1.017469718396754 
27.87  	 0.9483669093609984 
27.88  	 0.8697883271239396 
27.89  	 0.7825191022390289 
27.9  	 0.6874311993455806 
27.91  	 0.5854747047919137 
27.92  	 0.4776683336915271 
27.93  	 0.3650892512626246 
27.94  	 0.2488623101527623 
27.95  	 0.1301488112856862 
27.96  	 0.01013490052824255 
27.97  	 -0.1099802828859815 
27.98  	 -0.2289965877592589 
27.99  	 -0.345724842444345 
28  	 -0.4589987366558597 
28.01  	 -0.5676864748592771 
28.02  	 -0.6707020848006835 
28.03  	 -0.7670162681861782 
28.04  	 -0.8556666850944737 
28.05  	 -0.9357675693641947 
28.06  	 -1.006518578882051 
28.07  	 -1.06721279234267 
28.08  	 -1.117243772579048 
28.09  	 -1.156111625889084 
28.1  	 -1.183427996815339 
28.11  	 -1.19891994847176 
28.12  	 -1.202432689646352 
28.13  	 -1.193931121431413 
28.14  	 -1.173500187927829 
28.15  	 -1.141344027519253 
28.16  	 -1.097783933196255 
28.17  	 -1.043255142310153 
28.18  	 -0.9783024878321773 
28.19  	 -0.9035749545690663 
28.2  	 -0.8198191947275418 
28.21  	 -0.7278720676179341 
28.22  	 -0.6286522780377212 
28.23  	 -0.5231511968814442 
28.24  	 -0.4124229556943888 
28.25  	 -0.2975739141419435 
28.26  	 -0.1797516056321717 
28.27  	 -0.06013327154326364 
28.28  	 0.06008590138193938 
28.29  	 0.1797047229462853 
28.3  	 0.2975280013938979 
28.31  	 0.4123784853720264 
28.32  	 0.523108626639009 
28.33  	 0.6286120459892387 
28.34  	 0.7278345878313706 
28.35  	 0.8197848529660462 
28.36  	 0.903544104323061 
28.37  	 0.9782754466830774 
28.38  	 1.04323218866309 
28.39  	 1.097765303415393 
28.4  	 1.141329913495153 
28.41  	 1.173490735101874 
28.42  	 1.193926427297627 
28.43  	 1.202432802746039 
28.44  	 1.198924867891308 
28.45  	 1.183437672192414 
28.46  	 1.156125957927161 
28.47  	 1.117262614065054 
28.48  	 1.067235949657313 
28.49  	 1.006545813987363 
28.5  	 0.9357986022479154 
28.51  	 0.8557011966461899 
28.52  	 0.7670539034757231 
28.53  	 0.6707424567251405 
28.54  	 0.5677291681211561 
28.55  	 0.4590433120316027 
28.56  	 0.3457708412993324 
28.57  	 0.2290435367629485 
28.58  	 0.1100276988787492 
28.59  	 -0.01008750556655419 
28.6  	 -0.1301019252165604 
28.61  	 -0.2488164156607178 
28.62  	 -0.3650448208894166 
28.63  	 -0.4776258249738869 
28.64  	 -0.5854345555528143 
28.65  	 -0.6873938231874518 
28.66  	 -0.7824848842852773 
28.67  	 -0.8697576200525887 
28.68  	 -0.9483400297712694 
28.69  	 -1.017446943545998 
28.7  	 -1.076387867466966 
28.71  	 -1.124573882801784 
28.72  	 -1.16152353028207 
28.73  	 -1.186867620690834 
28.74  	 -1.200352923684785 
28.75  	 -1.201844697994021 
28.76  	 -1.191328037718125 
28.77  	 -1.16890802126685 
28.78  	 -1.134808661457185 
28.79  	 -1.089370667257018 
28.8  	 -1.033048039539255 
28.81  	 -0.9664035348604545 
28.82  	 -0.8901030425883377 
28.83  	 -0.8049089315600134 
28.84  	 -0.7116724327488719 
28.85  	 -0.6113251340499753 
28.86  	 -0.5048696721652046 
28.87  	 -0.3933697145917396 
28.88  	 -0.277939331810505 
28.89  	 -0.1597318658641426 
28.9  	 -0.03992840654598373 
28.91  	 0.08027400965787819 
28.92  	 0.1996743599611475 
28.93  	 0.3170796355002296 
28.94  	 0.4313167614852101 
28.95  	 0.5412443181766894 
28.96  	 0.6457639455763282 
28.97  	 0.7438313178791859 
28.98  	 0.8344665780347224 
28.99  	 0.9167641281577488 
29  	 0.9899016779667417 
29.01  	 1.053148460840477 
29.02  	 1.105872535400817 
29.03  	 1.147547099666612 
29.04  	 1.177755754689715 
29.05  	 1.196196665080566 
29.06  	 1.202685574852689 
29.07  	 1.197157648452733 
29.08  	 1.179668118581032 
29.09  	 1.150391734329847 
29.1  	 1.109621015153228 
29.11  	 1.057763328114232 
29.12  	 0.9953368176126068 
29.13  	 0.9229652282617232 
29.14  	 0.8413716726428133 
29.15  	 0.751371406207009 
29.16  	 0.6538636815159404 
29.17  	 0.549822763210594 
29.18  	 0.4402881934838638 
29.19  	 0.3263544053209513 
29.2  	 0.2091597872886629 
29.21  	 0.08987530913459928 
29.22  	 -0.0303071781545195 
29.23  	 -0.15018685093345 
29.24  	 -0.2685659111313424 
29.25  	 -0.3842615542545973 
29.26  	 -0.4961177875793251 
29.27  	 -0.6030169804499225 
29.28  	 -0.703891031276982 
29.29  	 -0.7977320396575633 
29.3  	 -0.8836023769854984 
29.31  	 -0.9606440549294959 
29.32  	 -1.028087298172272 
29.33  	 -1.0852582357547 
29.34  	 -1.131585634175564 
29.35  	 -1.166606604971981 
29.36  	 -1.189971229752178 
29.37  	 -1.201446056468796 
29.38  	 -1.200916431999055 
29.39  	 -1.188387647725371 
29.4  	 -1.163984886670126 
29.41  	 -1.127951972712736 
29.42  	 -1.080648934386407 
29.43  	 -1.022548407596257 
29.44  	 -0.9542309132016181 
29.45  	 -0.8763790566473287 
29.46  	 -0.7897707075993246 
29.47  	 -0.6952712277313414 
29.48  	 -0.5938248243200759 
29.49  	 -0.486445116040798 
29.5  	 -0.3742050052268451 
29.51  	 -0.2582259577860124 
29.52  	 -0.1396667978853578 
29.53  	 -0.01971212936421407 
29.54  	 0.1004395004351838 
29.55  	 0.2195875761563672 
29.56  	 0.3365416095814722 
29.57  	 0.4501330345966399 
29.58  	 0.5592268831194074 
29.59  	 0.662733125326066 
29.6  	 0.7596175608711693 
29.61  	 0.8489121522777019 
29.62  	 0.9297246972500666 
29.63  	 1.001247743267307 
29.64  	 1.062766655384871 
29.65  	 1.113666756634064 
29.66  	 1.153439469674656 
29.67  	 1.181687398335241 
29.68  	 1.198128298268233 
29.69  	 1.202597897045994 
29.7  	 1.195051535520581 
29.71  	 1.175564614047156 
29.72  	 1.144331839112493 
29.73  	 1.101665277895987 
29.74  	 1.047991240201311 
29.75  	 0.983846018913395 
29.76  	 0.9098705315406238 
29.77  	 0.8268039163821841 
29.78  	 0.735476147305487 
29.79  	 0.6367997409243541 
29.8  	 0.5317606390370713 
29.81  	 0.4214083574239559 
29.82  	 0.3068454994343763 
29.83  	 0.1892167391399807 
29.84  	 0.06969738413081628 
29.85  	 -0.05051836776890865 
29.86  	 -0.1702293605304102 
29.87  	 -0.2882394814743655 
29.88  	 -0.4033696124338368 
29.89  	 -0.5144694111140066 
29.9  	 -0.6204288049332599 
29.91  	 -0.7201890825029408 
29.92  	 -0.8127534719233643 
29.93  	 -0.8971971002012281 
29.94  	 -0.9726762342771927 
29.95  	 -1.038436711330313 
29.96  	 -1.093821474126477 
29.97  	 -1.138277136120109 
29.98  	 -1.171359510712788 
29.99  	 -1.192738049422208 
30  	 -1.20219914461675 
30.01  	 -1.199648263815777 
30.02  	 -1.185110894230414 
30.03  	 -1.158732288107223 
30.04  	 -1.120776011419192 
30.05  	 -1.071621310404996 
30.06  	 -1.011759322269174 
30.07  	 -0.9417881679046102 
30.08  	 -0.8624069756692042 
30.09  	 -0.7744088959291283 
30.1  	 -0.6786731761650375 
30.11  	 -0.5761563758241216 
30.12  	 -0.4678828086962745 
30.13  	 -0.3549343083109819 
30.14  	 -0.2384394186156833 
30.15  	 -0.119562117938767 
30.16  	 0.0005098110963766833 
30.17  	 0.1205766495022744 
30.18  	 0.2394387291228185 
30.19  	 0.3559084193211511 
30.2  	 0.4688219933929542 
30.21  	 0.5770512561398589 
30.22  	 0.6795148164240934 
30.23  	 0.7751888920727148 
30.24  	 0.8631175391723777 
30.25  	 0.9424222035468869 
30.26  	 1.012310498982308 
30.27  	 1.072084124490486 
30.28  	 1.121145841504271 
30.29  	 1.159005441290587 
30.3  	 1.185284642956907 
30.31  	 1.199720873111837 
30.32  	 1.202169889414659 
30.33  	 1.192607221800164 
30.34  	 1.171128416978509 
30.35  	 1.137948083767089 
30.36  	 1.093397748793143 
30.37  	 1.037922543992163 
30.38  	 0.9720767589994956 
30.39  	 0.8965183028741566 
30.4  	 0.812002130491448 
30.41  	 0.7193726992856679 
30.42  	 0.6195555317126276 
30.43  	 0.5135479677370413 
30.44  	 0.4024091997428623 
30.45  	 0.2872496894344326 
30.46  	 0.1692200724712606 
30.47  	 0.04949966169764113 
30.48  	 -0.07071533616095954 
30.49  	 -0.1902237725998809 
30.5  	 -0.3078315588141557 
30.51  	 -0.4223635966394941 
30.52  	 -0.5326755197453406 
30.53  	 -0.6376651277658751 
30.54  	 -0.7362833991228901 
30.55  	 -0.8275449725040424 
30.56  	 -0.9105379922690006 
30.57  	 -0.9844332194114239 
30.58  	 -1.048492317043033 
30.59  	 -1.102075227613931 
30.6  	 -1.144646568158411 
30.61  	 -1.175780979667032 
30.62  	 -1.195167377135793 
30.63  	 -1.202612057827285 
30.64  	 -1.198040636687071 
30.65  	 -1.181498789577249 
30.66  	 -1.153151796900993 
30.67  	 -1.11328289217803 
30.68  	 -1.062290432071493 
30.69  	 -1.000683916142301 
30.7  	 -0.9290788961003157 
30.71  	 -0.8481908254173567 
30.72  	 -0.7588279107546734 
30.73  	 -0.6618830366310315 
30.74  	 -0.5583248440174455 
30.75  	 -0.4491880519982719 
30.76  	 -0.3355631192014154 
30.77  	 -0.2185853482972073 
30.78  	 -0.0994235424301949 
30.79  	 0.02073167307498089 
30.8  	 0.1406797470479685 
30.81  	 0.2592221979831091 
30.82  	 0.3751745888706839 
30.83  	 0.4873783617004463 
30.84  	 0.5947124133909842 
30.85  	 0.6961042974820446 
30.86  	 0.7905409396662021 
30.87  	 0.877078760093808 
30.88  	 0.9548531013124797 
30.89  	 1.023086867640258 
30.9  	 1.081098289650656 
30.91  	 1.128307736189404 
30.92  	 1.164243505859462 
30.93  	 1.188546540107662 
30.94  	 1.200974010821359 
30.95  	 1.201401746588994 
30.96  	 1.189825473382131 
30.97  	 1.16636085726249 
30.98  	 1.131242348687209 
30.99  	 1.084820839959657 
31  	 1.027560159231723 
31.01  	 0.9600324360883687 
31.02  	 0.8829123850199341 
31.03  	 0.7969705638998557 
31.04  	 0.703065674826834 
31.05  	 0.602135984258874 
31.06  	 0.495189948166371 
31.07  	 0.3832961358745994 
31.08  	 0.2675725532732307 
31.09  	 0.1491754720718317 
31.1  	 0.02928787671572604 
31.11  	 -0.09089235560318989 
31.12  	 -0.2101644237392518 
31.13  	 -0.3273366006012314 
31.14  	 -0.4412381404958057 
31.15  	 -0.5507309768320459 
31.16  	 -0.6547210933073221 
31.17  	 -0.7521694549574867 
31.18  	 -0.8421023898518817 
31.19  	 -0.9236213177026965 
31.2  	 -0.99591172818361 
31.21  	 -1.058251319249311 
31.22  	 -1.110017214140481 
31.23  	 -1.150692184964295 
31.24  	 -1.179869820666458 
31.25  	 -1.197258587758093 
31.26  	 -1.202684743224016 
31.27  	 -1.19609407050757 
31.28  	 -1.177552421226596 
31.29  	 -1.147245057207882 
31.3  	 -1.105474799414248 
31.31  	 -1.052659002259548 
31.32  	 -0.9893253835432189 
31.33  	 -0.9161067516702663 
31.34  	 -0.8337346828405603 
31.35  	 -0.743032211382842 
31.36  	 -0.6449056062692049 
31.37  	 -0.5403353159763811 
31.38  	 -0.4303661721697757 
31.39  	 -0.3160969500917902 
31.4  	 -0.1986693899635751 
31.41  	 -0.07925678909473131 
