0.01  	 0.01179352743652531 
0.02  	 0.01031881917068461 
0.03  	 0.008877169055730881 
0.04  	 0.007463639004992598 
0.05  	 0.006073593508072578 
0.06  	 0.004702597658743964 
0.07000000000000001  	 0.003346320621081964 
0.08  	 0.0020004394330969 
0.09  	 0.0006605379162901269 
0.1  	 0.0006780052057351 
0.11  	 0.002020146190613329 
0.12  	 0.003371333566772616 
0.13  	 0.004737705708823941 
0.14  	 0.006126347020769694 
0.15  	 0.007545629622352226 
0.16  	 0.009005681153957182 
0.17  	 0.01051904175909562 
0.18  	 0.01210161101682338 
0.19  	 0.01377405099289041 
0.2  	 0.0155639291761059 
0.21  	 0.01750910561108893 
0.22  	 0.01966330290066973 
0.23  	 0.02210570401604583 
0.24  	 0.02495844883196003 
0.25  	 0.02842082770754938 
0.26  	 0.03284228973272262 
0.27  	 0.03889768126041325 
0.28  	 0.04808259208915396 
0.29  	 0.06450967511734777 
0.3  	 0.1050959241705626 
0.31  	 0.4246251253133113 
0.32  	 0.1464027786224252 
0.33  	 0.0506451517841405 
0.34  	 0.02472939859788777 
0.35  	 0.01225785083851886 
0.36  	 0.00467124635949213 
0.37  	 0.0006008752339605466 
0.38  	 0.004599277315682913 
0.39  	 0.007826546137997711 
0.4  	 0.0105560741386917 
0.41  	 0.01295028555318334 
0.42  	 0.01511273636737522 
0.43  	 0.01711362198450152 
0.44  	 0.01900336276992631 
0.45  	 0.0208203937892874 
0.46  	 0.02259597312636678 
0.47  	 0.02435741791042193 
0.48  	 0.02613054433774415 
0.49  	 0.02794180242211879 
0.5  	 0.0298204916401049 
0.51  	 0.03180146373850062 
0.52  	 0.033928872114867 
0.53  	 0.03626189180842858 
0.54  	 0.03888411994551416 
0.55  	 0.04192010127946317 
0.5600000000000001  	 0.04556651464912916 
0.5700000000000001  	 0.05015614307068837 
0.58  	 0.05630370446988157 
0.59  	 0.06528927444077959 
0.6  	 0.08029978501329108 
0.61  	 0.1121027356847093 
0.62  	 0.2347392515787036 
0.63  	 0.4049121504251567 
0.64  	 0.07362116227171467 
0.65  	 0.02722549652099863 
0.66  	 0.00824030997183278 
0.67  	 0.002377343474893854 
0.68  	 0.009352474950753325 
0.6900000000000001  	 0.01442083897883338 
0.7000000000000001  	 0.01837112631059548 
0.71  	 0.02161437231557395 
0.72  	 0.02438683125010331 
0.73  	 0.02683496524765378 
0.74  	 0.0290554706736948 
0.75  	 0.03111591840032408 
0.76  	 0.03306623432611023 
0.77  	 0.03494554983251196 
0.78  	 0.0367866106142663 
0.79  	 0.03861889577504243 
0.8  	 0.04047112296698963 
0.8100000000000001  	 0.04237360948539028 
0.8200000000000001  	 0.04436091221268468 
0.8300000000000001  	 0.04647525689922019 
0.84  	 0.04877153374482069 
0.85  	 0.05132522813308931 
0.86  	 0.05424594484338623 
0.87  	 0.05770213556670985 
0.88  	 0.06196996716443113 
0.89  	 0.06753955028067998 
0.9  	 0.07537660395585749 
0.91  	 0.08769101887704933 
0.92  	 0.1109050806639246 
0.93  	 0.1748675347637063 
0.9400000000000001  	 1.550205297836836 
0.9500000000000001  	 0.1160541649862246 
0.96  	 0.03092512416748493 
0.97  	 0.003826780830616097 
0.98  	 0.009841042080526592 
0.99  	 0.01830004081644572 
1  	 0.02420305549701945 
1.01  	 0.02866743557633229 
1.02  	 0.03224660624995534 
1.03  	 0.03524698180299179 
1.04  	 0.03785295031202467 
1.05  	 0.04018316324569389 
1.06  	 0.04231855121328092 
1.07  	 0.04431743721361577 
1.08  	 0.04622428861532985 
1.09  	 0.04807515849317046 
1.1  	 0.04990136284185468 
1.11  	 0.05173225464049592 
1.12  	 0.05359764393730369 
1.13  	 0.05553029939654894 
1.14  	 0.05756899250329711 
1.15  	 0.05976272384382789 
1.16  	 0.06217719595258884 
1.17  	 0.06490552071500295 
1.18  	 0.06808721082375106 
1.19  	 0.07194443514895019 
1.2  	 0.07685750577547343 
1.21  	 0.08354043604465071 
1.22  	 0.09351572959898968 
1.23  	 0.1107202487703267 
1.24  	 0.1494573681477148 
1.25  	 0.3344254930555474 
1.26  	 0.2448998614575302 
1.27  	 0.04117480509527595 
1.28  	 0.0009433698362857625 
1.29  	 0.01666725795080346 
1.3  	 0.02680338570307315 
1.31  	 0.03356093204373332 
1.32  	 0.0385097292045958 
1.33  	 0.04238185708703054 
1.34  	 0.04556571061100784 
1.35  	 0.04828748745154122 
1.36  	 0.05068886114946155 
1.37  	 0.05286415323659412 
1.38  	 0.05487974699875489 
1.39  	 0.05678500233383778 
1.4  	 0.05861883332977232 
1.41  	 0.06041398494562016 
1.42  	 0.06220009468388164 
1.43  	 0.06400618704653119 
1.44  	 0.06586306248488873 
1.45  	 0.06780600984952968 
1.46  	 0.06987837573530449 
1.47  	 0.07213681946416768 
1.48  	 0.07465973458441991 
1.49  	 0.07756174734318114 
1.5  	 0.08102051143127356 
1.51  	 0.08533035681274857 
1.52  	 0.09102088637384001 
1.53  	 0.09915588768812389 
1.54  	 0.1122415520363467 
1.55  	 0.1379396314857534 
1.56  	 0.2164155726346429 
1.57  	 2.411592011407472 
1.58  	 0.06731005939898647 
1.59  	 0.001129781905998927 
1.6  	 0.02229239906932197 
1.61  	 0.03457536401604354 
1.62  	 0.04233161186454883 
1.63  	 0.04780862289788686 
1.64  	 0.05198154107447601 
1.65  	 0.0553429151843239 
1.66  	 0.05816933806672473 
1.67  	 0.06062908076891033 
1.68  	 0.06283140070705448 
1.69  	 0.06485141044950328 
1.7  	 0.06674364232557881 
1.71  	 0.06854998327517775 
1.72  	 0.07030466034165678 
1.73  	 0.0720376527145084 
1.74  	 0.07377730823405716 
1.75  	 0.07555267239430602 
1.76  	 0.07739594698799947 
1.77  	 0.0793455374661975 
1.78  	 0.0814503443114318 
1.79  	 0.08377640979792844 
1.8  	 0.08641802332652682 
1.81  	 0.08951762184397005 
1.82  	 0.09330423243943531 
1.83  	 0.09817470147068275 
1.84  	 0.1048863345364156 
1.85  	 0.1150925548938747 
1.86  	 0.1332356340717686 
1.87  	 0.1767407800807669 
1.88  	 0.4524297582331739 
1.89  	 0.141805382109184 
1.9  	 0.006868393551825425 
1.91  	 0.02612761259889659 
1.92  	 0.04138753126912543 
1.93  	 0.05040262702931417 
1.94  	 0.05650434656237248 
1.95  	 0.0610162944736126 
1.96  	 0.06456981425875523 
1.97  	 0.06750517922236277 
1.98  	 0.07002293213964203 
1.99  	 0.07224988940211721 
2  	 0.07427118503552325 
2.01  	 0.07614720203127688 
2.02  	 0.07792318977256041 
2.03  	 0.07963511955884915 
2.04  	 0.08131353763469122 
2.05  	 0.08298636694400446 
2.06  	 0.08468123659642782 
2.07  	 0.08642776509742257 
2.08  	 0.08826020983827448 
2.09  	 0.09022101467675279 
2.1  	 0.0923661018912776 
2.11  	 0.09477344419520674 
2.12  	 0.09755797259470766 
2.13  	 0.1008994333246843 
2.14  	 0.1050989077086875 
2.15  	 0.1107059086871343 
2.16  	 0.1188463357049844 
2.17  	 0.1322546418215793 
2.18  	 0.1597587132033238 
2.19  	 0.2546741850546268 
2.2  	 0.562665246099449 
2.21  	 0.02381320569262525 
2.22  	 0.0272812622188982 
2.23  	 0.04697403039718166 
2.24  	 0.0576641572788529 
2.25  	 0.06454355352041982 
2.26  	 0.06945943385253954 
2.27  	 0.07323510270479415 
2.28  	 0.07629398547621585 
2.29  	 0.07887702166131211 
2.3  	 0.08113232344549963 
2.31  	 0.08315690657424195 
2.32  	 0.08501800292095489 
2.33  	 0.08676480999948044 
2.34  	 0.08843543401937058 
2.35  	 0.09006130128617119 
2.36  	 0.09167022059673591 
2.37  	 0.09328877670798515 
2.38  	 0.09494451123528112 
2.39  	 0.09666828087361096 
2.4  	 0.09849724022135277 
2.41  	 0.1004791071988654 
2.42  	 0.1026788480991743 
2.43  	 0.1051899628937887 
2.44  	 0.1081549227584616 
2.45  	 0.1118051335817357 
2.46  	 0.1165466743124446 
2.47  	 0.1231678098040174 
2.48  	 0.133433136422602 
2.49  	 0.152284077960164 
2.5  	 0.2008702085497134 
2.51  	 0.6866208237853132 
2.52  	 0.06970036932055651 
2.53  	 0.02409556268345852 
2.54  	 0.05095130018069506 
2.55  	 0.06398281017345633 
2.56  	 0.07186854979446432 
2.57  	 0.07728360897585838 
2.58  	 0.08132645326414369 
2.59  	 0.08453221419864607 
2.6  	 0.08719365499094577 
2.61  	 0.08948530176545313 
2.62  	 0.09151855905882339 
2.63  	 0.09336883807700057 
2.64  	 0.09509005375189136 
2.65  	 0.09672294412286848 
2.66  	 0.09830018962096355 
2.67  	 0.09984982533692296 
2.68  	 0.1013977654247564 
2.69  	 0.1029699495338442 
2.7  	 0.1045945000441608 
2.71  	 0.1063042833580751 
2.72  	 0.1081404011785008 
2.73  	 0.110157468463371 
2.74  	 0.1124322563721359 
2.75  	 0.1150788802347193 
2.76  	 0.118277504852953 
2.77  	 0.1223333939144306 
2.78  	 0.1278120937165139 
2.79  	 0.1358970468805862 
2.8  	 0.1495585497126775 
2.81  	 0.178988572875585 
2.82  	 0.2976641535539337 
2.83  	 0.2466787637621846 
2.84  	 0.01289303327936083 
2.85  	 0.05268657731067698 
2.86  	 0.06917318674060775 
2.87  	 0.07840824238804983 
2.88  	 0.08445781665870562 
2.89  	 0.08883040114636737 
2.9  	 0.09221550676393267 
2.91  	 0.09497390114244612 
2.92  	 0.09731350560209877 
2.93  	 0.09936344144707934 
2.94  	 0.1012090262649445 
2.95  	 0.1029098669460386 
2.96  	 0.1045099404346232 
2.97  	 0.106043612572815 
2.98  	 0.1075395077178165 
2.99  	 0.1090232367735962 
3  	 0.1105195739153333 
3.01  	 0.1120544902087741 
3.02  	 0.1136574080657684 
3.03  	 0.1153641119926697 
3.04  	 0.1172209752433306 
3.05  	 0.1192916630378688 
3.06  	 0.1216685679238488 
3.07  	 0.1244937453727821 
3.08  	 0.1280003729212974 
3.09  	 0.1326031304734027 
3.1  	 0.1391217154622651 
3.11  	 0.149441230129679 
3.12  	 0.1690877566883447 
3.13  	 0.2242636112529893 
3.14  	 1.866524550583434 
3.15  	 0.01665877024096005 
3.16  	 0.0510089276299061 
3.17  	 0.07295210454717495 
3.18  	 0.08406647330997591 
3.19  	 0.09094367509703122 
3.2  	 0.09573134194539813 
3.21  	 0.09933898946319861 
3.22  	 0.102218702796672 
3.23  	 0.1046214081118041 
3.24  	 0.1066983714978034 
3.25  	 0.1085470515900176 
3.26  	 0.1102339735159841 
3.27  	 0.1118070900795494 
3.28  	 0.1133029491725628 
3.29  	 0.1147511532403643 
3.3  	 0.1161773730541635 
3.31  	 0.1176056192884219 
3.32  	 0.119060220795819 
3.33  	 0.1205678653281446 
3.34  	 0.1221600791662384 
3.35  	 0.1238766674575475 
3.36  	 0.1257709844400576 
3.37  	 0.1279186587350112 
3.38  	 0.1304330896871909 
3.39  	 0.1334950836799301 
3.4  	 0.1374147064621968 
3.41  	 0.142775593348882 
3.42  	 0.1508270155144342 
3.43  	 0.1648194600174644 
3.44  	 0.1967080061749399 
3.45  	 0.3554670773018175 
3.46  	 0.1093756858365039 
3.47  	 0.04344206515442374 
3.48  	 0.07485015068137166 
3.49  	 0.08870349732581637 
3.5  	 0.09669002232828877 
3.51  	 0.1020097372905435 
3.52  	 0.1058968267533193 
3.53  	 0.1089290906751753 
3.54  	 0.1114138970496143 
3.55  	 0.1135306078311447 
3.56  	 0.1153917319489956 
3.57  	 0.1170722625547421 
3.58  	 0.1186250282132922 
3.59  	 0.1200893372757284 
3.6  	 0.1214961942936977 
3.61  	 0.1228716959422537 
3.62  	 0.1242394651947128 
3.63  	 0.1256226371395074 
3.64  	 0.1270457634209797 
3.65  	 0.128536977520168 
3.66  	 0.130130847788107 
3.67  	 0.1318725832083893 
3.68  	 0.1338247825026214 
3.69  	 0.1360790710095872 
3.7  	 0.1387776457215365 
3.71  	 0.1421565101836007 
3.72  	 0.1466413306403983 
3.73  	 0.1530900097990533 
3.74  	 0.1635341741453025 
3.75  	 0.184241992605495 
3.76  	 0.2488340883166645 
3.77  	 1.217627616391822 
3.78  	 0.02364747642245729 
3.79  	 0.07401788000134835 
3.8  	 0.09210318553063637 
3.81  	 0.10162445834739 
3.82  	 0.1076393223048232 
3.83  	 0.1118812096903687 
3.84  	 0.1151058906647101 
3.85  	 0.1176963459523104 
3.86  	 0.1198681468033413 
3.87  	 0.1217526804728429 
3.88  	 0.1234353847302181 
3.89  	 0.1249750743972847 
3.9  	 0.1264145025186567 
3.91  	 0.1277865488286375 
3.92  	 0.1291181149378543 
3.93  	 0.1304327959323466 
3.94  	 0.1317529348010579 
3.95  	 0.1331014573780914 
3.96  	 0.1345038163345834 
3.97  	 0.1359904081571919 
3.98  	 0.1375999851910266 
3.99  	 0.1393849510417382 
4  	 0.141420224416426 
4.01  	 0.143819153809771 
4.02  	 0.1467643307495364 
4.03  	 0.1505728846279813 
4.04  	 0.1558519258267911 
4.05  	 0.1639331433493923 
4.06  	 0.1784218792450154 
4.07  	 0.2136851048143543 
4.08  	 0.4533783684239754 
4.09  	 0.03093599810991975 
4.1  	 0.06873822350607944 
4.11  	 0.09390973391319918 
4.12  	 0.1056393061633535 
4.13  	 0.1125828156643241 
4.14  	 0.1172807485291567 
4.15  	 0.1207490582063116 
4.16  	 0.1234743556357337 
4.17  	 0.1257196774311866 
4.18  	 0.1276403940344142 
4.19  	 0.129334937924628 
4.2  	 0.130869497420882 
4.21  	 0.1322910930758066 
4.22  	 0.1336350202281511 
4.23  	 0.1349293898174131 
4.24  	 0.1361981239704665 
4.25  	 0.1374631418515584 
4.26  	 0.1387461854324511 
4.27  	 0.140070618440994 
4.28  	 0.1414635240865871 
4.29  	 0.1429585246438371 
4.3  	 0.1445999995336067 
4.31  	 0.1464499337530981 
4.32  	 0.1485998543454724 
4.33  	 0.1511931883304276 
4.34  	 0.1544707561961233 
4.350000000000001  	 0.1588734550803778 
4.36  	 0.1653085875742226 
4.37  	 0.1759946296915098 
4.38  	 0.1981825849355916 
4.39  	 0.2771821119108062 
4.4  	 0.3029221007851509 
4.41  	 0.05494430945141576 
4.42  	 0.09349352015296389 
4.43  	 0.1085668952930864 
4.44  	 0.1167851696081497 
4.45  	 0.1220780757048697 
4.46  	 0.1258566508487252 
4.47  	 0.1287532542061493 
4.48  	 0.1310943237311537 
4.49  	 0.1330661269787936 
4.5  	 0.1347834241545731 
4.51  	 0.13632153249761 
4.52  	 0.1377327453747903 
4.53  	 0.1390554050143197 
4.54  	 0.1403192762212448 
4.55  	 0.1415489700609134 
4.56  	 0.1427663294695628 
4.57  	 0.1439923034517853 
4.58  	 0.1452486658204306 
4.59  	 0.146559885811763 
4.600000000000001  	 0.1479555069326763 
4.61  	 0.1494735622262285 
4.62  	 0.1511659428617061 
4.63  	 0.1531074841632308 
4.64  	 0.1554124625293656 
4.65  	 0.158266948529529 
4.66  	 0.1619984739197356 
4.67  	 0.1672454824024472 
4.68  	 0.1754459833911849 
4.69  	 0.1906685875070535 
4.7  	 0.2307231138509255 
4.71  	 0.7007959845673513 
4.72  	 0.02014867150787349 
4.73  	 0.08963109783695772 
4.74  	 0.1101330067736539 
4.75  	 0.1201625129596905 
4.76  	 0.1262462589035012 
4.77  	 0.1304233609723231 
4.78  	 0.1335373741381221 
4.79  	 0.1360012318629361 
4.8  	 0.1380416285420055 
4.81  	 0.1397940709980566 
4.82  	 0.1413452563713069 
4.83  	 0.1427539977123244 
4.84  	 0.1440624366107512 
4.850000000000001  	 0.1453024942372403 
4.86  	 0.1464998523310598 
4.87  	 0.1476766167432241 
4.88  	 0.148853298446811 
4.89  	 0.1500505098645283 
4.9  	 0.1512906831521936 
4.91  	 0.1526001246728202 
4.92  	 0.1540118303397629 
4.93  	 0.1555697580829464 
4.94  	 0.1573358454416188 
4.95  	 0.1594023760208813 
4.96  	 0.1619154233158926 
4.97  	 0.165123254088098 
4.98  	 0.1694876704456796 
4.99  	 0.1759805270681692 
5  	 0.1870629846657758 
5.01  	 0.2113245559677061 
5.02  	 0.3141021492493191 
5.03  	 0.1014819170391239 
5.04  	 0.07960698748145266 
5.05  	 0.10986166301847 
5.06  	 0.1225830900263191 
5.07  	 0.1297432781753064 
5.08  	 0.1344384310099047 
5.09  	 0.1378290753046278 
5.100000000000001  	 0.1404490194863856 
5.11  	 0.1425787820760096 
5.12  	 0.144380567163443 
5.13  	 0.1459553780908686 
5.14  	 0.1473701163468101 
5.15  	 0.1486716361204017 
5.16  	 0.1498945973337147 
5.17  	 0.1510661683877073 
5.18  	 0.1522090608702762 
5.19  	 0.1533436801309349 
5.2  	 0.154489853675311 
5.21  	 0.1556684600941069 
5.22  	 0.1569032503747129 
5.23  	 0.1582232155522228 
5.24  	 0.159666041728578 
5.25  	 0.1612836096367133 
5.26  	 0.163151406099711 
5.27  	 0.165385809207091 
5.28  	 0.1681784445234824 
5.29  	 0.1718714293489052 
5.3  	 0.1771446285808403 
5.31  	 0.1855740432711711 
5.32  	 0.2018434493221636 
5.33  	 0.2488850933822479 
5.34  	 3.831998940499295 
5.350000000000001  	 0.05599018952968028 
5.36  	 0.1068588106191401 
5.37  	 0.1238323090514325 
5.38  	 0.1325031662276507 
5.39  	 0.1378826233916799 
5.4  	 0.1416274312793774 
5.41  	 0.1444450759710761 
5.42  	 0.1466891604516894 
5.43  	 0.1485567381721653 
5.44  	 0.1501669780548024 
5.45  	 0.1515968713952129 
5.46  	 0.1528991114356831 
5.47  	 0.1541117867138103 
5.48  	 0.1552640192745539 
5.49  	 0.1563794855116804 
5.5  	 0.1574788073807786 
5.51  	 0.1585813674161555 
5.52  	 0.1597069038744865 
5.53  	 0.16087717241889 
5.54  	 0.1621179823333838 
5.55  	 0.1634620393812874 
5.56  	 0.1649533203893747 
5.57  	 0.1666543417118754 
5.58  	 0.1686591118628476 
5.59  	 0.1711179950750559 
5.600000000000001  	 0.174289837809546 
5.61  	 0.1786643122474351 
5.62  	 0.1852971100336964 
5.63  	 0.1969669408482877 
5.64  	 0.2241302724601963 
5.65  	 0.3708268632218892 
5.66  	 0.01127579803673691 
5.67  	 0.09924584077659492 
5.68  	 0.123543639996177 
5.69  	 0.1344210720995419 
5.7  	 0.1407236565838408 
5.71  	 0.1449264250895906 
5.72  	 0.1479946737141171 
5.73  	 0.1503834946412756 
5.74  	 0.1523361734422568 
5.75  	 0.1539952133838523 
5.76  	 0.1554502845683776 
5.77  	 0.1567613295790013 
5.78  	 0.1579706984085218 
5.79  	 0.1591100048607366 
5.8  	 0.1602042790986064 
5.81  	 0.1612746835927714 
5.82  	 0.162340472754258 
5.83  	 0.163420606107039 
5.84  	 0.1645353118166013 
5.850000000000001  	 0.1657078822012424 
5.86  	 0.166967058017967 
5.87  	 0.1683505628079687 
5.88  	 0.1699107982767357 
5.89  	 0.1717247002370435 
5.9  	 0.1739120553805412 
5.91  	 0.1766724210247372 
5.92  	 0.1803674434707135 
5.93  	 0.1857307903229666 
5.94  	 0.1945173102211452 
5.95  	 0.2122382696763062 
5.96  	 0.2698254220078456 
5.97  	 0.531994913492625 
5.98  	 0.08233553742608256 
5.99  	 0.1210483900494277 
6  	 0.1353265657176319 
6.01  	 0.1429090279554217 
6.02  	 0.1477123860367782 
6.03  	 0.1510998144403599 
6.04  	 0.1536710359419588 
6.05  	 0.1557318051104774 
6.06  	 0.1574549982061146 
6.07  	 0.158946361417766 
6.08  	 0.1602748774049129 
6.09  	 0.161488180016382 
6.100000000000001  	 0.1626210090468581 
6.11  	 0.1637001828086339 
6.12  	 0.1647477418541082 
6.13  	 0.1657831182859825 
6.140000000000001  	 0.1668248182727898 
6.15  	 0.1678919411955231 
6.16  	 0.169005807243877 
6.17  	 0.1701920001026061 
6.18  	 0.1714832704007557 
6.19  	 0.1729240641459413 
6.2  	 0.1745781333708722 
6.21  	 0.1765422541414547 
6.22  	 0.1789729028514244 
6.23  	 0.1821430901339738 
6.24  	 0.1865786342252248 
6.25  	 0.1934430957153929 
6.26  	 0.2059325980260398 
6.27  	 0.2371745439370602 
6.28  	 0.4834166784409857 
6.29  	 0.04037625492654196 
6.3  	 0.1150055024161181 
6.31  	 0.1349324774649507 
6.32  	 0.1443541613443036 
6.33  	 0.1499601986363698 
6.34  	 0.1537576797041373 
6.350000000000001  	 0.1565587723990485 
6.36  	 0.1587554287710069 
6.37  	 0.1605606602417746 
6.38  	 0.1621008144018208 
6.390000000000001  	 0.1634562195055008 
6.4  	 0.1646810674764789 
6.41  	 0.1658139862750559 
6.42  	 0.1668840805633349 
6.43  	 0.1679146329639646 
6.44  	 0.1689255594148298 
6.45  	 0.1699352149947884 
6.46  	 0.1709619183316757 
6.47  	 0.1720254717551217 
6.48  	 0.1731489533946922 
6.49  	 0.1743611460877617 
6.5  	 0.1757001926499063 
6.51  	 0.1772195576006573 
6.52  	 0.1789984608193519 
6.53  	 0.1811615056441144 
6.54  	 0.1839188248617694 
6.55  	 0.1876573008834351 
6.56  	 0.1931793616889568 
6.57  	 0.2024711288701672 
6.58  	 0.2221718691786322 
6.59  	 0.2965251677460995 
6.600000000000001  	 0.1323296139139749 
6.61  	 0.102313045113407 
6.62  	 0.1327280181852676 
6.63  	 0.1449217152021115 
6.640000000000001  	 0.1516274421908322 
6.65  	 0.1559584650653791 
6.66  	 0.1590504319619669 
6.67  	 0.1614171447433411 
6.68  	 0.163325568529744 
6.69  	 0.1649287781642646 
6.7  	 0.1663214577281815 
6.71  	 0.1675659678789058 
6.72  	 0.1687057563129549 
6.73  	 0.1697727986624007 
6.74  	 0.1707920243435668 
6.75  	 0.1717841508940312 
6.76  	 0.1727676730666244 
6.77  	 0.1737604411327522 
6.78  	 0.1747811260741353 
6.79  	 0.1758508338102899 
6.8  	 0.1769951784275278 
6.81  	 0.1782472800237394 
6.82  	 0.1796525019154487 
6.83  	 0.1812765034295906 
6.84  	 0.1832199250117564 
6.850000000000001  	 0.1856473324140155 
6.86  	 0.1888499343744151 
6.87  	 0.1933994188866663 
6.88  	 0.2005970384485594 
6.890000000000001  	 0.2141905130700055 
6.9  	 0.2512466838473585 
6.91  	 0.8744606624734705 
6.92  	 0.07389575574234743 
6.93  	 0.1277291385295029 
6.94  	 0.144383037629441 
6.95  	 0.1526448882562864 
6.96  	 0.1576822211240434 
6.97  	 0.1611451615461092 
6.98  	 0.1637246831652097 
6.99  	 0.1657617200503048 
7  	 0.1674445140273884 
7.01  	 0.1688860932514893 
7.02  	 0.1701590511422481 
7.03  	 0.1713128111440952 
7.04  	 0.1723829194615001 
7.05  	 0.1733964145529433 
7.06  	 0.1743751568143561 
7.07  	 0.1753380707228857 
7.08  	 0.1763028276254854 
7.09  	 0.1772873039529148 
7.100000000000001  	 0.1783110776533673 
7.11  	 0.1793972380019133 
7.12  	 0.1805748869751106 
7.13  	 0.1818829586260132 
7.140000000000001  	 0.1833765228486943 
7.15  	 0.185137943937087 
7.16  	 0.1872981379937206 
7.17  	 0.1900807219755764 
7.18  	 0.1939043553346531 
7.19  	 0.1996582520031872 
7.2  	 0.2096274177466581 
7.21  	 0.2320136298521584 
7.22  	 0.3353358698290882 
7.23  	 0.01268937137552084 
7.24  	 0.1177991361825111 
7.25  	 0.1423404820626526 
7.26  	 0.1529002589197618 
7.27  	 0.1588940385479239 
7.28  	 0.1628356998720474 
7.29  	 0.1656825538218879 
7.3  	 0.167879264144494 
7.31  	 0.1696610961575694 
7.32  	 0.1711647891254271 
7.33  	 0.1724758508934573 
7.34  	 0.1736511354838084 
7.350000000000001  	 0.1747306112221632 
7.36  	 0.1757439658312891 
7.37  	 0.1767145804895439 
7.38  	 0.1776621093310621 
7.390000000000001  	 0.1786043223468712 
7.4  	 0.179558603109548 
7.41  	 0.1805433791559378 
7.42  	 0.1815797418295956 
7.43  	 0.1826935733771774 
7.44  	 0.1839186735243281 
7.45  	 0.1853017633219189 
7.46  	 0.1869110886606456 
7.47  	 0.1888522979643891 
7.48  	 0.1913001785144248 
7.49  	 0.1945686592162351 
7.5  	 0.1992867163946235 
7.51  	 0.2069304687180953 
7.52  	 0.2219821336083753 
7.53  	 0.2675505718760779 
7.54  	 2.0823525784741 
7.55  	 0.09732770895812173 
7.56  	 0.1380543831829647 
7.57  	 0.1522087406127592 
7.58  	 0.1595363636983129 
7.59  	 0.1641057389819236 
7.600000000000001  	 0.1672909267099965 
7.61  	 0.1696859313904593 
7.62  	 0.17159006649429 
7.63  	 0.1731711281650508 
7.640000000000001  	 0.174531072737106 
7.65  	 0.1757360406244464 
7.66  	 0.1768314745691278 
7.67  	 0.1778503554259858 
7.68  	 0.178818015061979 
7.69  	 0.1797551581073615 
7.7  	 0.1806799291150919 
7.71  	 0.1816094975935558 
7.72  	 0.1825614691812157 
7.73  	 0.1835553758824819 
7.74  	 0.1846145235292266 
7.75  	 0.1857685933013466 
7.76  	 0.1870576699052387 
7.77  	 0.1885389683170957 
7.78  	 0.1902988792858373 
7.79  	 0.1924762165355042 
7.8  	 0.1953112782387957 
7.81  	 0.1992620079012787 
7.82  	 0.2053262307580884 
7.83  	 0.2161759902691149 
7.84  	 0.2422220716575575 
7.850000000000001  	 0.4033241027531798 
7.86  	 0.04551788962216033 
7.87  	 0.1300025481311265 
7.88  	 0.1502554535474949 
7.890000000000001  	 0.1595161110760046 
7.9  	 0.16492594762051 
7.91  	 0.1685440921921576 
7.92  	 0.1711863154408312 
7.930000000000001  	 0.1732410385030366 
7.94  	 0.1749173577063709 
7.95  	 0.1763384060506935 
7.96  	 0.1775820097827877 
7.97  	 0.1787004046732526 
7.98  	 0.1797306452515714 
7.99  	 0.1807005144835729 
8  	 0.1816321213607027 
8.01  	 0.1825442691982447 
8.02  	 0.1834541799431371 
8.029999999999999  	 0.18437893099632 
8.040000000000001  	 0.1853368674309205 
8.050000000000001  	 0.1863492449124393 
8.06  	 0.187442433347422 
8.07  	 0.1886512071226944 
8.08  	 0.1900240765643424 
8.09  	 0.1916325600574088 
8.1  	 0.1935885063102316 
8.109999999999999  	 0.1960792269482192 
8.120000000000001  	 0.1994464567500431 
8.130000000000001  	 0.2043899424093573 
8.140000000000001  	 0.2126074419995785 
8.15  	 0.2295698534543179 
8.16  	 0.2881518997637329 
8.17  	 0.2309478168775493 
8.18  	 0.1145215713587299 
8.19  	 0.1464726322142034 
8.199999999999999  	 0.1586818056613157 
8.210000000000001  	 0.1652477108652914 
8.220000000000001  	 0.1694282521051189 
8.23  	 0.1723809279859333 
8.24  	 0.174621219877664 
8.25  	 0.1764141085335037 
8.26  	 0.1779103332580359 
8.27  	 0.179202551716754 
8.279999999999999  	 0.1803514671957428 
8.290000000000001  	 0.1813991684850471 
8.300000000000001  	 0.1823764836756024 
8.31  	 0.1833073269973181 
8.32  	 0.1842114632525659 
8.33  	 0.1851064307150634 
8.34  	 0.1860090491404338 
8.35  	 0.1869368001939993 
8.359999999999999  	 0.1879093272081094 
8.370000000000001  	 0.1889503392606662 
8.380000000000001  	 0.1900903405116335 
8.390000000000001  	 0.1913709136206971 
8.4  	 0.1928519562234619 
8.41  	 0.1946247921281658 
8.42  	 0.1968378178941231 
8.43  	 0.1997515444295947 
8.44  	 0.203871870424275 
8.449999999999999  	 0.210331892769038 
8.460000000000001  	 0.2223073378727093 
8.470000000000001  	 0.2534152672988074 
8.48  	 0.5692975881594114 
8.49  	 0.08010712672725419 
8.5  	 0.1397445791815135 
8.51  	 0.1567802750446474 
8.52  	 0.1649928070371378 
8.529999999999999  	 0.1699182199299622 
8.540000000000001  	 0.1732649009240122 
8.550000000000001  	 0.1757348094752305 
8.56  	 0.177670069616682 
8.57  	 0.1792579279500483 
8.58  	 0.1806100579496611 
8.59  	 0.1817977850728552 
8.6  	 0.1828694309595419 
8.609999999999999  	 0.1838595860405033 
8.620000000000001  	 0.1847944344761105 
8.630000000000001  	 0.1856950349727664 
8.640000000000001  	 0.1865795127359669 
8.65  	 0.1874646875702004 
8.66  	 0.1883674662350375 
8.67  	 0.1893062510858204 
8.68  	 0.1903026223055721 
8.69  	 0.1913836403752883 
8.700000000000001  	 0.1925853357594215 
8.710000000000001  	 0.1939584325459575 
8.720000000000001  	 0.1955784176802349 
8.73  	 0.1975645904848329 
8.74  	 0.2001192905503044 
8.75  	 0.2036178210085814 
8.76  	 0.2088467593210446 
8.77  	 0.2177850875406759 
8.779999999999999  	 0.2372541122043665 
8.790000000000001  	 0.3171286954988861 
8.800000000000001  	 0.0372447035433212 
8.81  	 0.127572249608472 
8.82  	 0.1533676372046056 
8.83  	 0.1640354813633062 
8.84  	 0.1699722865867586 
8.85  	 0.1738261320189449 
8.859999999999999  	 0.176582200636238 
8.870000000000001  	 0.1786915921719905 
8.880000000000001  	 0.1803906298847427 
8.890000000000001  	 0.1818156573277288 
8.9  	 0.1830514322923019 
8.91  	 0.1841540245891673 
8.92  	 0.1851626660193509 
8.93  	 0.18610636002568 
8.94  	 0.1870078341227533 
8.950000000000001  	 0.1878860873097101 
8.960000000000001  	 0.1887581934437503 
8.970000000000001  	 0.1896407493063227 
8.98  	 0.1905512382678321 
8.99  	 0.1915095538507822 
9  	 0.1925399786922032 
9.01  	 0.1936740696362772 
9.02  	 0.1949552449964401 
9.029999999999999  	 0.1964466243164201 
9.040000000000001  	 0.1982454034991381 
9.050000000000001  	 0.2005113685291282 
9.06  	 0.2035291776030803 
9.07  	 0.207862793654382 
9.08  	 0.2148135202406055 
9.09  	 0.228217862554337 
9.1  	 0.2665089554931889 
9.109999999999999  	 1.793866066361557 
9.120000000000001  	 0.1030348629886601 
9.130000000000001  	 0.1476061100149393 
9.140000000000001  	 0.162169373868799 
9.15  	 0.1695238819035973 
9.16  	 0.174042533951483 
9.17  	 0.177158885672767 
9.18  	 0.1794821843536932 
9.19  	 0.1813159802865138 
9.200000000000001  	 0.1828290596338711 
9.210000000000001  	 0.184123329808128 
9.220000000000001  	 0.1852645494746225 
9.23  	 0.1862976840054894 
9.24  	 0.1872552166685334 
9.25  	 0.1881619764515055 
9.26  	 0.1890381495856367 
9.27  	 0.1899013231002123 
9.279999999999999  	 0.1907680349702775 
9.290000000000001  	 0.1916551358690764 
9.300000000000001  	 0.1925812071994868 
9.31  	 0.1935682979663165 
9.32  	 0.1946443482197375 
9.33  	 0.1958469152138557 
9.34  	 0.1972293581528562 
9.35  	 0.1988718455870291 
9.359999999999999  	 0.2009024512829312 
9.370000000000001  	 0.2035412911659747 
9.380000000000001  	 0.2072038306416563 
9.390000000000001  	 0.2127828177914664 
9.4  	 0.2226154687614489 
9.41  	 0.2454030514953407 
9.42  	 0.3641750295465925 
9.43  	 0.03745537805033766 
9.44  	 0.1377290840725173 
9.450000000000001  	 0.1590418281488316 
9.460000000000001  	 0.1684673703599304 
9.470000000000001  	 0.1738777977299404 
9.48  	 0.1774538938546868 
9.49  	 0.1800418389151515 
9.5  	 0.1820392941703068 
9.51  	 0.1836583773012759 
9.52  	 0.1850231375360695 
9.529999999999999  	 0.1862115407326183 
9.540000000000001  	 0.1872756605885841 
9.550000000000001  	 0.188252266406385 
9.56  	 0.18916879791232 
9.57  	 0.1900469803220519 
9.58  	 0.1909051869981852 
9.59  	 0.1917601433481718 
9.6  	 0.1926283291568815 
9.609999999999999  	 0.1935273376734048 
9.620000000000001  	 0.1944774361948037 
9.630000000000001  	 0.1955036377945517 
9.640000000000001  	 0.1966387707457781 
9.65  	 0.1979284210128314 
9.66  	 0.1994394770104256 
9.67  	 0.2012759901101872 
9.68  	 0.2036110933398609 
9.69  	 0.2067580221107076 
9.700000000000001  	 0.211350716767306 
9.710000000000001  	 0.2188998953080636 
9.720000000000001  	 0.2341187562139998 
9.73  	 0.2830113603132474 
9.74  	 0.5148978375630584 
9.75  	 0.1193060875100776 
9.76  	 0.1540105646926602 
9.77  	 0.1666324737560562 
9.779999999999999  	 0.1732746058500505 
9.790000000000001  	 0.1774474871578892 
9.800000000000001  	 0.1803661057153182 
9.81  	 0.1825632363351839 
9.82  	 0.1843099104859158 
9.83  	 0.1857591347974847 
9.84  	 0.1870043953814639 
9.85  	 0.1881066267656195 
9.859999999999999  	 0.1891078817665657 
9.870000000000001  	 0.1900388205656706 
9.880000000000001  	 0.1909231113481653 
9.890000000000001  	 0.1917802105883781 
9.9  	 0.1926272807987091 
9.91  	 0.1934806777751144 
9.92  	 0.1943572936204458 
9.93  	 0.1952759959223311 
9.94  	 0.1962594340172352 
9.950000000000001  	 0.1973366057841656 
9.960000000000001  	 0.1985468590507212 
9.970000000000001  	 0.1999466117310605 
9.98  	 0.2016214534730678 
9.99  	 0.2037096507527822 
10  	 0.2064521469497009 
10.01  	 0.2103121983896417 
10.02  	 0.216312290135319 
10.03  	 0.2272490182799488 
10.04  	 0.2545055370884568 
10.05  	 0.4601249808339419 
10.06  	 0.07729003744531804 
10.07  	 0.1457893236742547 
10.08  	 0.1637350124964439 
10.09  	 0.1721432729977528 
10.1  	 0.1771076438364949 
10.11  	 0.1804447705312749 
10.12  	 0.1828872520256099 
10.13  	 0.1847878752070451 
10.14  	 0.1863380794027408 
10.15  	 0.1876512936998157 
10.16  	 0.1887995763624983 
10.17  	 0.1898315137598585 
10.18  	 0.1907817275318349 
10.19  	 0.1916763021183213 
10.2  	 0.1925361083068015 
10.21  	 0.1933790072247029 
10.22  	 0.1942214712029261 
10.23  	 0.1950799523856343 
10.24  	 0.1959722480748609 
10.25  	 0.1969191108239872 
10.26  	 0.197946430758257 
10.27  	 0.1990885189650577 
10.28  	 0.2003934601425133 
10.29  	 0.2019324739656067 
10.3  	 0.2038175103445513 
10.31  	 0.2062371961373693 
10.32  	 0.2095383884123992 
10.33  	 0.2144392056291124 
10.34  	 0.2227120512498382 
10.35  	 0.2402505254107 
10.36  	 0.3057289320557191 
10.37  	 0.09270273326012379 
10.38  	 0.1314020071516014 
10.39  	 0.159273678753962 
10.4  	 0.1703417405500849 
10.41  	 0.1763844956842111 
10.42  	 0.1802599154704458 
10.43  	 0.1830067783057433 
10.44  	 0.1850940458834957 
10.45  	 0.186765032428431 
10.46  	 0.1881591082170206 
10.47  	 0.1893624163978361 
10.48  	 0.1904316631172498 
10.49  	 0.1914063443447989 
10.5  	 0.1923155248488497 
10.51  	 0.1931818680784834 
10.52  	 0.1940242160561123 
10.53  	 0.1948593998145055 
10.54  	 0.1957036763429497 
10.55  	 0.1965740632635295 
10.56  	 0.1974898100608803 
10.57  	 0.1984742882316161 
10.58  	 0.1995577244035534 
10.59  	 0.2007815181076132 
10.6  	 0.2022055781908685 
10.61  	 0.203921692961318 
10.62  	 0.2060798604234744 
10.63  	 0.2089452785761391 
10.64  	 0.2130379208383359 
10.65  	 0.219539083327414 
10.66  	 0.2318399544758249 
10.67  	 0.2652710617532277 
10.68  	 0.7869412951297 
10.69  	 0.1021121602430311 
10.7  	 0.1522884272917636 
10.71  	 0.167638115122674 
10.72  	 0.1752011674313715 
10.73  	 0.1797829837005965 
10.74  	 0.1829121212735221 
10.75  	 0.1852272706269115 
10.76  	 0.18704313110568 
10.77  	 0.1885332916976355 
10.78  	 0.1898019104070992 
10.79  	 0.1909158514162415 
10.8  	 0.1919206240197886 
10.81  	 0.1928489558148226 
10.82  	 0.1937257439106848 
10.83  	 0.1945711242678214 
10.84  	 0.1954025384039445 
10.85  	 0.1962362849197345 
10.86  	 0.1970888647444281 
10.87  	 0.1979783626082406 
10.88  	 0.1989261187246689 
10.89  	 0.1999590398060785 
10.9  	 0.2011131275981506 
10.91  	 0.2024393010613368 
10.92  	 0.2040136979637351 
10.93  	 0.2059572880405412 
10.94  	 0.20847657501682 
10.95  	 0.2119578474575134 
10.96  	 0.2172205270384198 
10.97  	 0.2263659789982337 
10.98  	 0.2469069314748044 
10.99  	 0.3407531324623294 
11  	 0.01662647646738036 
11.01  	 0.1407017996211001 
11.02  	 0.1636349541044314 
11.03  	 0.1734379694900136 
11.04  	 0.1789701900405536 
11.05  	 0.1825868151286446 
11.06  	 0.1851827971056189 
11.07  	 0.1871732852268293 
11.08  	 0.1887777328550591 
11.09  	 0.1901236087164345 
11.1  	 0.1912905883251445 
11.11  	 0.19233163305499 
11.12  	 0.1932839704452231 
11.13  	 0.1941752543211779 
11.14  	 0.1950272700624156 
11.15  	 0.195858339458189 
11.16  	 0.1966850392134092 
11.17  	 0.1975235983589068 
11.18  	 0.1983912338797149 
11.19  	 0.1993076643684694 
11.2  	 0.200297098601473 
11.21  	 0.2013911589513758 
11.22  	 0.2026335596674747 
11.23  	 0.2040881485176294 
11.24  	 0.2058537416300328 
11.25  	 0.2080937593251416 
11.26  	 0.211101548307633 
11.27  	 0.2154643609498224 
11.28  	 0.2225586319676147 
11.29  	 0.2365544431899637 
11.3  	 0.278832700455092 
11.31  	 2.378506024626134 
11.32  	 0.1190641008644782 
11.33  	 0.1576003978802916 
11.34  	 0.1709035471355446 
11.35  	 0.177755076352313 
11.36  	 0.1820051584435981 
11.37  	 0.1849513134096729 
11.38  	 0.1871537616734639 
11.39  	 0.1888945646234115 
11.4  	 0.1903317581500504 
11.41  	 0.1915613306186977 
11.42  	 0.1926455354128585 
11.43  	 0.1936271398741538 
11.44  	 0.1945371844826242 
11.45  	 0.1953995160820196 
11.46  	 0.1962336338146428 
11.47  	 0.1970566363420301 
11.48  	 0.1978847156621828 
11.49  	 0.1987344881379599 
11.5  	 0.1996244013241933 
11.51  	 0.2005764791945156 
11.52  	 0.2016187805661867 
11.53  	 0.2027892060207587 
11.54  	 0.2041418544923189 
11.55  	 0.2057584032464412 
11.56  	 0.2077700630156531 
11.57  	 0.2104038907695872 
11.58  	 0.2140923717313417 
11.59  	 0.219777122781164 
11.6  	 0.2299764072741081 
11.61  	 0.2544758964329054 
11.62  	 0.4046220296909284 
11.63  	 0.06713306540958075 
11.64  	 0.1480380036888354 
11.65  	 0.1672784433598597 
11.66  	 0.1760359055849207 
11.67  	 0.1811284042661118 
11.68  	 0.1845175526037653 
11.69  	 0.1869796046644112 
11.7  	 0.1888839039165834 
11.71  	 0.1904291814288116 
11.72  	 0.1917324277567684 
11.73  	 0.1928675712254324 
11.74  	 0.1938842265618909 
11.75  	 0.1948175900591861 
11.76  	 0.1956940562071294 
11.77  	 0.1965346366363299 
11.78  	 0.1973572111126678 
11.79  	 0.198178167141289 
11.8  	 0.1990137672429715 
11.81  	 0.1998814940841337 
11.82  	 0.2008016166670831 
11.83  	 0.2017992922124852 
11.84  	 0.2029077052407622 
11.85  	 0.2041731542930655 
11.86  	 0.2056638975514968 
11.87  	 0.2074866751029808 
11.88  	 0.2098202095591429 
11.89  	 0.2129904693083313 
11.9  	 0.2176646193007632 
11.91  	 0.2254602189244873 
11.92  	 0.2415829591329895 
11.93  	 0.2972034553623339 
11.94  	 0.2054734448811329 
11.95  	 0.1313597855290956 
11.96  	 0.1619945040768874 
11.97  	 0.17365318871578 
11.98  	 0.1798986666799687 
11.99  	 0.1838582136336917 
12  	 0.186641811952748 
12.01  	 0.1887434927541778 
12.02  	 0.1904171132015242 
12.03  	 0.1918070475353321 
12.04  	 0.1930020264872369 
12.05  	 0.1940601764689716 
12.06  	 0.1950218007546213 
12.07  	 0.195916424150859 
12.08  	 0.1967669568818745 
12.09  	 0.1975923429535465 
12.1  	 0.1984094029735283 
12.11  	 0.1992342803457928 
12.12  	 0.2000837663670021 
12.13  	 0.2009767412620351 
12.14  	 0.2019360050479541 
12.15  	 0.2029909030296074 
12.16  	 0.2041814469846147 
12.17  	 0.2055652777344239 
12.18  	 0.2072302792061235 
12.19  	 0.2093192492496835 
12.2  	 0.2120828366562813 
12.21  	 0.2160076831361256 
12.22  	 0.2221833832269997 
12.23  	 0.2336619582219331 
12.24  	 0.2635134082918707 
12.25  	 0.5644676426259547 
12.26  	 0.09632020991210492 
12.27  	 0.1539452142415549 
12.28  	 0.170347008011282 
12.29  	 0.1782287822868169 
12.3  	 0.1829387799080128 
12.31  	 0.1861261419998095 
12.32  	 0.1884681964959607 
12.33  	 0.1902949746554044 
12.34  	 0.1917870734133017 
12.35  	 0.1930521892610887 
12.36  	 0.1941591050150905 
12.37  	 0.1951544215673739 
12.38  	 0.1960715021594168 
12.39  	 0.1969356086424873 
12.4  	 0.197767066350037 
12.41  	 0.1985833792156735 
12.42  	 0.1994008017321642 
12.43  	 0.2002356845063261 
12.44  	 0.2011058369614558 
12.45  	 0.2020321561588786 
12.46  	 0.2030408574850479 
12.47  	 0.2041668566200147 
12.48  	 0.2054593172796178 
12.49  	 0.2069914113700384 
12.5  	 0.2088787834114958 
12.51  	 0.2113175714065743 
12.52  	 0.2146715553933951 
12.53  	 0.2197030841708824 
12.54  	 0.2283298458430985 
12.55  	 0.2471596288896159 
12.56  	 0.3244545068481747 
12.57  	 0.01957580257038993 
12.58  	 0.1406662495749672 
12.59  	 0.1656692533297295 
12.6  	 0.1759846235917886 
12.61  	 0.1817084984076039 
12.62  	 0.1854113502949662 
12.63  	 0.1880492923792619 
12.64  	 0.1900600610359801 
12.65  	 0.1916729622826101 
12.66  	 0.1930202868139182 
12.67  	 0.1941842736391828 
12.68  	 0.1952193296395133 
12.69  	 0.1961635281760493 
12.7  	 0.1970450228637238 
12.71  	 0.197885883259738 
12.72  	 0.198704567664662 
12.73  	 0.1995176745602099 
12.74  	 0.2003413501242142 
12.75  	 0.2011926150945134 
12.76  	 0.2020908487201498 
12.77  	 0.203059717731991 
12.78  	 0.2041299898590171 
12.79  	 0.205344008415983 
12.8  	 0.2067633405135405 
12.81  	 0.2084828019834701 
12.82  	 0.210658277814037 
12.83  	 0.2135674925799471 
12.84  	 0.2177607022004234 
12.85  	 0.224507666446124 
12.86  	 0.2375522882890053 
12.87  	 0.2748871177466147 
12.88  	 1.774571430035862 
12.89  	 0.1153604003566405 
12.9  	 0.1587833913152727 
12.91  	 0.1729524082275427 
12.92  	 0.1800921615889459 
12.93  	 0.1844665178689222 
12.94  	 0.1874734447159793 
12.95  	 0.1897071045980458 
12.96  	 0.1914635471982993 
12.97  	 0.1929073964535412 
12.98  	 0.1941380531315225 
12.99  	 0.1952196643653573 
13  	 0.1961960998066066 
13.01  	 0.197099058064645 
13.02  	 0.1979527761634309 
13.03  	 0.198776967908338 
13.04  	 0.1995888186581262 
13.05  	 0.2004044995619159 
13.06  	 0.2012404991031539 
13.07  	 0.2021150111861038 
13.08  	 0.2030496368761336 
13.09  	 0.2040717602820205 
13.1  	 0.2052182029365553 
13.11  	 0.2065412907518256 
13.12  	 0.2081196534156431 
13.13  	 0.2100789243157938 
13.14  	 0.2126350550881911 
13.15  	 0.2161957155610504 
13.16  	 0.2216370881354804 
13.17  	 0.2312537807605044 
13.18  	 0.2535940092215565 
13.19  	 0.3704309462189256 
13.2  	 0.04998717975350307 
13.21  	 0.1479380733528907 
13.22  	 0.168773750413111 
13.23  	 0.1779760558401678 
13.24  	 0.1832468881912957 
13.25  	 0.1867212012454364 
13.26  	 0.1892276568512109 
13.27  	 0.1911557631452016 
13.28  	 0.1927133203973365 
13.29  	 0.1940218689403489 
13.3  	 0.1951578080565191 
13.31  	 0.1961721733252004 
13.32  	 0.1971010087065091 
13.33  	 0.1979712205395326 
13.34  	 0.1988041203011367 
13.35  	 0.1996177408779172 
13.36  	 0.2004285080597749 
13.37  	 0.2012526174808723 
13.38  	 0.2021073705838642 
13.39  	 0.2030127102402938 
13.4  	 0.2039932609001422 
13.41  	 0.2050813527187805 
13.42  	 0.2063218926329936 
13.43  	 0.2077807875286128 
13.44  	 0.2095605820956931 
13.45  	 0.2118319359887564 
13.46  	 0.214903679961271 
13.47  	 0.2194010269020492 
13.48  	 0.2268145625136117 
13.49  	 0.2417983562683206 
13.5  	 0.2900822828592833 
13.51  	 0.4827662146089196 
13.52  	 0.1287639721893638 
13.53  	 0.1628040712124284 
13.54  	 0.1751826255946948 
13.55  	 0.1816871571473308 
13.56  	 0.1857647379143697 
13.57  	 0.1886092038001036 
13.58  	 0.1907442640143605 
13.59  	 0.1924364113682983 
13.6  	 0.1938361222233984 
13.61  	 0.1950353538875614 
13.62  	 0.1960940557563997 
13.63  	 0.1970536098404338 
13.64  	 0.1979441956305231 
13.65  	 0.1987891187618213 
13.66  	 0.1996075467573004 
13.67  	 0.2004163970795745 
13.68  	 0.2012318025648398 
13.69  	 0.202070436187594 
13.7  	 0.2029509322648101 
13.71  	 0.2038956717871764 
13.72  	 0.2049333210526438 
13.73  	 0.2061027907900412 
13.74  	 0.2074598872196212 
13.75  	 0.2090892922909612 
13.76  	 0.2111278389925404 
13.77  	 0.2138140379638244 
13.78  	 0.2176066289087211 
13.79  	 0.2235186362258959 
13.8  	 0.2343230624428216 
13.81  	 0.2613265017858899 
13.82  	 0.4669668299031958 
13.83  	 0.08650258601200922 
13.84  	 0.1537631193972984 
13.85  	 0.1714216849132788 
13.86  	 0.1796902121189849 
13.87  	 0.1845643866307398 
13.88  	 0.187833877826054 
13.89  	 0.1902208834580311 
13.9  	 0.1920733301478048 
13.91  	 0.1935800783046012 
13.92  	 0.1948530569937901 
13.93  	 0.1959633877368519 
13.94  	 0.1969590365665143 
13.95  	 0.1978741923978553 
13.96  	 0.1987346224031596 
13.97  	 0.1995609524367138 
13.98  	 0.2003708434704765 
13.99  	 0.2011805933652711 
14  	 0.2020064907386522 
14.01  	 0.202866167170727 
14.02  	 0.2037801934616103 
14.03  	 0.2047742448526742 
14.04  	 0.2058823603639896 
14.05  	 0.2071522581544183 
14.06  	 0.2086546344535155 
14.07  	 0.2105006466987468 
14.08  	 0.2128776435606127 
14.09  	 0.2161302624726976 
14.1  	 0.2209723999749535 
14.11  	 0.2291674659762851 
14.12  	 0.2465879341850855 
14.13  	 0.3119368675422673 
14.14  	 0.07992326814991453 
14.15  	 0.138706284722532 
14.16  	 0.1661882813945822 
14.17  	 0.1771072859764839 
14.18  	 0.1830631193094562 
14.19  	 0.1868765442673215 
14.2  	 0.1895738674784759 
14.21  	 0.1916187079761029 
14.22  	 0.1932517110752383 
14.23  	 0.1946107633393232 
14.24  	 0.1957811143467023 
14.25  	 0.1968188966487514 
14.26  	 0.1977632175330121 
14.27  	 0.1986428650685727 
14.28  	 0.1994802959205754 
14.29  	 0.200294189414139 
14.3  	 0.2011012409969699 
14.31  	 0.2019175870342915 
14.32  	 0.2027601297218729 
14.33  	 0.2036479992157083 
14.34  	 0.2046044337896657 
14.35  	 0.2056595002215822 
14.36  	 0.206854393340888 
14.37  	 0.2082487440263389 
14.38  	 0.2099339419988984 
14.39  	 0.2120593825532563 
14.4  	 0.2148893022972223 
14.41  	 0.2189420621003899 
14.42  	 0.2253962076134043 
14.43  	 0.237639478118827 
14.44  	 0.2710319963716165 
14.45  	 0.8083366693255246 
14.46  	 0.1090391795502935 
14.47  	 0.1585240669425186 
14.48  	 0.1737008114454422 
14.49  	 0.1811774505981593 
14.5  	 0.1857018892710386 
14.51  	 0.1887867659083036 
14.52  	 0.1910646737546494 
14.53  	 0.1928474872215204 
14.54  	 0.1943073091420235 
14.55  	 0.195547440345776 
14.56  	 0.1966342143252971 
14.57  	 0.1976127922962475 
14.58  	 0.1985156618673885 
14.59  	 0.1993675468671563 
14.6  	 0.2001884522594431 
14.61  	 0.2009957155670836 
14.62  	 0.2018055481991594 
14.63  	 0.2026343733214196 
14.64  	 0.2035002013962048 
14.65  	 0.2044242964102375 
14.66  	 0.2054334810971125 
14.67  	 0.2065636584906957 
14.68  	 0.2078656249316178 
14.69  	 0.2094153591784046 
14.7  	 0.2113336194406906 
14.71  	 0.2138266309923002 
14.72  	 0.2172803612121746 
14.73  	 0.2225141503658098 
14.74  	 0.2316316002173282 
14.75  	 0.252170374319491 
14.76  	 0.3467274935188261 
14.77  	 0.02454452365302597 
14.78  	 0.1463685056627915 
14.79  	 0.1690694353764778 
14.8  	 0.1787817396856331 
14.81  	 0.1842598565639849 
14.82  	 0.1878368012333582 
14.83  	 0.1904001855078327 
14.84  	 0.1923620671152141 
14.85  	 0.1939403809528243 
14.86  	 0.1952617651486652 
14.87  	 0.196405402892697 
14.88  	 0.1974239447778178 
14.89  	 0.1983544117654801 
14.9  	 0.1992243141425636 
14.91  	 0.2000553334818012 
14.92  	 0.2008657135893881 
14.93  	 0.2016719703216079 
14.94  	 0.2024902833395304 
14.95  	 0.2033378279326742 
14.96  	 0.2042342860884473 
14.97  	 0.2052038334468843 
14.98  	 0.2062780621783645 
14.99  	 0.2075006605890862 
15  	 0.208935460249617 
15.01  	 0.2106812869776658 
15.02  	 0.2129016428686854 
15.03  	 0.2158901693117141 
15.04  	 0.2202351131597459 
15.05  	 0.2273166711122711 
15.06  	 0.2413239288691735 
15.07  	 0.283830704259795 
15.08  	 1.992606219358835 
15.09  	 0.124347420220142 
15.1  	 0.1624810833496455 
15.11  	 0.175679562172826 
15.12  	 0.1824782430806292 
15.13  	 0.1866924133813593 
15.14  	 0.1896100723114097 
15.15  	 0.1917878883699622 
15.16  	 0.1935063225069115 
15.17  	 0.1949225912777952 
15.18  	 0.1961322229709119 
15.19  	 0.197197193896856 
15.2  	 0.1981600951927034 
15.21  	 0.1990518503812895 
15.22  	 0.1998962260826096 
15.23  	 0.200712665154129 
15.24  	 0.2015182264121628 
15.25  	 0.2023290740575354 
15.26  	 0.2031618063391157 
15.27  	 0.2040348615917641 
15.28  	 0.2049702642736407 
15.29  	 0.2059960863776507 
15.3  	 0.207150261042341 
15.31  	 0.2084869531054778 
15.32  	 0.2100879688955446 
15.33  	 0.2120847792208528 
15.34  	 0.2147050021036399 
15.35  	 0.2183824710180531 
15.36  	 0.2240626182844905 
15.37  	 0.2342777515068456 
15.38  	 0.2588985981076583 
15.39  	 0.4117909699756069 
15.4  	 0.07266353137171015 
15.41  	 0.1524488304149629 
15.42  	 0.1715477850104699 
15.43  	 0.1802501695718677 
15.44  	 0.1853094621279111 
15.45  	 0.1886736374476806 
15.46  	 0.1911145810652958 
15.47  	 0.1929998684913656 
15.48  	 0.1945273977107876 
15.49  	 0.1958137223867253 
15.5  	 0.1969325230376776 
15.51  	 0.1979332654631087 
15.52  	 0.1988510527563172 
15.53  	 0.1997122197843755 
15.54  	 0.2005377401933139 
15.55  	 0.2013454708450667 
15.56  	 0.2021517879762937 
15.57  	 0.2029729530932039 
15.58  	 0.2038264584166693 
15.59  	 0.2047325952309727 
15.6  	 0.2057165605126065 
15.61  	 0.2068116050901875 
15.62  	 0.2080641375687689 
15.63  	 0.2095426037897572 
15.64  	 0.2113540800847358 
15.65  	 0.2136779366215211 
15.66  	 0.216841520597563 
15.67  	 0.2215153826775707 
15.68  	 0.229327398955662 
15.69  	 0.2455288101972348 
15.7  	 0.3017648082637702 
15.71  	 0.1897094888361757 
15.72  	 0.135427709642913 
15.73  	 0.1658172875265811 
15.74  	 0.1774117704677209 
15.75  	 0.1836251585519246 
15.76  	 0.1875625781872603 
15.77  	 0.1903281363511233 
15.78  	 0.1924137762684547 
15.79  	 0.1940724661262984 
15.8  	 0.1954481522211431 
15.81  	 0.1966293406250727 
15.82  	 0.1976740325471133 
15.83  	 0.1986224590691824 
15.84  	 0.1995041033770482 
15.85  	 0.2003418532509645 
15.86  	 0.2011546435914094 
15.87  	 0.2019592965051675 
15.88  	 0.2027719667944352 
15.89  	 0.20360946803125 
15.9  	 0.2044907164335156 
15.91  	 0.2054385671927804 
15.92  	 0.2064824497529996 
15.93  	 0.2076625066328856 
15.94  	 0.2090365890770521 
15.95  	 0.2106929370298466 
15.96  	 0.2127749922704247 
15.97  	 0.215534676815911 
15.98  	 0.2194614782062916 
15.99  	 0.225652595872339 
16  	 0.2371871475591959 
16.01  	 0.2673051373391863 
16.02  	 0.579439892348506 
16.03  	 0.1003853687755466 
16.04  	 0.157387173491992 
16.05  	 0.1736998907635503 
16.06  	 0.1815479813270547 
16.07  	 0.1862378076395655 
16.08  	 0.1894097051749363 
16.09  	 0.1917383124382435 
16.1  	 0.1935526429737512 
16.11  	 0.1950328515542562 
16.12  	 0.1962864240852994 
16.13  	 0.1973820373608909 
16.14  	 0.1983662381158614 
16.15  	 0.1992723635296864 
16.16  	 0.2001256662002267 
16.17  	 0.2009464736539127 
16.18  	 0.2017523012448925 
16.19  	 0.2025594238685305 
16.2  	 0.203384222874182 
16.21  	 0.2042445518873347 
16.22  	 0.2051613712141551 
16.23  	 0.2061609881032404 
16.24  	 0.2072784553716121 
16.25  	 0.2085631493003708 
16.26  	 0.210088587548682 
16.27  	 0.2119710126172482 
16.28  	 0.2144076822540781 
16.29  	 0.2177647088570857 
16.3  	 0.2228100877234613 
16.31  	 0.2314787208930979 
16.32  	 0.2504573957516034 
16.33  	 0.3290393577711992 
16.34  	 0.01302290261955688 
16.35  	 0.1438191716776023 
16.36  	 0.1686652524238896 
16.37  	 0.1789401124786778 
16.38  	 0.1846444486130238 
16.39  	 0.1883338275467483 
16.4  	 0.190960528632338 
16.41  	 0.1929610126147127 
16.42  	 0.1945640905088274 
16.43  	 0.1959018424220052 
16.44  	 0.1970564142046154 
16.45  	 0.1980821730493867 
16.46  	 0.1990171792931581 
16.47  	 0.1998895883453535 
16.48  	 0.2007214811762438 
16.49  	 0.2015313352192384 
16.5  	 0.2023357758548328 
16.51  	 0.2031509854763653 
16.52  	 0.2039940335132078 
16.53  	 0.204884365756173 
16.54  	 0.2058457422347696 
16.55  	 0.2069090657816633 
16.56  	 0.2081168830666145 
16.57  	 0.2095310818281418 
16.58  	 0.2112470129822034 
16.59  	 0.2134215207778443 
16.6  	 0.2163342183230052 
16.61  	 0.220539590068916 
16.62  	 0.2273188396365118 
16.63  	 0.2404582116561225 
16.64  	 0.2782507538402664 
16.65  	 2.035039387591325 
16.66  	 0.1184295178041016 
16.67  	 0.1614748139680052 
16.68  	 0.1755850265082354 
16.69  	 0.182703655357895 
16.7  	 0.1870657587480703 
16.71  	 0.1900632242800175 
16.72  	 0.1922884449533852 
16.73  	 0.194036856863416 
16.74  	 0.1954728508899872 
16.75  	 0.1966957382271053 
16.76  	 0.1977696361240903 
16.77  	 0.1987384113760987 
16.78  	 0.1996337733053701 
16.79  	 0.2004799777278893 
16.8  	 0.201296763507209 
16.81  	 0.2021013475098007 
16.82  	 0.2029099404513479 
16.83  	 0.2037390814971192 
16.84  	 0.2046070313463288 
16.85  	 0.2055354820147321 
16.86  	 0.2065519459556431 
16.87  	 0.2076934331082664 
16.88  	 0.2090125586814034 
16.89  	 0.2105884208124447 
16.9  	 0.212547462542189 
16.91  	 0.2151071565137154 
16.92  	 0.2186783674914308 
16.93  	 0.2241451463399075 
16.94  	 0.2338269445483196 
16.95  	 0.2563959704701367 
16.96  	 0.3759838649018915 
16.97  	 0.0539484959381353 
16.98  	 0.1503938650836102 
16.99  	 0.1711232176108824 
17  	 0.1802986556525503 
17.01  	 0.185557314384176 
17.02  	 0.1890234326601235 
17.03  	 0.1915229623589455 
17.04  	 0.1934445650098253 
17.05  	 0.1949957487244247 
17.06  	 0.196297953727281 
17.07  	 0.1974275527305563 
17.08  	 0.198435585063184 
17.09  	 0.1993581119936212 
17.1  	 0.2002220642606201 
17.11  	 0.2010487827873744 
17.12  	 0.201856335100648 
17.13  	 0.2026611883781909 
17.14  	 0.203479589253333 
17.15  	 0.2043289043249224 
17.16  	 0.2052291629045074 
17.17  	 0.206205108621709 
17.18  	 0.2072892427051704 
17.19  	 0.208526728679583 
17.2  	 0.209983878082215 
17.21  	 0.2117639132166173 
17.22  	 0.2140387167876642 
17.23  	 0.2171195547442724 
17.24  	 0.2216371941510531 
17.25  	 0.2290977405122862 
17.26  	 0.2442164497980094 
17.27  	 0.2932433304479104 
17.28  	 0.4417050980312438 
17.29  	 0.131118484109623 
17.3  	 0.1649123964756323 
17.31  	 0.177249628453433 
17.32  	 0.1837401897158004 
17.33  	 0.1878101602322929 
17.34  	 0.1906488406763602 
17.35  	 0.1927786561097255 
17.36  	 0.1944656871788297 
17.37  	 0.1958602775856458 
17.38  	 0.1970543519639168 
17.39  	 0.1981078653428601 
17.4  	 0.1990622208755524 
17.41  	 0.1999476261940559 
17.42  	 0.2007874193330325 
17.43  	 0.2016008043595693 
17.44  	 0.2024047408023715 
17.45  	 0.2032154116884518 
17.46  	 0.2040495523721898 
17.47  	 0.2049258779749266 
17.48  	 0.2058668785235367 
17.49  	 0.2069013736252124 
17.5  	 0.2080684990906201 
17.51  	 0.209424407793788 
17.52  	 0.2110543461830135 
17.53  	 0.2130961312942543 
17.54  	 0.21579014555184 
17.55  	 0.2195991336152489 
17.56  	 0.2255462733013477 
17.57  	 0.2364383007254873 
17.58  	 0.2637704398316622 
17.59  	 0.4767131415968008 
17.6  	 0.08923307444121793 
17.61  	 0.1556834299234507 
17.62  	 0.1732654163587964 
17.63  	 0.1815147713521604 
17.64  	 0.1863809183850717 
17.65  	 0.1896453094274923 
17.66  	 0.1920280428387727 
17.67  	 0.1938764096157008 
17.68  	 0.1953790699373444 
17.69  	 0.1966479000335311 
17.7  	 0.1977540223873374 
17.71  	 0.1987454244949798 
17.72  	 0.1996563250116424 
17.73  	 0.2005125249933006 
17.74  	 0.2013346876292665 
17.75  	 0.2021405157255312 
17.76  	 0.2029463557476448 
17.77  	 0.2037685552598147 
17.78  	 0.2046248205310728 
17.79  	 0.2055358211270575 
17.8  	 0.2065273684906663 
17.81  	 0.2076336976874248 
17.82  	 0.208902822357158 
17.83  	 0.2104059079849244 
17.84  	 0.2122549052797388 
17.85  	 0.2146386131843373 
17.86  	 0.2179046087601308 
17.87  	 0.2227736717516912 
17.88  	 0.2310292788007232 
17.89  	 0.2486297150548458 
17.9  	 0.3152103957189473 
17.91  	 0.07170038237839602 
17.92  	 0.1405318650661451 
17.93  	 0.1678426522617679 
17.94  	 0.1787304562498176 
17.95  	 0.1846762294152004 
17.96  	 0.1884846314550317 
17.97  	 0.1911783274299257 
17.98  	 0.1932198970440465 
17.99  	 0.1948496610239281 
18  	 0.1962054114990947 
18.01  	 0.1973723849400666 
18.02  	 0.1984067309873535 
18.03  	 0.1993475856294721 
18.04  	 0.2002237706607973 
18.05  	 0.2010577797593623 
18.06  	 0.2018683330546225 
18.07  	 0.2026721724384462 
18.08  	 0.2034854894233105 
18.09  	 0.2043252546823957 
18.1  	 0.2052106872202407 
18.11  	 0.2061651456157318 
18.12  	 0.2072188666333091 
18.13  	 0.2084132962515109 
18.14  	 0.209808455223915 
18.15  	 0.2114963745070038 
18.16  	 0.213627581615134 
18.17  	 0.2164685038193532 
18.18  	 0.2205423026269075 
18.19  	 0.2270401430950603 
18.2  	 0.2393943953413552 
18.21  	 0.2732531701650453 
18.22  	 0.8509910230360823 
18.23  	 0.1110378607649009 
18.24  	 0.1600307074069833 
18.25  	 0.1751488828795296 
18.26  	 0.1826105861723658 
18.27  	 0.1871291922657268 
18.28  	 0.1902106813302918 
18.29  	 0.1924858796002216 
18.3  	 0.1942661184724249 
18.31  	 0.195723331431611 
18.32  	 0.1969607783440708 
18.33  	 0.1980447989225712 
18.34  	 0.1990205786270141 
18.35  	 0.1999206366586397 
18.36  	 0.2007697323131176 
18.37  	 0.2015879095448752 
18.38  	 0.2023925496808649 
18.39  	 0.2031999152692061 
18.4  	 0.204026491854398 
18.41  	 0.20489036942742 
18.42  	 0.2058129178261749 
18.43  	 0.2068211067700754 
18.44  	 0.2079510524746624 
18.45  	 0.209253875385184 
18.46  	 0.2108060742835891 
18.47  	 0.2127292976517581 
18.48  	 0.2152314249731525 
18.49  	 0.2187018507027642 
18.5  	 0.2239681964752462 
18.51  	 0.2331594541434913 
18.52  	 0.2539330459220036 
18.53  	 0.3507150350096657 
18.54  	 0.02835911579736496 
18.55  	 0.1477949716461066 
18.56  	 0.1703698554631871 
18.57  	 0.1800568825965985 
18.58  	 0.1855269534534104 
18.59  	 0.1891002066848967 
18.6  	 0.191661154091975 
18.61  	 0.1936209322012366 
18.62  	 0.1951971788701549 
18.63  	 0.1965164427911407 
18.64  	 0.1976578932994928 
18.65  	 0.1986741961863964 
18.66  	 0.1996023993726564 
18.67  	 0.200470045615287 
18.68  	 0.2012988528040033 
18.69  	 0.2021071054394761 
18.7  	 0.2029113663618858 
18.71  	 0.2037278717162712 
18.72  	 0.2045738676907097 
18.73  	 0.2054691291512587 
18.74  	 0.2064379586314398 
18.75  	 0.2075121291949432 
18.76  	 0.2087355989283364 
18.77  	 0.2101726226257344 
18.78  	 0.2119227308965011 
18.79  	 0.2141506896094666 
18.8  	 0.2171526349826828 
18.81  	 0.22152243525489 
18.82  	 0.228655696921456 
18.83  	 0.2428001425922097 
18.84  	 0.2859820561209356 
18.85  	 1.59610909260368 
18.86  	 0.1258588712723906 
18.87  	 0.1636668354696469 
18.88  	 0.1768180723089182 
18.89  	 0.1836040933630203 
18.9  	 0.187813481224326 
18.91  	 0.1907286147269741 
18.92  	 0.1929045833588807 
18.93  	 0.1946213379435582 
18.94  	 0.1960359257370148 
18.95  	 0.1972438277921752 
18.96  	 0.1983070202529058 
18.97  	 0.1992681132996653 
18.98  	 0.2001580581123617 
18.99  	 0.20100065393011 
19  	 0.201815380663467 
19.01  	 0.2026193398010138 
19.02  	 0.2034287463476007 
19.03  	 0.2042602615079945 
19.04  	 0.2051324049319199 
19.05  	 0.2060673105231884 
19.06  	 0.2070932038181626 
19.07  	 0.208248242916876 
19.08  	 0.2095869383816 
19.09  	 0.2111916580929293 
19.1  	 0.2131948484765447 
19.11  	 0.2158259743705478 
19.12  	 0.2195227916835567 
19.13  	 0.2252405562857556 
19.14  	 0.2355434820138319 
19.15  	 0.2604713805383269 
19.16  	 0.4181893060560263 
19.17  	 0.07497860583702357 
19.18  	 0.153570330151601 
19.19  	 0.1725719096540594 
19.2  	 0.1812525789069595 
19.21  	 0.1863047735497822 
19.22  	 0.1896658491985636 
19.23  	 0.1921049468049403 
19.24  	 0.193988777058166 
19.25  	 0.1955149400768714 
19.26  	 0.1967998893414226 
19.27  	 0.1979172809687216 
19.28  	 0.1989165874673382 
19.29  	 0.1998329324218996 
19.3  	 0.2006926783339268 
19.31  	 0.2015168315995035 
19.32  	 0.2023232872181972 
19.33  	 0.2031284667202611 
19.34  	 0.2039486872503636 
19.35  	 0.204801512055577 
19.36  	 0.2057073267519894 
19.37  	 0.2066914587299793 
19.38  	 0.2077873467917972 
19.39  	 0.2090416830261108 
19.4  	 0.2105233634334271 
19.41  	 0.2123402246507395 
19.42  	 0.2146730239962814 
19.43  	 0.2178519092852964 
19.44  	 0.2225539408131863 
19.45  	 0.2304257015235592 
19.46  	 0.2467958783544329 
19.47  	 0.3040597027367454 
19.48  	 0.1746346168002622 
19.49  	 0.1365938940410289 
19.5  	 0.1667533547952667 
19.51  	 0.1783080756569607 
19.52  	 0.1845100105389832 
19.53  	 0.1884430578974698 
19.54  	 0.1912064495681806 
19.55  	 0.1932906674870546 
19.56  	 0.1949481762527928 
19.57  	 0.1963227397637322 
19.58  	 0.1975028027980495 
19.59  	 0.1985463548840452 
19.6  	 0.1994936373104178 
19.61  	 0.2003741542454199 
19.62  	 0.2012108210541554 
19.63  	 0.2020226059001348 
19.64  	 0.202826370755445 
19.65  	 0.2036383192686108 
19.66  	 0.2044753268595594 
19.67  	 0.2053563909787901 
19.68  	 0.2063044776637387 
19.69  	 0.2073491737614214 
19.7  	 0.208530855107148 
19.71  	 0.2099077358965537 
19.72  	 0.2115686537067168 
19.73  	 0.2136581056530109 
19.74  	 0.2164300528591953 
19.75  	 0.2203784341264913 
19.76  	 0.2266120480410669 
19.77  	 0.2382502184138176 
19.78  	 0.2687777155049374 
19.79  	 0.5970258456619092 
19.8  	 0.1019695353751991 
19.81  	 0.1582736305371325 
19.82  	 0.1745081387504125 
19.83  	 0.1823367737570354 
19.84  	 0.1870198859345572 
19.85  	 0.190188863156598 
19.86  	 0.1925158586325694 
19.87  	 0.1943290513965384 
19.88  	 0.1958082870211794 
19.89  	 0.19706093488042 
19.9  	 0.1981556332704306 
19.91  	 0.1991389246477636 
19.92  	 0.2000441583226514 
19.93  	 0.2008966081682905 
19.94  	 0.2017166295924995 
19.95  	 0.2025217723465281 
19.96  	 0.2033283537800105 
19.97  	 0.2041528088439779 
19.98  	 0.2050130610035255 
19.99  	 0.205930164818757 
20  	 0.2069305596093495 
20.01  	 0.2080494909111574 
20.02  	 0.2093366292395055 
20.03  	 0.2108659657431376 
20.04  	 0.2127545550435837 
20.05  	 0.2152011648161219 
20.06  	 0.2185750315967114 
20.07  	 0.2236516639667822 
20.08  	 0.2323887162345966 
20.09  	 0.2515767539715329 
20.1  	 0.3318652722072972 
20.11  	 0.008119475716817919 
20.12  	 0.144731495071697 
20.13  	 0.1694065703935874 
20.14  	 0.1796469057503565 
20.15  	 0.185340445953048 
20.16  	 0.1890255320343834 
20.17  	 0.1916501449254988 
20.18  	 0.1936493709702328 
20.19  	 0.1952515158607747 
20.2  	 0.1965884609119033 
20.21  	 0.1977422747666835 
20.22  	 0.1987673001224262 
20.23  	 0.1997015976594717 
20.24  	 0.2005733362247274 
20.25  	 0.2014046185584841 
20.26  	 0.2022139508279065 
20.27  	 0.2030179947317391 
20.28  	 0.2038329787680868 
20.29  	 0.20467603223097 
20.3  	 0.2055666810375707 
20.31  	 0.206528796220821 
20.32  	 0.2075934403310005 
20.33  	 0.2088033997830744 
20.34  	 0.2102209401867603 
20.35  	 0.2119420438726234 
20.36  	 0.2141246898075402 
20.37  	 0.217050732678359 
20.38  	 0.2212796979743053 
20.39  	 0.2281065091510636 
20.4  	 0.2413685712899758 
20.41  	 0.2797270922044202 
20.42  	 2.485861855131793 
20.43  	 0.1195844443887366 
20.44  	 0.1621789922996444 
20.45  	 0.1762244697335511 
20.46  	 0.1833252037105332 
20.47  	 0.1876807080496208 
20.48  	 0.1906752230094515 
20.49  	 0.1928988666205252 
20.5  	 0.1946462632131414 
20.51  	 0.1960814821004427 
20.52  	 0.1973037015366239 
20.53  	 0.1983769861436902 
20.54  	 0.1993451873192755 
20.55  	 0.2002400179399685 
20.56  	 0.2010857484598464 
20.57  	 0.2019021404267228 
20.58  	 0.2027064409839503 
20.59  	 0.2035149000207475 
20.6  	 0.2043441077446989 
20.61  	 0.2052123928757719 
20.62  	 0.2061415408263007 
20.63  	 0.2071591968073478 
20.64  	 0.2083025670241838 
20.65  	 0.2096245702732092 
20.66  	 0.2112048002011171 
20.67  	 0.2131705638190251 
20.68  	 0.2157409728864531 
20.69  	 0.2193303741576214 
20.7  	 0.2248315075367734 
20.71  	 0.2345917034452036 
20.72  	 0.2574253735086209 
20.73  	 0.3802995106430266 
20.74  	 0.05645904262026757 
20.75  	 0.1511151485783704 
20.76  	 0.1717123331856069 
20.77  	 0.1808571532030911 
20.78  	 0.1861054190115274 
20.79  	 0.1895671770519969 
20.8  	 0.1920645555020569 
20.81  	 0.1939849172824484 
20.82  	 0.1955352642160582 
20.83  	 0.1968368231128598 
20.84  	 0.1979658748643258 
20.85  	 0.1989734222894255 
20.86  	 0.1998955175847674 
20.87  	 0.2007590975968661 
20.88  	 0.2015855192626523 
20.89  	 0.2023928742584319 
20.9  	 0.2031976623854607 
20.91  	 0.2040161734059185 
20.92  	 0.2048658314739455 
20.93  	 0.2057667444902958 
20.94  	 0.2067437666930827 
20.95  	 0.2078295606623899 
20.96  	 0.209069535329993 
20.97  	 0.2105303943961826 
20.98  	 0.2123160257175821 
20.99  	 0.2145995305327425 
21  	 0.2176946394526806 
21.01  	 0.222237842298897 
21.02  	 0.2297515752829903 
21.03  	 0.2450171952007837 
21.04  	 0.2948694276371034 
21.05  	 0.4009727361152277 
21.06  	 0.1319929025291142 
21.07  	 0.1654745477313937 
21.08  	 0.1777569750962195 
21.09  	 0.1842308392141276 
21.1  	 0.1882942248716334 
21.11  	 0.1911298365956827 
21.12  	 0.1932580094119098 
21.13  	 0.194944036069009 
21.14  	 0.1963379298059711 
21.15  	 0.1975314685803256 
21.16  	 0.1985845424336474 
21.17  	 0.1995385291295827 
21.18  	 0.2004236319843534 
21.19  	 0.2012631974639705 
21.2  	 0.2020764473662787 
21.21  	 0.20288036748656 
21.22  	 0.2036911767504592 
21.23  	 0.2045256589120801 
21.24  	 0.2054025951282466 
21.25  	 0.2063445677183484 
21.26  	 0.2073805294190159 
21.27  	 0.208549815522022 
21.28  	 0.209908891673999 
21.29  	 0.2115435224424338 
21.3  	 0.2135924440080757 
21.31  	 0.2162978202638554 
21.32  	 0.220126287985955 
21.33  	 0.2261111318949594 
21.34  	 0.2370936493344125 
21.35  	 0.2647698784838076 
21.36  	 0.4861638512047897 
21.37  	 0.0907931227361785 
21.38  	 0.1562587022318364 
21.39  	 0.1737353738475088 
21.4  	 0.1819572056454682 
21.41  	 0.1868132689719315 
21.42  	 0.1900731903576499 
21.43  	 0.1924536524728935 
21.44  	 0.1943007212738593 
21.45  	 0.1958025543239182 
21.46  	 0.1970708038240633 
21.47  	 0.1981764885858713 
21.48  	 0.1991675494049956 
21.49  	 0.2000781876493727 
21.5  	 0.2009342039461564 
21.51  	 0.2017562722661235 
21.52  	 0.2025621153213173 
21.53  	 0.2033681087163935 
21.54  	 0.2041906402814391 
21.55  	 0.2050474715681872 
21.56  	 0.2059593491722957 
21.57  	 0.2069521946936664 
21.58  	 0.2080604061470307 
21.59  	 0.2093322483757749 
21.6  	 0.2108392940565723 
21.61  	 0.2126941962401725 
21.62  	 0.2150870651210924 
21.63  	 0.2183681969789095 
21.64  	 0.2232649045334167 
21.65  	 0.2315802915114435 
21.66  	 0.2493597839778819 
21.67  	 0.3172424612092896 
21.68  	 0.06396316158134252 
21.69  	 0.141210647799129 
21.7  	 0.1682937191765609 
21.71  	 0.1791343517139725 
21.72  	 0.1850644438348505 
21.73  	 0.1888662641058747 
21.74  	 0.1915567550799745 
21.75  	 0.1935965768715573 
21.76  	 0.1952252905913851 
21.77  	 0.1965803541448145 
21.78  	 0.1977468473352673 
21.79  	 0.1987808449870893 
21.8  	 0.1997214494059266 
21.81  	 0.2005974713510886 
21.82  	 0.2014314075169716 
21.83  	 0.2022419913623656 
21.84  	 0.2030459874238632 
21.85  	 0.2038596201123146 
21.86  	 0.2046999060533358 
21.87  	 0.2055861284458959 
21.88  	 0.2065417371831919 
21.89  	 0.2075971026941597 
21.9  	 0.2087938739812579 
21.91  	 0.2101923945698927 
21.92  	 0.2118852383452689 
21.93  	 0.2140239134744659 
21.94  	 0.2168767910154615 
21.95  	 0.2209714073140486 
21.96  	 0.2275107840113738 
21.97  	 0.2399707884003706 
21.98  	 0.2742943981425748 
21.99  	 0.901809507306941 
22  	 0.1121114358073183 
22.01  	 0.1604931527516783 
22.02  	 0.1755253999652096 
22.03  	 0.182962158232556 
22.04  	 0.1874709773142835 
22.05  	 0.1905479009425687 
22.06  	 0.1928206995947002 
22.07  	 0.1945995541003987 
22.08  	 0.196055904691848 
22.09  	 0.1972927812289656 
22.1  	 0.1983764111359211 
22.11  	 0.1993519251803045 
22.12  	 0.2002518185670901 
22.13  	 0.2011008446773293 
22.14  	 0.2019190537639858 
22.15  	 0.2027238433636706 
22.16  	 0.2035315020902626 
22.17  	 0.2043585532124418 
22.18  	 0.205223139999969 
22.19  	 0.2061467080159014 
22.2  	 0.2071563369811725 
22.21  	 0.2082883081034512 
22.22  	 0.2095939996697062 
22.23  	 0.2111503345537858 
22.24  	 0.2130797050684667 
22.25  	 0.2155914079455578 
22.26  	 0.2190778547484376 
22.27  	 0.2243741836693069 
22.28  	 0.2336332665608121 
22.29  	 0.2546303021026102 
22.3  	 0.3537296064315165 
22.31  	 0.03160140998478818 
22.32  	 0.1483315075294327 
22.33  	 0.1707337569270137 
22.34  	 0.1803796914018114 
22.35  	 0.1858350085919054 
22.36  	 0.1894017152965584 
22.37  	 0.1919593403750119 
22.38  	 0.1939172611317184 
22.39  	 0.1954923890038607 
22.4  	 0.1968109399687875 
22.41  	 0.1979519205926689 
22.42  	 0.198967914714176 
22.43  	 0.199895930136194 
22.44  	 0.2007634931650984 
22.45  	 0.2015923202279783 
22.46  	 0.2024007054449386 
22.47  	 0.2032052312078667 
22.48  	 0.204022163983547 
22.49  	 0.2048687938283195 
22.5  	 0.2057649583068499 
22.51  	 0.2067350506709333 
22.52  	 0.2078109786956886 
22.53  	 0.2090369078691836 
22.54  	 0.2104774273729315 
22.55  	 0.2122326391636537 
22.56  	 0.2144683604764222 
22.57  	 0.217482860797663 
22.58  	 0.2218749625164779 
22.59  	 0.2290543288296479 
22.6  	 0.2433244292084606 
22.61  	 0.287167019930509 
22.62  	 1.303396756958443 
22.63  	 0.1266439847833119 
22.64  	 0.1640413748025491 
22.65  	 0.1771211966857501 
22.66  	 0.1838845021675163 
22.67  	 0.1880844230978047 
22.68  	 0.1909949350225988 
22.69  	 0.1931683934861378 
22.7  	 0.1948836744354203 
22.71  	 0.1962973465518193 
22.72  	 0.1975046593199155 
22.73  	 0.1985674711350413 
22.74  	 0.1995283316958895 
22.75  	 0.2004181630272186 
22.76  	 0.2012607540824799 
22.77  	 0.2020755874129497 
22.78  	 0.2028797776534273 
22.79  	 0.2036895633099737 
22.8  	 0.2045216412060618 
22.81  	 0.2053945826761344 
22.82  	 0.2063305964811264 
22.83  	 0.207358018548245 
22.84  	 0.2085151748192962 
22.85  	 0.2098568417438147 
22.86  	 0.2114658310408714 
22.87  	 0.2134753810704478 
22.88  	 0.2161164976944942 
22.89  	 0.2198303086908176 
22.9  	 0.2255808003541167 
22.91  	 0.2359616627304642 
22.92  	 0.2611767728911508 
22.93  	 0.4239773826443324 
22.94  	 0.07678431393135714 
22.95  	 0.1540005006990436 
22.96  	 0.1728672116809426 
22.97  	 0.1815117685237172 
22.98  	 0.1865500917357631 
22.99  	 0.1899047046457143 
23  	 0.192340398625917 
23.01  	 0.1942222767334747 
23.02  	 0.1957472499698975 
23.03  	 0.197031445267779 
23.04  	 0.1981483534241202 
23.05  	 0.1991473603849995 
23.06  	 0.2000635449698443 
23.07  	 0.200923249100185 
23.08  	 0.2017474741808163 
23.09  	 0.2025541218476089 
23.1  	 0.2033596306709776 
23.11  	 0.2041803460348898 
23.12  	 0.2050338734266821 
23.13  	 0.2059406601356199 
23.14  	 0.206926124230312 
23.15  	 0.2080238410379334 
23.16  	 0.2092807156582832 
23.17  	 0.2107659923862655 
23.18  	 0.2125881125235004 
23.19  	 0.2149289675537484 
23.2  	 0.2181210631734892 
23.21  	 0.2228471190930383 
23.22  	 0.2307705866650545 
23.23  	 0.2472931273518586 
23.24  	 0.3055629960107226 
23.25  	 0.159974873550559 
23.26  	 0.1371913201164613 
23.27  	 0.1670589522070438 
23.28  	 0.1785534552412774 
23.29  	 0.1847346511888643 
23.3  	 0.1886585860502072 
23.31  	 0.1914173483207038 
23.32  	 0.1934989752883165 
23.33  	 0.1951549326871015 
23.34  	 0.1965285248361217 
23.35  	 0.1977079671799964 
23.36  	 0.1987511288456577 
23.37  	 0.1996981868608452 
23.38  	 0.2005786125288831 
23.39  	 0.201415307626366 
23.4  	 0.2022272401122791 
23.41  	 0.2030312826864355 
23.42  	 0.2038436604753542 
23.43  	 0.2046812829021893 
23.44  	 0.2055631979978684 
23.45  	 0.2065124463428953 
23.46  	 0.20755872628485 
23.47  	 0.2087425854335411 
23.48  	 0.2101225137920699 
23.49  	 0.2117878162432837 
23.5  	 0.2138838384315825 
23.51  	 0.2166662289100099 
23.52  	 0.2206327260267902 
23.53  	 0.2269023771877156 
23.54  	 0.2386314888650089 
23.55  	 0.2695419394405603 
23.56  	 0.615573207272705 
23.57  	 0.1031307075759112 
23.58  	 0.1586226765858814 
23.59  	 0.1747492985748619 
23.6  	 0.1825459914023752 
23.61  	 0.1872160863230808 
23.62  	 0.1903787348020374 
23.63  	 0.1927022866522953 
23.64  	 0.1945134560876859 
23.65  	 0.195991439689665 
23.66  	 0.1972432902005817 
23.67  	 0.1983374810493514 
23.68  	 0.1993204657244341 
23.69  	 0.2002255457236151 
23.7  	 0.2010779713887632 
23.71  	 0.2018980904994741 
23.72  	 0.2027034571614738 
23.73  	 0.2035104038337754 
23.74  	 0.2043353921394619 
23.75  	 0.2051963866561416 
23.76  	 0.2061145031355374 
23.77  	 0.2071162722085436 
23.78  	 0.208237078704655 
23.79  	 0.2095268133137643 
23.8  	 0.2110598322720037 
23.81  	 0.2129538343210157 
23.82  	 0.2154088192204674 
23.83  	 0.2187966503150185 
23.84  	 0.223899363811935 
23.85  	 0.2326951300314603 
23.86  	 0.2520724046969167 
23.87  	 0.3340525256561052 
23.88  	 0.003430856525546325 
23.89  	 0.1451990350489594 
23.9  	 0.1696577955333112 
23.91  	 0.1798467676147745 
23.92  	 0.1855213481899852 
23.93  	 0.1891977087168226 
23.94  	 0.1918177318294471 
23.95  	 0.1938143195126643 
23.96  	 0.1954148536709605 
23.97  	 0.1967507781779256 
23.98  	 0.197903937619351 
23.99  	 0.1989285539857478 
24  	 0.1998626216483244 
24.01  	 0.2007342741574954 
24.02  	 0.201565598326248 
24.03  	 0.202375098023882 
24.04  	 0.2031794438727565 
24.05  	 0.2039948843603012 
24.06  	 0.2048385816733717 
24.07  	 0.2057301117348575 
24.08  	 0.2066934204336087 
24.09  	 0.2077596837758962 
24.1  	 0.2089718651852505 
24.11  	 0.2103925182777811 
24.12  	 0.2121181207037617 
24.13  	 0.2143075669824897 
24.14  	 0.2172445737201133 
24.15  	 0.2214929861660985 
24.16  	 0.2283598986646306 
24.17  	 0.2417299698843258 
24.18  	 0.2806231130103524 
24.19  	 3.253543016249216 
24.2  	 0.1203971984871923 
24.21  	 0.162465247289992 
24.22  	 0.1764227742442453 
24.23  	 0.1834951153280371 
24.24  	 0.1878384322265042 
24.25  	 0.1908267969021091 
24.26  	 0.1930469968668626 
24.27  	 0.1947923252739425 
24.28  	 0.1962262440606187 
24.29  	 0.1974476275559699 
24.3  	 0.1985203783669603 
24.31  	 0.1994882583464622 
24.32  	 0.2003829308756515 
24.33  	 0.2012286409545475 
24.34  	 0.2020451406627994 
24.35  	 0.2028496798598789 
24.36  	 0.2036585221633559 
24.37  	 0.2044882833920209 
24.38  	 0.20535733276419 
24.39  	 0.2062875169858199 
24.4  	 0.2073065739640385 
24.41  	 0.2084518530665634 
24.42  	 0.2097765022541175 
24.43  	 0.2113605004931058 
24.44  	 0.2133318457645828 
24.45  	 0.2159109982899836 
24.46  	 0.2195152558131247 
24.47  	 0.2250449647545796 
24.48  	 0.2348727745074243 
24.49  	 0.2579481927746243 
24.5  	 0.3841541254676394 
24.51  	 0.05876283837812538 
24.52  	 0.1514888802128742 
24.53  	 0.1719204601479642 
24.54  	 0.1810210608426817 
24.55  	 0.1862519821125594 
24.56  	 0.1897054264236717 
24.57  	 0.1921982964953712 
24.58  	 0.1941160047401001 
24.59  	 0.1956647021337913 
24.6  	 0.196965202202205 
24.61  	 0.1980935693479409 
24.62  	 0.1991006872495792 
24.63  	 0.2000225411745338 
24.64  	 0.2008860313241584 
24.65  	 0.201712497205318 
24.66  	 0.2025200267715863 
24.67  	 0.2033251275055934 
24.68  	 0.2041441081758443 
24.69  	 0.2049944252160104 
24.7  	 0.205896236502008 
24.71  	 0.206874472111941 
24.72  	 0.2079619109754359 
24.73  	 0.2092041457497117 
24.74  	 0.2106681829893448 
24.75  	 0.2124584392554477 
24.76  	 0.2147490108839384 
24.77  	 0.2178556993328696 
24.78  	 0.2224199515200206 
24.79  	 0.2299788354797772 
24.8  	 0.2453753226502454 
24.81  	 0.2960198426215161 
24.82  	 0.3637778835661423 
24.83  	 0.1325939784491795 
24.84  	 0.1657116375382147 
24.85  	 0.1779212554453932 
24.86  	 0.184369783714747 
24.87  	 0.1884217850887648 
24.88  	 0.1912514606042983 
24.89  	 0.1933762250815734 
24.9  	 0.1950601642105095 
24.91  	 0.1964527257786836 
24.92  	 0.1976453984341807 
24.93  	 0.1986979148779554 
24.94  	 0.1996515642095253 
24.95  	 0.2005364996882692 
24.96  	 0.201376041271223 
24.97  	 0.2021894001371267 
24.98  	 0.2029935637304001 
24.99  	 0.2038047638276018 
25  	 0.2046398092143963 
25.01  	 0.2055175214402536 
25.02  	 0.2064605448227536 
25.03  	 0.2074979269856475 
25.04  	 0.208669151469991 
25.05  	 0.2100309241489409 
25.06  	 0.2116694191259672 
25.07  	 0.2137241191329884 
25.08  	 0.2164386751742064 
25.09  	 0.2202830678239364 
25.1  	 0.2262995407307872 
25.11  	 0.2373611341315513 
25.12  	 0.2653566960131003 
25.13  	 0.4956463533524302 
25.14  	 0.09216918533549713 
25.15  	 0.1565625637788232 
25.16  	 0.1739091757043725 
25.17  	 0.1820926463450238 
25.18  	 0.1869328369583521 
25.19  	 0.1901848718432613 
25.2  	 0.1925609411456764 
25.21  	 0.1944053699009009 
25.22  	 0.1959055346582414 
25.23  	 0.1971726995408702 
25.24  	 0.1982776760587492 
25.25  	 0.199268288863599 
25.26  	 0.2001786729117539 
25.27  	 0.2010345917252845 
25.28  	 0.2018567010465196 
25.29  	 0.2026627190179275 
25.3  	 0.2034690281837881 
25.31  	 0.2042920348636476 
25.32  	 0.2051495327521382 
25.33  	 0.2060623189333531 
25.34  	 0.2070563925297029 
25.35  	 0.2081662718097322 
25.36  	 0.2094404137035646 
25.37  	 0.2109507115996913 
25.38  	 0.2128103868755206 
25.39  	 0.2152106392403694 
25.4  	 0.218504086790665 
25.41  	 0.2234237852452503 
25.42  	 0.2317906579432095 
25.43  	 0.2497323230822754 
25.44  	 0.3188898030614091 
25.45  	 0.05645600552021569 
25.46  	 0.1416725988343956 
25.47  	 0.1684919438385048 
25.48  	 0.1792715312670287 
25.49  	 0.18517894354096 
25.5  	 0.1889701517023357 
25.51  	 0.1916549466384636 
25.52  	 0.1936914247149671 
25.53  	 0.1953180544208927 
25.54  	 0.1966717694922599 
25.55  	 0.1978373761976987 
25.56  	 0.1988707980078983 
25.57  	 0.1998110505634721 
25.58  	 0.2006868948999835 
25.59  	 0.2015208008603585 
25.6  	 0.2023314907147057 
25.61  	 0.2031357300779117 
25.62  	 0.2039497557861324 
25.63  	 0.2047906093654097 
25.64  	 0.2056776147952122 
25.65  	 0.2066342852812885 
25.66  	 0.2076910891776984 
25.67  	 0.2088898301440775 
25.68  	 0.2102911053054835 
25.69  	 0.2119879268497049 
25.7  	 0.2141326152897708 
25.71  	 0.2169951941990942 
25.72  	 0.2211070218490641 
25.73  	 0.2276817889594968 
25.74  	 0.2402358459268877 
25.75  	 0.2749988078167835 
25.76  	 0.9607763660208549 
25.77  	 0.1130294060634759 
25.78  	 0.1607437583248587 
25.79  	 0.1756717350356963 
25.8  	 0.1830749995386354 
25.81  	 0.1875692889593402 
25.82  	 0.1906387594555345 
25.83  	 0.1929073070897191 
25.84  	 0.1946835591121837 
25.85  	 0.1961382407717837 
25.86  	 0.1973740193247661 
25.87  	 0.1984569251311843 
25.88  	 0.1994319768552602 
25.89  	 0.2003316046856641 
25.9  	 0.2011805251485988 
25.91  	 0.2019987700502439 
25.92  	 0.2028037320008841 
25.93  	 0.2036117062503268 
25.94  	 0.2044392344630763 
25.95  	 0.2053044923659106 
25.96  	 0.2062289770597449 
25.97  	 0.207239848186992 
25.98  	 0.2083735121869611 
25.99  	 0.2096815495946658 
26  	 0.2112412252355749 
26.01  	 0.2131755465585073 
26.02  	 0.2156950118238823 
26.03  	 0.2191946567200514 
26.04  	 0.2245163378065304 
26.05  	 0.2338349277576733 
26.06  	 0.2550381544345932 
26.07  	 0.3564591014353358 
26.08  	 0.03473934693441626 
26.09  	 0.1486967939789979 
26.1  	 0.1709010032406086 
26.11  	 0.1804952080372048 
26.12  	 0.1859301676030727 
26.13  	 0.1894869990621292 
26.14  	 0.1920391854448442 
26.15  	 0.193993850198951 
26.16  	 0.1955669169702931 
26.17  	 0.1968841174950375 
26.18  	 0.1980242011315674 
26.19  	 0.1990396072367148 
26.2  	 0.1999672597731746 
26.21  	 0.2008346363500765 
26.22  	 0.2016634267723835 
26.23  	 0.2024719138833649 
26.24  	 0.2032766810066029 
26.25  	 0.2040940070090713 
26.26  	 0.204941207130017 
26.27  	 0.2058381605776372 
26.28  	 0.2068093258418147 
26.29  	 0.2078867125425521 
26.3  	 0.2091146486534029 
26.31  	 0.2105579928848682 
26.32  	 0.2123173194301625 
26.33  	 0.2145593355741614 
26.34  	 0.2175841608655751 
26.35  	 0.2219950242452182 
26.36  	 0.2292144406454871 
26.37  	 0.2435984856245626 
26.38  	 0.2880775610990959 
26.39  	 1.089528084126562 
26.4  	 0.1273010322197498 
26.41  	 0.1642506498060617 
26.42  	 0.1772454476585422 
26.43  	 0.1839793471312242 
26.44  	 0.1881659638085331 
26.45  	 0.1910694540413959 
26.46  	 0.1932388221163029 
26.47  	 0.1949515574412338 
26.48  	 0.1963635755112124 
26.49  	 0.197569788351301 
26.5  	 0.1986318681209387 
26.51  	 0.19959225717835 
26.52  	 0.2004818145812265 
26.53  	 0.2013242932326463 
26.54  	 0.2021391574872952 
26.55  	 0.2029435171064631 
26.56  	 0.2037536173078782 
26.57  	 0.2045861735986008 
26.58  	 0.2054597905080464 
26.59  	 0.2063967299105069 
26.6  	 0.2074254107849313 
26.61  	 0.2085842904168599 
26.62  	 0.209928359625579 
26.63  	 0.2115407971087837 
26.64  	 0.213555511435429 
26.65  	 0.216204842833712 
26.66  	 0.2199329084095869 
26.67  	 0.2257116316579866 
26.68  	 0.236162263837715 
26.69  	 0.2616474854648776 
26.7  	 0.4296917155889597 
26.71  	 0.07850574756794775 
26.72  	 0.1542958271314744 
26.73  	 0.1730095800186249 
26.74  	 0.1816099013259535 
26.75  	 0.186629906860747 
26.76  	 0.1899753426609859 
26.77  	 0.1924058647232698 
26.78  	 0.1942845918057586 
26.79  	 0.1958075426213427 
26.8  	 0.1970903979399845 
26.81  	 0.1982064077618451 
26.82  	 0.1992048209618563 
26.83  	 0.2001206359263648 
26.84  	 0.200980147428133 
26.85  	 0.2018043309288392 
26.86  	 0.2026110770922273 
26.87  	 0.2034168256329626 
26.88  	 0.204237934662979 
26.89  	 0.205092035515395 
26.9  	 0.2059996184425063 
26.91  	 0.2069861692887073 
26.92  	 0.2080853700616253 
26.93  	 0.2093442976988223 
26.94  	 0.2108324847756894 
26.95  	 0.2126588846273887 
26.96  	 0.2150063703862234 
26.97  	 0.2182095340848387 
26.98  	 0.2229562203644011 
26.99  	 0.2309255464925887 
27  	 0.2475889716239212 
27.01  	 0.306846776671805 
27.02  	 0.1461271393814833 
27.03  	 0.1376849909691992 
27.04  	 0.1672356789393772 
27.05  	 0.178659861757123 
27.06  	 0.184815115107483 
27.07  	 0.1887268628814947 
27.08  	 0.1914790264541057 
27.09  	 0.1935567360464431 
27.1  	 0.1952102194774766 
27.11  	 0.1965821852326644 
27.12  	 0.1977605356778814 
27.13  	 0.1988029647648573 
27.14  	 0.1997495474057219 
27.15  	 0.2006296944548386 
27.16  	 0.20146627286456 
27.17  	 0.2022782330200811 
27.18  	 0.2030824431392411 
27.19  	 0.2038951354628618 
27.2  	 0.2047332387287393 
27.21  	 0.2056158352995514 
27.22  	 0.2065660209617485 
27.23  	 0.2076135809918777 
27.24  	 0.2087992016547519 
27.25  	 0.2101816015806465 
27.26  	 0.2118504818989297 
27.27  	 0.2139519230516223 
27.28  	 0.2167430655062088 
27.29  	 0.2207250795980353 
27.3  	 0.2270264845517708 
27.31  	 0.2388386583202859 
27.32  	 0.2701158779013024 
27.33  	 0.6355180361713111 
27.34  	 0.1042199044015844 
27.35  	 0.1588657762916758 
27.36  	 0.1748715466654751 
27.37  	 0.1826301141080113 
27.38  	 0.187283689773373 
27.39  	 0.1904378183385878 
27.4  	 0.1927564681285788 
27.41  	 0.1945646036581114 
27.42  	 0.1960406158332242 
27.43  	 0.1972911471476007 
27.44  	 0.1983844463804698 
27.45  	 0.1993668376274717 
27.46  	 0.20027154574607 
27.47  	 0.2011237758579362 
27.48  	 0.2019438508253525 
27.49  	 0.2027493144034319 
27.5  	 0.2035565007104903 
27.51  	 0.2043818847360701 
27.52  	 0.2052434579173416 
27.53  	 0.2061623807286637 
27.54  	 0.2071652547297269 
27.55  	 0.2082875772201715 
27.56  	 0.2095794217183893 
27.57  	 0.2111154546142557 
27.58  	 0.213013933145832 
27.59  	 0.2154759465815619 
27.6  	 0.2188757277535826 
27.61  	 0.2240013254522693 
27.62  	 0.2328502457641385 
27.63  	 0.2524057618779954 
27.64  	 0.3360798477217726 
27.65  	 0.001122231235665921 
27.66  	 0.1455833398326398 
27.67  	 0.169808572138946 
27.68  	 0.1799386802605576 
27.69  	 0.1855902743521249 
27.7  	 0.1892554652045684 
27.71  	 0.1918692992218338 
27.72  	 0.1938621495526787 
27.73  	 0.1954602922040935 
27.74  	 0.1967946280875466 
27.75  	 0.1979467120305447 
27.76  	 0.1989706018724287 
27.77  	 0.1999041953503069 
27.78  	 0.2007755684033053 
27.79  	 0.2016067745585724 
27.8  	 0.2024163010263823 
27.81  	 0.2032208146170606 
27.82  	 0.2040365716165587 
27.83  	 0.2048807544675307 
27.84  	 0.2057729749390078 
27.85  	 0.2067372367295208 
27.86  	 0.2078048074186694 
27.87  	 0.209018797668805 
27.88  	 0.2104420063150441 
27.89  	 0.2121713412862349 
27.9  	 0.2143665074808176 
27.91  	 0.2173129004230253 
27.92  	 0.2215783360203253 
27.93  	 0.2284813290778226 
27.94  	 0.2419519351225396 
27.95  	 0.2813658715329229 
27.96  	 4.804953915329941 
27.97  	 0.1211494154360009 
27.98  	 0.1626683993810031 
27.99  	 0.1765286388013488 
28  	 0.1835678933696657 
28.01  	 0.1878962810358835 
28.02  	 0.1908767410367118 
28.03  	 0.1930923068780646 
28.04  	 0.1948347263206088 
28.05  	 0.1962667338944794 
28.06  	 0.1974868272584077 
28.07  	 0.1985587000059299 
28.08  	 0.1995259923371755 
28.09  	 0.2004202950159847 
28.1  	 0.2012658100164595 
28.11  	 0.2020822657887075 
28.12  	 0.2028869027164267 
28.13  	 0.2036959868460574 
28.14  	 0.2045261482762127 
28.15  	 0.205395784424492 
28.16  	 0.206326788907174 
28.17  	 0.2073469743358672 
28.18  	 0.2084938093380746 
28.19  	 0.2098206374634199 
28.2  	 0.2114077731727977 
28.21  	 0.213383827014459 
28.22  	 0.2159704756947404 
28.23  	 0.219587726671762 
28.24  	 0.2251430427275994 
28.25  	 0.2350332564059525 
28.26  	 0.2583402482270548 
28.27  	 0.3879576565861638 
28.28  	 0.0610062327161076 
28.29  	 0.1517962762736949 
28.3  	 0.1720503235454511 
28.31  	 0.1811011363579602 
28.32  	 0.1863116100817858 
28.33  	 0.1897548103283598 
28.34  	 0.1922418839965869 
28.35  	 0.194156037603445 
28.36  	 0.1957024333522528 
28.37  	 0.1970013902885147 
28.38  	 0.1981287051289287 
28.39  	 0.199135108192562 
28.4  	 0.2000564936941635 
28.41  	 0.2009197072625938 
28.42  	 0.2017460568815714 
28.43  	 0.2025536149860882 
28.44  	 0.2033588861449062 
28.45  	 0.2041781878529341 
28.46  	 0.2050289980233199 
28.47  	 0.205931512253559 
28.48  	 0.2069107215450757 
28.49  	 0.2079995018390986 
28.5  	 0.2092436029746499 
28.51  	 0.2107102958808481 
28.52  	 0.2125044668066776 
28.53  	 0.2148011108062838 
28.54  	 0.217917930562325 
28.55  	 0.2225010022356128 
28.56  	 0.2301013124019803 
28.57  	 0.2456217186320818 
28.58  	 0.2970503336392619 
28.59  	 0.3305407799317109 
28.6  	 0.1331450363091449 
28.61  	 0.1658836280663737 
28.62  	 0.178013689517255 
28.63  	 0.1844333276725577 
28.64  	 0.1884718089398298 
28.65  	 0.191294153083407 
28.66  	 0.1934145456748477 
28.67  	 0.1950957050789374 
28.68  	 0.1964864222061532 
28.69  	 0.1976778402149893 
28.7  	 0.1987294977518768 
28.71  	 0.1996825699137103 
28.72  	 0.2005671414761595 
28.73  	 0.2014064917398201 
28.74  	 0.2022198097352254 
28.75  	 0.2030240745072565 
28.76  	 0.2038355212458454 
28.77  	 0.204670974175289 
28.78  	 0.205549284690199 
28.79  	 0.2064931466270807 
28.8  	 0.207531686726162 
28.81  	 0.208704515633922 
28.82  	 0.2100685494963099 
28.83  	 0.2117103271230425 
28.84  	 0.2137700066108432 
28.85  	 0.2164926050144865 
28.86  	 0.220351222807622 
28.87  	 0.2263966024586106 
28.88  	 0.2375324639269317 
28.89  	 0.2658385604708231 
28.9  	 0.5055483636747993 
28.91  	 0.0935037158857553 
28.92  	 0.1568138017723269 
28.93  	 0.1740220216399417 
28.94  	 0.1821629983791025 
28.95  	 0.1869849338914291 
28.96  	 0.1902275660692556 
28.97  	 0.192598212442627 
28.98  	 0.1944392686074336 
28.99  	 0.1959372261727605 
29  	 0.1972028990538628 
29.01  	 0.1983068517966478 
29.02  	 0.1992967661156489 
29.03  	 0.2002066914793421 
29.04  	 0.2010623399856704 
29.05  	 0.2018843377710192 
29.06  	 0.2026903887721456 
29.07  	 0.2034968737050736 
29.08  	 0.2043202087564008 
29.09  	 0.2051782105845725 
29.1  	 0.2060917162203608 
29.11  	 0.2070867893375756 
29.12  	 0.2081980514836387 
29.13  	 0.2094741281759187 
29.14  	 0.2109871991661355 
29.15  	 0.212851001029271 
29.16  	 0.2152577354178281 
29.17  	 0.2185621865289548 
29.18  	 0.2235028489288971 
29.19  	 0.231917801632033 
29.2  	 0.2500153734252994 
29.21  	 0.3204539443146583 
29.22  	 0.04927449618384353 
29.23  	 0.1420937718174336 
29.24  	 0.1686392262780971 
29.25  	 0.1793528818691039 
29.26  	 0.1852349288046486 
29.27  	 0.1890138682823944 
29.28  	 0.1916918640630987 
29.29  	 0.1937242240599509 
29.3  	 0.195348204785376 
29.31  	 0.1967001465235556 
29.32  	 0.1978645388541954 
29.33  	 0.1988971253723126 
29.34  	 0.1998368151676279 
29.35  	 0.2007123049464277 
29.36  	 0.2015460263697312 
29.37  	 0.202356681180266 
29.38  	 0.2031610278293389 
29.39  	 0.2039753077341099 
29.4  	 0.2048165792400867 
29.41  	 0.2057041981096972 
29.42  	 0.2066617300952321 
29.43  	 0.2077197277364723 
29.44  	 0.2089201307687688 
29.45  	 0.2103237633793484 
29.46  	 0.2120240360207327 
29.47  	 0.21417401743313 
29.48  	 0.2170452736560098 
29.49  	 0.2211727794204334 
29.5  	 0.227780469982967 
29.51  	 0.2404242282853057 
29.52  	 0.2756201912000926 
29.53  	 1.030261915617137 
29.54  	 0.1139148002451989 
29.55  	 0.1609527581909964 
29.56  	 0.1757706100671633 
29.57  	 0.1831373155278586 
29.58  	 0.1876152521135666 
29.59  	 0.1906760841911369 
29.6  	 0.1929395618300948 
29.61  	 0.1947126201131978 
29.62  	 0.1961651913645748 
29.63  	 0.1973995329323036 
29.64  	 0.1984814475439702 
29.65  	 0.199455820890341 
29.66  	 0.2003550031353956 
29.67  	 0.2012036625703666 
29.68  	 0.2020218034129029 
29.69  	 0.2028268055107954 
29.7  	 0.2036349635262211 
29.71  	 0.2044628303197948 
29.72  	 0.2053286063108121 
29.73  	 0.2062538311154643 
29.74  	 0.2072657330811599 
29.75  	 0.2084008290678169 
29.76  	 0.2097108811882654 
29.77  	 0.2112734657717709 
29.78  	 0.213212157934362 
29.79  	 0.2157385785720199 
29.8  	 0.2192502460219475 
29.81  	 0.2245954572168954 
29.82  	 0.2339704867919121 
29.83  	 0.2553745629582736 
29.84  	 0.359167476031919 
29.85  	 0.03779080526702385 
29.86  	 0.1490291508420104 
29.87  	 0.1710284197603921 
29.88  	 0.1805673505679433 
29.89  	 0.1859799277878526 
29.9  	 0.1895256040729337 
29.91  	 0.1920714838984753 
29.92  	 0.1940222740776839 
29.93  	 0.1955928219622964 
29.94  	 0.1969083227900265 
29.95  	 0.1980472357234788 
29.96  	 0.1990618335881251 
29.97  	 0.1999889409753302 
29.98  	 0.2008559752745972 
29.99  	 0.2016845906351665 
30  	 0.2024930510912699 
30.01  	 0.2032979341659445 
30.02  	 0.2041155246329497 
30.03  	 0.2049631561362306 
30.04  	 0.2058607418875223 
30.05  	 0.2068327963741835 
30.06  	 0.2079114191577209 
30.07  	 0.2091410844658831 
30.08  	 0.2105868971810533 
30.09  	 0.2123498682309803 
30.1  	 0.2145975376632058 
30.11  	 0.2176317760183733 
30.12  	 0.2220600327370257 
30.13  	 0.2293172921718856 
30.14  	 0.243811459234591 
30.15  	 0.2889254403128032 
30.16  	 0.9282490559308583 
30.17  	 0.127931722989205 
30.18  	 0.1644271127014652 
30.19  	 0.1773327571801047 
30.2  	 0.1840349791932049 
30.21  	 0.1882069005833328 
30.22  	 0.1911024464186677 
30.23  	 0.1932670763376913 
30.24  	 0.1949767917416987 
30.25  	 0.1963867967441755 
30.26  	 0.1975916300600652 
30.27  	 0.1986527541630168 
30.28  	 0.1996124878894076 
30.29  	 0.2005016155750484 
30.3  	 0.2013438450667989 
30.31  	 0.2021586152073031 
30.32  	 0.2029630245364396 
30.33  	 0.2037733190547075 
30.34  	 0.2046062269642877 
30.35  	 0.2054803794490547 
30.36  	 0.2064180838100744 
30.37  	 0.2074478324282195 
30.38  	 0.2086082010829328 
30.39  	 0.2099543768939249 
30.4  	 0.2115698787309907 
30.41  	 0.2135892432881381 
30.42  	 0.2162460747372245 
30.43  	 0.2199873525391282 
30.44  	 0.2257926883839627 
30.45  	 0.2363103830450146 
30.46  	 0.2620617234418522 
30.47  	 0.4355852945720734 
30.48  	 0.08018718012136526 
30.49  	 0.1545647428008621 
30.5  	 0.1731208284728702 
30.51  	 0.1816743421746304 
30.52  	 0.1866745068057951 
30.53  	 0.1900097800465333 
30.54  	 0.1924344504305306 
30.55  	 0.1943095349608564 
30.56  	 0.195830094716948 
30.57  	 0.1971113250654911 
30.58  	 0.1982262101060301 
30.59  	 0.1992238446721912 
30.6  	 0.2001391346397906 
30.61  	 0.200998318580261 
30.62  	 0.2018223388379611 
30.63  	 0.2026290690514583 
30.64  	 0.2034349445999353 
30.65  	 0.2042563309671471 
30.66  	 0.2051108796681074 
30.67  	 0.2060191174580598 
30.68  	 0.2070065900631639 
30.69  	 0.2081070759130698 
30.7  	 0.2093678096878308 
30.71  	 0.2108585918191249 
30.72  	 0.2126888564281844 
30.73  	 0.2150424075620394 
30.74  	 0.2182558354168259 
30.75  	 0.2230219440324389 
30.76  	 0.231035185326348 
30.77  	 0.2478363125632495 
30.78  	 0.3080909788133486 
30.79  	 0.1332091052534391 
30.8  	 0.1381572594512995 
30.81  	 0.1673865778259195 
30.82  	 0.1787375212099755 
30.83  	 0.1848651509120736 
30.84  	 0.1887636533368438 
30.85  	 0.1915085026596822 
30.86  	 0.1935817848677409 
30.87  	 0.1952324158907691 
30.88  	 0.1966024651181623 
30.89  	 0.1977794947864636 
30.9  	 0.1988210057613207 
30.91  	 0.1997669583458501 
30.92  	 0.2006466937761286 
30.93  	 0.2014830370802932 
30.94  	 0.2022949152363429 
30.95  	 0.2030991868549739 
30.96  	 0.2039120864410641 
30.97  	 0.2047505570832287 
30.98  	 0.2056337099874867 
30.99  	 0.2065846896261866 
31  	 0.2076333599437881 
31.01  	 0.208820534773249 
31.02  	 0.2102051456748172 
31.03  	 0.2118772665918122 
31.04  	 0.2139836757682966 
31.05  	 0.2167829434021368 
31.06  	 0.22077955965068 
31.07  	 0.2271112991851154 
31.08  	 0.23900421980185 
31.09  	 0.2706463753990247 
31.1  	 0.6573300433930155 
31.11  	 0.1052842096004933 
31.12  	 0.1590877982859676 
31.13  	 0.174969493462751 
31.14  	 0.1826880695408148 
31.15  	 0.187323982635181 
31.16  	 0.1904688350780903 
31.17  	 0.1927820525197969 
31.18  	 0.1945867653949402 
31.19  	 0.196060510900582 
31.2  	 0.1973094919444409 
31.21  	 0.1984017136345577 
31.22  	 0.1993833576672861 
31.23  	 0.2002875629052044 
31.24  	 0.2011394821641158 
31.25  	 0.2019594077110552 
31.26  	 0.2027648681018297 
31.27  	 0.2035721946675691 
31.28  	 0.2043978713602836 
31.29  	 0.2052599117603877 
31.3  	 0.206179515624427 
31.31  	 0.2071833487280973 
31.32  	 0.2083070120465323 
31.33  	 0.2096007497593547 
31.34  	 0.2111395206735687 
31.35  	 0.2130421132450326 
31.36  	 0.2155106617835169 
31.37  	 0.2189216912727575 
31.38  	 0.2240691195148286 
31.39  	 0.232969520599327 
31.4  	 0.2527009237809094 
31.41  	 0.3381051907682233 
