0.01  	 0.0001230194407632595 
0.02  	 0.0002233311151041938 
0.03  	 0.0002974019074235973 
0.04  	 0.0003422719094204121 
0.05  	 0.0003556169197141551 
0.06  	 0.0003358001207023897 
0.07000000000000001  	 0.0002819120521997814 
0.08  	 0.0001937981795311627 
0.09  	 7.207354238236707E-05 
0.1  	 8.187583283675304E-05 
0.11  	 0.000265904872867373 
0.12  	 0.0004771346617937489 
0.13  	 0.0007119906186281999 
0.14  	 0.0009662531579544553 
0.15  	 0.001235120150242131 
0.16  	 0.001513280314537568 
0.17  	 0.001794996504063423 
0.18  	 0.002074197687290918 
0.19  	 0.002344578285554594 
0.2  	 0.002599703405303855 
0.21  	 0.002833118400444007 
0.22  	 0.003038461119419661 
0.23  	 0.003209575134001108 
0.24  	 0.003340622213040406 
0.25  	 0.003426192295410732 
0.26  	 0.003461409232161552 
0.27  	 0.003442030608595964 
0.28  	 0.003364540022041645 
0.29  	 0.003226230279878013 
0.3  	 0.00302527609379627 
0.31  	 0.002760794978948589 
0.32  	 0.002432895218939798 
0.33  	 0.002042709927591771 
0.34  	 0.001592416423858711 
0.35  	 0.001085240334841961 
0.36  	 0.0005254440508883212 
0.37  	 8.170062644519138E-05 
0.38  	 0.0007299555811181302 
0.39  	 0.001412174937988619 
0.4  	 0.002120378568364722 
0.41  	 0.002845839818817669 
0.42  	 0.003579186525100614 
0.43  	 0.004310514171701529 
0.44  	 0.005029509869087345 
0.45  	 0.005725585647682108 
0.46  	 0.006388019412525481 
0.47  	 0.007006101767711936 
0.48  	 0.007569286807040332 
0.49  	 0.008067344878640192 
0.5  	 0.008490515268081811 
0.51  	 0.008829656707780298 
0.52  	 0.009076393611154088 
0.53  	 0.009223255948452969 
0.54  	 0.009263810727537819 
0.55  	 0.009192783116873882 
0.5600000000000001  	 0.009006165349012218 
0.5700000000000001  	 0.008701311669879142 
0.58  	 0.008277017750949217 
0.59  	 0.007733583156202789 
0.6  	 0.007072855651691565 
0.61  	 0.006298256360306273 
0.62  	 0.005414784995454877 
0.63  	 0.004429004652012828 
0.64  	 0.003349005888235182 
0.65  	 0.002184350095087523 
0.66  	 0.000945992416541197 
0.67  	 0.0003538152477028655 
0.68  	 0.001701640360081746 
0.6900000000000001  	 0.003083003927084577 
0.7000000000000001  	 0.004482531438246062 
0.71  	 0.005884119017468881 
0.72  	 0.007271113019687969 
0.73  	 0.008626501102459605 
0.74  	 0.009933112620034656 
0.75  	 0.0111738260295568 
0.76  	 0.01233178086746156 
0.77  	 0.01339059175095475 
0.78  	 0.01433456178628895 
0.79  	 0.01514889272376507 
0.8  	 0.01581988918991595 
0.8100000000000001  	 0.01633515435073873 
0.8200000000000001  	 0.01668377441629759 
0.8300000000000001  	 0.01685648948631413 
0.84  	 0.016845848357807 
0.85  	 0.01664634506845036 
0.86  	 0.01625453513163766 
0.87  	 0.01566912962941952 
0.88  	 0.01489106556543773 
0.89  	 0.01392355113909446 
0.9  	 0.01277208488178075 
0.91  	 0.01144444789273438 
0.92  	 0.009950668722949613 
0.93  	 0.008302960776643359 
0.9400000000000001  	 0.006515632427647747 
0.9500000000000001  	 0.00460497037864864 
0.96  	 0.002589097120731382 
0.97  	 0.000487803675081333 
0.98  	 0.001677640885985821 
0.99  	 0.003884701339025437 
1  	 0.006109807545176871 
1.01  	 0.008328602670937879 
1.02  	 0.01051620580175044 
1.03  	 0.01264748614159567 
1.04  	 0.0146973458071008 
1.05  	 0.01664100807244384 
1.06  	 0.01845430780389168 
1.07  	 0.02011398074190135 
1.08  	 0.02159794824585159 
1.09  	 0.0228855941126978 
1.1  	 0.0239580301166451 
1.11  	 0.02479834699251249 
1.12  	 0.02539184770042169 
1.13  	 0.02572625996297812 
1.14  	 0.0257919252569474 
1.15  	 0.02558196166783944 
1.16  	 0.02509239827564774 
1.17  	 0.0243222790306315 
1.18  	 0.02327373439657909 
1.19  	 0.02195201938205865 
1.2  	 0.02036551694414207 
1.21  	 0.0185257061300258 
1.22  	 0.01644709471572675 
1.23  	 0.01414711650313841 
1.24  	 0.01164599384282236 
1.25  	 0.00896656635521887 
1.26  	 0.006134087222870142 
1.27  	 0.003175988816185027 
1.28  	 0.0001216197904966021 
1.29  	 0.002998043851704157 
1.3  	 0.006150710906748624 
1.31  	 0.009303107192250637 
1.32  	 0.01242132444047622 
1.33  	 0.01547118221809096 
1.34  	 0.01841859902689424 
1.35  	 0.02122996857996201 
1.36  	 0.02387253713063409 
1.37  	 0.02631477765972101 
1.38  	 0.02852675670059712 
1.39  	 0.03048048960337202 
1.4  	 0.03215028010834786 
1.41  	 0.03351304021538182 
1.42  	 0.03454858649877146 
1.43  	 0.03523990922561526 
1.44  	 0.03557341088749322 
1.45  	 0.03553911104842467 
1.46  	 0.035130814743633 
1.47  	 0.03434624203038006 
1.48  	 0.03318711669036112 
1.49  	 0.03165921250878706 
1.5  	 0.02977235600388739 
1.51  	 0.02754038494735866 
1.52  	 0.02498106249636345 
1.53  	 0.02211594724572957 
1.54  	 0.01897021999974724 
1.55  	 0.01557246855098018 
1.56  	 0.01195443223324669 
1.57  	 0.008150708482084757 
1.58  	 0.004198424083207961 
1.59  	 0.000136874212412666 
1.6  	 0.003992867235633329 
1.61  	 0.008148362172228862 
1.62  	 0.01228624351365531 
1.63  	 0.01636266659516455 
1.64  	 0.02033377210661313 
1.65  	 0.0241561556712766 
1.66  	 0.02778733905532205 
1.67  	 0.03118623791518293 
1.68  	 0.03431362096436819 
1.69  	 0.03713255547160943 
1.7  	 0.03960883408844507 
1.71  	 0.04171137814644721 
1.72  	 0.04341261276099029 
1.73  	 0.04468880932845487 
1.74  	 0.04552039130472352 
1.75  	 0.04589219950203582 
1.76  	 0.0457937135354558 
1.77  	 0.04521922648549714 
1.78  	 0.0441679703155109 
1.79  	 0.04264419008652653 
1.8  	 0.04065716554321813 
1.81  	 0.03822117919681184 
1.82  	 0.03535543059874469 
1.83  	 0.03208389707600962 
1.84  	 0.02843514177989037 
1.85  	 0.02444207047740996 
1.86  	 0.02014163908328115 
1.87  	 0.01557451448293071 
1.88  	 0.01078469172852798 
1.89  	 0.005819071193314332 
1.9  	 0.0007269997396957967 
1.91  	 0.004440219612081686 
1.92  	 0.009629844640643676 
1.93  	 0.01478823229241449 
1.94  	 0.01986139296357081 
1.95  	 0.02479555496569558 
1.96  	 0.02953773327525422 
1.97  	 0.0340362965578217 
1.98  	 0.03824152641263967 
1.99  	 0.04210616280204571 
2  	 0.04558592971430442 
2.01  	 0.04864003525720462 
2.02  	 0.05123164059201823 
2.03  	 0.0533282923920273 
2.04  	 0.05490231384377697 
2.05  	 0.05593114959995404 
2.06  	 0.05639766053639783 
2.07  	 0.05629036465803983 
2.08  	 0.05560362103469718 
2.09  	 0.05433775422224962 
2.1  	 0.05249911723201917 
2.11  	 0.05010009174487773 
2.12  	 0.04715902492034607 
2.13  	 0.04370010281764891 
2.14  	 0.03975316111860316 
2.15  	 0.03535343451388706 
2.16  	 0.03054124677809933 
2.17  	 0.02536164420671977 
2.18  	 0.01986397571424009 
2.19  	 0.01410142348879514 
2.2  	 0.00813048865919028 
2.21  	 0.002010436948297667 
2.22  	 0.00419729024299742 
2.23  	 0.01042969346074141 
2.24  	 0.0166228553130533 
2.25  	 0.02271259656141028 
2.26  	 0.02863514144513007 
2.27  	 0.03432778533666997 
2.28  	 0.03972955773739462 
2.29  	 0.04478187360906416 
2.3  	 0.04942916609558445 
2.31  	 0.05361949382308939 
2.32  	 0.05730511617274725 
2.33  	 0.06044303019919095 
2.34  	 0.06299546321448612 
2.35  	 0.06493031547128292 
2.36  	 0.06622154785443246 
2.37  	 0.06684951002382133 
2.38  	 0.06680120503723308 
2.39  	 0.06607048711481678 
2.4  	 0.06465818987994176 
2.41  	 0.062572183118213 
2.42  	 0.05982735682959506 
2.43  	 0.05644553210101533 
2.44  	 0.0524552990900583 
2.45  	 0.04789178317694276 
2.46  	 0.04279634110348662 
2.47  	 0.03721618966647411 
2.48  	 0.03120397026035554 
2.49  	 0.02481725326304679 
2.5  	 0.01811798692101847 
2.51  	 0.01117189600861909 
2.52  	 0.004047836104744448 
2.53  	 0.00318289015844106 
2.54  	 0.01044724807147931 
2.55  	 0.01767120986400367 
2.56  	 0.02478051026890765 
2.57  	 0.03170141090889822 
2.58  	 0.03836146562735276 
2.59  	 0.04469027881289023 
2.6  	 0.05062024877822924 
2.61  	 0.05608728834770227 
2.62  	 0.06103151498442383 
2.63  	 0.06539790304648485 
2.64  	 0.06913689109908439 
2.65  	 0.0722049376236662 
2.66  	 0.07456501895167766 
2.67  	 0.07618706380553142 
2.68  	 0.07704831944661172 
2.69  	 0.07713364510445764 
2.7  	 0.07643572908538998 
2.71  	 0.07495522672583566 
2.72  	 0.07270081715768539 
2.73  	 0.06968917768198624 
2.74  	 0.06594487539469873 
2.75  	 0.06150017656539697 
2.76  	 0.05639477512775615 
2.77  	 0.05067544249042261 
2.78  	 0.04439560170974383 
2.79  	 0.0376148298725808 
2.8  	 0.03039829330993732 
2.81  	 0.02281612099160052 
2.82  	 0.01494272213135422 
2.83  	 0.006856054652663104 
2.84  	 0.001363148278692022 
2.85  	 0.009632185964117801 
2.86  	 0.01786722402466567 
2.87  	 0.02598414597036769 
2.88  	 0.03389941381915329 
2.89  	 0.04153092894489319 
2.9  	 0.04879888427185175 
2.91  	 0.05562659896183042 
2.92  	 0.06194132686220521 
2.93  	 0.06767503019535981 
2.94  	 0.072765110272907 
2.95  	 0.07715508740764365 
2.96  	 0.08079522266963945 
2.97  	 0.08364307468540433 
2.98  	 0.08566398530579156 
2.99  	 0.08683148866284174 
3  	 0.08712763889151043 
3.01  	 0.08654325260165852 
3.02  	 0.08507806304069165 
3.03  	 0.08274078377928396 
3.04  	 0.07954908067261701 
3.05  	 0.07552945178819725 
3.06  	 0.07071701593879975 
3.07  	 0.06515521140610014 
3.08  	 0.05889540737638715 
3.09  	 0.05199643152587496 
3.1  	 0.04452401807875389 
3.11  	 0.03655018150753517 
3.12  	 0.0281525218435647 
3.13  	 0.0194134683066171 
3.14  	 0.01041946863898796 
3.15  	 0.001260132133394209 
3.16  	 0.007972665130425799 
3.17  	 0.01718570388575275 
3.18  	 0.02628536480978139 
3.19  	 0.035178581623446 
3.2  	 0.04377379443865331 
3.21  	 0.05198189357149807 
3.22  	 0.05971714408033646 
3.23  	 0.06689808142892362 
3.24  	 0.07344836891557982 
3.25  	 0.0792976078482317 
3.26  	 0.08438209187850043 
3.27  	 0.08864549743286676 
3.28  	 0.09203950278903317 
3.29  	 0.09452432903647112 
3.3  	 0.09606919692408233 
3.31  	 0.09665269442795066 
3.32  	 0.09626305075990427 
3.33  	 0.09489831347428834 
3.34  	 0.09256642630650158 
3.35  	 0.08928520638261461 
3.36  	 0.08508222046467184 
3.37  	 0.07999456093040536 
3.38  	 0.07406852321865987 
3.39  	 0.06735918749207415 
3.4  	 0.05992990826585587 
3.41  	 0.05185171671573113 
3.42  	 0.04320264129875634 
3.43  	 0.03406695318843397 
3.44  	 0.02453434383098199 
3.45  	 0.01469904266416738 
3.46  	 0.004658883695763089 
3.47  	 0.005485669791265996 
3.48  	 0.01563253266235534 
3.49  	 0.02567902735904254 
3.5  	 0.03552292492828674 
3.51  	 0.04506348707782154 
3.52  	 0.05420249861750337 
3.53  	 0.06284527968983433 
3.54  	 0.07090166734591474 
3.55  	 0.07828695628349003 
3.56  	 0.08492278893016003 
3.57  	 0.09073798552342593 
3.58  	 0.09566930540630469 
3.59  	 0.09966213141681302 
3.6  	 0.1026710699958256 
3.61  	 0.1046604604630524 
3.62  	 0.1056047878073988 
3.63  	 0.1054889942965687 
3.64  	 0.1043086862221396 
3.65  	 0.1020702331502084 
3.66  	 0.09879075813355542 
3.67  	 0.09449801844803063 
3.68  	 0.08923017753231743 
3.69  	 0.08303546992497846 
3.7  	 0.07597176209428469 
3.71  	 0.06810601313332421 
3.72  	 0.05951364033443335 
3.73  	 0.05027779565175844 
3.74  	 0.04048855999890197 
3.75  	 0.03024206319964462 
3.76  	 0.01963953820537227 
3.77  	 0.00878631890306892 
3.78  	 0.002209208543081667 
3.79  	 0.01323669035399436 
3.8  	 0.02418491492407598 
3.81  	 0.03494293655219383 
3.82  	 0.04540120173860634 
3.83  	 0.05545266659394443 
3.84  	 0.06499389394534882 
3.85  	 0.07392611888097844 
3.86  	 0.08215627174556406 
3.87  	 0.0895979479849105 
3.88  	 0.09617231473211652 
3.89  	 0.1018089446286359 
3.9  	 0.1064465680733008 
3.91  	 0.1100337358851999 
3.92  	 0.1125293852444387 
3.93  	 0.1139033027293465 
3.94  	 0.1141364792904142 
3.95  	 0.1132213530799075 
3.96  	 0.1111619371808881 
3.97  	 0.1079738304390485 
3.98  	 0.1036841107835531 
3.99  	 0.09833111161704089 
4  	 0.09196408304780457 
4.01  	 0.0846427409171292 
4.02  	 0.0764367077289454 
4.03  	 0.06742485070644066 
4.04  	 0.05769452326883745 
4.05  	 0.04734071723009586 
4.06  	 0.03646513395970966 
4.07  	 0.02517518360396903 
4.08  	 0.01358292223481835 
4.09  	 0.001803937464641574 
4.1  	 0.01004380636786517 
4.11  	 0.02184115187991614 
4.12  	 0.0334689492944959 
4.13  	 0.0448092619374113 
4.14  	 0.0557465643638228 
4.15  	 0.06616892092340765 
4.16  	 0.07596913272406747 
4.17  	 0.08504584122848302 
4.18  	 0.09330457711260098 
4.19  	 0.1006587435274326 
4.2  	 0.1070305235302697 
4.21  	 0.1123517021824204 
4.22  	 0.1165643946415124 
4.23  	 0.1196216724980939 
4.24  	 0.1214880816107908 
4.25  	 0.1221400457707605 
4.26  	 0.1215661516645925 
4.27  	 0.119767311793321 
4.28  	 0.1167568032321522 
4.29  	 0.1125601813684889 
4.3  	 0.1072150690220413 
4.31  	 0.1007708226175594 
4.32  	 0.09328807833508934 
4.33  	 0.08483818239179641 
4.34  	 0.0755025108005159 
4.350000000000001  	 0.06537168509159186 
4.36  	 0.05454469156375297 
4.37  	 0.04312791263617086 
4.38  	 0.03123407979622783 
4.39  	 0.01898115846744551 
4.4  	 0.00649117584897458 
4.41  	 0.006110996603829605 
4.42  	 0.01869889388719889 
4.43  	 0.03114572879502575 
4.44  	 0.04332567109986485 
4.45  	 0.05511512164164323 
4.46  	 0.06639396840319089 
4.47  	 0.07704681179033535 
4.48  	 0.0869641466019031 
4.49  	 0.09604348857177514 
4.5  	 0.1041904338852083 
4.51  	 0.1113196407121004 
4.52  	 0.1173557225530073 
4.53  	 0.1222340440532955 
4.54  	 0.1259014108978779 
4.55  	 0.1283166464445005 
4.56  	 0.1294510488767856 
4.57  	 0.1292887238483461 
4.58  	 0.1278267888343176 
4.59  	 0.1250754466940146 
4.600000000000001  	 0.121057927265291 
4.61  	 0.1158102971442676 
4.62  	 0.1093811391398881 
4.63  	 0.101831104217552 
4.64  	 0.0932323400468672 
4.65  	 0.08366780153127806 
4.66  	 0.07323044990996125 
4.67  	 0.06202234817157398 
4.68  	 0.05015366159405898 
4.69  	 0.03774157321317662 
4.7  	 0.02490912491446627 
4.71  	 0.01178399563023328 
4.72  	 0.00150277120484453 
4.73  	 0.0148180782338338 
4.74  	 0.02802810966394459 
4.75  	 0.04099967823663392 
4.76  	 0.05360157010181926 
4.77  	 0.06570587399598027 
4.78  	 0.07718928124142455 
4.79  	 0.08793434333815175 
4.8  	 0.09783067430909442 
4.81  	 0.1067760854796272 
4.82  	 0.1146776410188597 
4.83  	 0.1214526233369881 
4.84  	 0.1270293983125147 
4.850000000000001  	 0.1313481713064961 
4.86  	 0.134361625999072 
4.87  	 0.1360354392452067 
4.88  	 0.1363486663805933 
4.89  	 0.1352939927024752 
4.9  	 0.1328778481910866 
4.91  	 0.1291203839117759 
4.92  	 0.1240553099319741 
4.93  	 0.1177295959868639 
4.94  	 0.1102030375188096 
4.95  	 0.1015476910839596 
4.96  	 0.09184718445161832 
4.97  	 0.08119590800327764 
4.98  	 0.06969809525707227 
4.99  	 0.05746680148554184 
5  	 0.04462279045004705 
5.01  	 0.03129334023123548 
5.02  	 0.0176109799832195 
5.03  	 0.003712170169660613 
5.04  	 0.01026406055425921 
5.05  	 0.02417750817617925 
5.06  	 0.03788820190183861 
5.07  	 0.05125781429888404 
5.08  	 0.06415105878267818 
5.09  	 0.0764370603072676 
5.100000000000001  	 0.08799068535716004 
5.11  	 0.09869381770965191 
5.12  	 0.1084365669491011 
5.13  	 0.1171183973593996 
5.14  	 0.1246491655920522 
5.15  	 0.1309500563983539 
5.16  	 0.1359544067152277 
5.17  	 0.1396084094965289 
5.18  	 0.1418716898734148 
5.19  	 0.1427177474973218 
5.2  	 0.142134260254311 
5.21  	 0.1401232459268044 
5.22  	 0.1367010798040564 
5.23  	 0.1318983676918688 
5.24  	 0.1257596752302658 
5.25  	 0.1183431158807359 
5.26  	 0.1097198013770022 
5.27  	 0.09997315983106492 
5.28  	 0.08919812803491356 
5.29  	 0.07750022578436971 
5.3  	 0.06499452126134764 
5.31  	 0.05180449763261524 
5.32  	 0.03806083204497895 
5.33  	 0.02390009910819105 
5.34  	 0.009463411748095674 
5.350000000000001  	 0.005104987023935442 
5.36  	 0.01965916735140688 
5.37  	 0.03405297632175747 
5.38  	 0.0481415076011581 
5.39  	 0.0617825621174623 
5.4  	 0.07483808504927736 
5.41  	 0.08717556458267683 
5.42  	 0.09866937824860023 
5.43  	 0.1092020731491207 
5.44  	 0.1186655670154031 
5.45  	 0.126962257808206 
5.46  	 0.1340060304652054 
5.47  	 0.1397231504105904 
5.48  	 0.1440530345598668 
5.49  	 0.1469488917670776 
5.5  	 0.1483782259593764 
5.51  	 0.1483231965731263 
5.52  	 0.1467808323320612 
5.53  	 0.1437630958776952 
5.54  	 0.1392967982602136 
5.55  	 0.1334233638093795 
5.56  	 0.1261984474144162 
5.57  	 0.1176914077341648 
5.58  	 0.1079846413188568 
5.59  	 0.09717278403769647 
5.600000000000001  	 0.08536178755813073 
5.61  	 0.07266787989894646 
5.62  	 0.05921642026750257 
5.63  	 0.04514065947881712 
5.64  	 0.03058041823067273 
5.65  	 0.01568069636277977 
5.66  	 0.0005902269521778913 
5.67  	 0.01454001031765725 
5.68  	 0.02955830163514142 
5.69  	 0.04431372221539509 
5.7  	 0.05865765482100099 
5.71  	 0.07244528835210418 
5.72  	 0.08553708137843463 
5.73  	 0.09780017580667133 
5.74  	 0.1091097463485218 
5.75  	 0.1193502720712922 
5.76  	 0.1284167170695708 
5.77  	 0.1362156081850315 
5.78  	 0.142665998713619 
5.79  	 0.1477003081649596 
5.8  	 0.1512650293670839 
5.81  	 0.1533212955277233 
5.82  	 0.1538453012588918 
5.83  	 0.1528285730300836 
5.84  	 0.1502780860225859 
5.850000000000001  	 0.1462162258980593 
5.86  	 0.1406805955532447 
5.87  	 0.1337236684937113 
5.88  	 0.1254122920070381 
5.89  	 0.1158270448346068 
5.9  	 0.105061455515117 
5.91  	 0.09322108898796932 
5.92  	 0.08042251038559556 
5.93  	 0.06679213619758217 
5.94  	 0.05246498414297884 
5.95  	 0.03758333412847828 
5.96  	 0.02229531358936358 
5.97  	 0.006753421296069841 
5.98  	 0.008886995643925519 
5.99  	 0.02446929636076492 
6  	 0.03983711679812074 
6.01  	 0.05483594052520679 
6.02  	 0.06931465398749304 
6.03  	 0.08312707052597346 
6.04  	 0.09613340777982127 
6.05  	 0.1082017035281325 
6.06  	 0.1192091556181814 
6.07  	 0.1290433723651074 
6.08  	 0.1376035206839363 
6.09  	 0.1448013602207064 
6.100000000000001  	 0.1505621528750261 
6.11  	 0.1548254383410488 
6.12  	 0.1575456676249265 
6.13  	 0.1586926879112927 
6.140000000000001  	 0.1582520736348881 
6.15  	 0.1562253001515905 
6.16  	 0.1526297579801319 
6.17  	 0.1474986071859909 
6.18  	 0.140880473086333 
6.19  	 0.1328389860530999 
6.2  	 0.1234521697643352 
6.21  	 0.1128116837860355 
6.22  	 0.1010219278418778 
6.23  	 0.08819901653244444 
6.24  	 0.07446963458324796 
6.25  	 0.05996978392015667 
6.26  	 0.04484343497768298 
6.27  	 0.02924109563006898 
6.28  	 0.01331831198616399 
6.29  	 0.002765884001460356 
6.3  	 0.01885056460297155 
6.31  	 0.0347745181380677 
6.32  	 0.05037786640242686 
6.33  	 0.06550367144993513 
6.34  	 0.07999951556709983 
6.350000000000001  	 0.09371903851858754 
6.36  	 0.1065234165464343 
6.37  	 0.1182827681655273 
6.38  	 0.128877472509742 
6.390000000000001  	 0.1381993868387379 
6.4  	 0.1461529508079096 
6.41  	 0.1526561662219565 
6.42  	 0.1576414422264982 
6.43  	 0.1610562972284887 
6.44  	 0.1628639102625927 
6.45  	 0.1630435160225453 
6.46  	 0.1615906393386879 
6.47  	 0.1585171664901424 
6.48  	 0.1538512523759235 
6.49  	 0.1476370642176303 
6.5  	 0.139934364110369 
6.51  	 0.130817934361779 
6.52  	 0.1203768511452774 
6.53  	 0.1087136135264749 
6.54  	 0.09594313638628238 
6.55  	 0.08219161714464329 
6.56  	 0.06759528747275206 
6.57  	 0.0522990623536399 
6.58  	 0.03645509990213197 
6.59  	 0.02022128627124019 
6.600000000000001  	 0.003759660746992948 
6.61  	 0.01276520324280694 
6.62  	 0.02918784501442534 
6.63  	 0.04534357491209967 
6.640000000000001  	 0.06107012735527972 
6.65  	 0.07620929204208865 
6.66  	 0.09060850689699951 
6.67  	 0.1041223967113946 
6.68  	 0.1166142419475196 
6.69  	 0.1279573628554246 
6.7  	 0.1380364048821381 
6.71  	 0.1467485123231393 
6.72  	 0.1540043782707002 
6.73  	 0.1597291601388399 
6.74  	 0.1638632513798062 
6.75  	 0.1663629014382539 
6.76  	 0.1672006775024104 
6.77  	 0.1663657631914913 
6.78  	 0.1638640909496972 
6.79  	 0.1597183065828875 
6.8  	 0.1539675660576896 
6.81  	 0.1466671663678146 
6.82  	 0.1378880139411482 
6.83  	 0.1277159356978667 
6.84  	 0.1162508394567885 
6.850000000000001  	 0.1036057319094588 
6.86  	 0.08990560382313556 
6.87  	 0.0752861934798717 
6.88  	 0.05989264059714439 
6.890000000000001  	 0.04387804409110782 
6.9  	 0.02740193802745734 
6.91  	 0.01062870094558471 
6.92  	 0.006274085569427212 
6.93  	 0.02313731266141664 
6.94  	 0.03979203755223265 
6.95  	 0.05607117749513968 
6.96  	 0.07181118733329483 
6.97  	 0.08685370380721524 
6.98  	 0.1010471400665756 
6.99  	 0.1142482143202761 
7  	 0.1263233971993217 
7.01  	 0.1371502632032512 
7.02  	 0.1466187325448984 
7.03  	 0.1546321907912994 
7.04  	 0.1611084749090923 
7.05  	 0.1659807156497418 
7.06  	 0.1691980276389953 
7.07  	 0.1707260400532351 
7.08  	 0.170547262356425 
7.09  	 0.1686612812202808 
7.100000000000001  	 0.1650847864398806 
7.11  	 0.159851425370803 
7.12  	 0.1530114871343408 
7.13  	 0.1446314195477144 
7.140000000000001  	 0.1347931834185505 
7.15  	 0.1235934504810208 
7.16  	 0.1111426528280552 
7.17  	 0.09756389319375125 
7.18  	 0.08299172684813477 
7.19  	 0.06757082716796098 
7.2  	 0.05145454812866185 
7.21  	 0.03480339801348065 
7.22  	 0.01778343954314078 
7.23  	 0.0005646323862304736 
7.24  	 0.01668086539255051 
7.25  	 0.03378041995771475 
7.26  	 0.0505626511518823 
7.27  	 0.06685915142942134 
7.28  	 0.08250617702167662 
7.29  	 0.09734629433891606 
7.3  	 0.1112299650442311 
7.31  	 0.1240170538302448 
7.32  	 0.1355782436875341 
7.33  	 0.1457963443638091 
7.34  	 0.1545674807688941 
7.350000000000001  	 0.1618021492697251 
7.36  	 0.1674261311315201 
7.37  	 0.1713812537826463 
7.38  	 0.1736259920967047 
7.390000000000001  	 0.1741359034819743 
7.4  	 0.1729038922285724 
7.41  	 0.1699403002716936 
7.42  	 0.1652728232675121 
7.43  	 0.1589462526295622 
7.44  	 0.1510220459201318 
7.45  	 0.1415777297154847 
7.46  	 0.1307061407490243 
7.47  	 0.1185145127647519 
7.48  	 0.1051234180692745 
7.49  	 0.09066557423779253 
7.5  	 0.07528452779319911 
7.51  	 0.05913322792402942 
7.52  	 0.04237250442402163 
7.53  	 0.0251694650114806 
7.54  	 0.007695828011621603 
7.55  	 0.009873792950428895 
7.56  	 0.02736363509877004 
7.57  	 0.04459854602446189 
7.58  	 0.06140573894521839 
7.59  	 0.07761652610566999 
7.600000000000001  	 0.0930680129174053 
7.61  	 0.1076047358139129 
7.62  	 0.1210802273430251 
7.63  	 0.1333584927317369 
7.640000000000001  	 0.1443153830307266 
7.65  	 0.1538398509675536 
7.66  	 0.1618350767998693 
7.67  	 0.1682194527510577 
7.68  	 0.1729274160172181 
7.69  	 0.1759101218430028 
7.7  	 0.177135949759249 
7.71  	 0.1765908377413048 
7.72  	 0.1742784407674728 
7.73  	 0.1702201120142067 
7.74  	 0.1644547067015075 
7.75  	 0.1570382103802413 
7.76  	 0.1480431952150919 
7.77  	 0.1375581095450313 
7.78  	 0.1256864076798142 
7.79  	 0.1125455284997681 
7.8  	 0.09826573294989782 
7.81  	 0.08298881194423324 
7.82  	 0.06686667750590164 
7.83  	 0.0500598511518944 
7.84  	 0.03273586457424618 
7.850000000000001  	 0.0150675885631542 
7.86  	 0.002768493148072371 
7.87  	 0.02059404786913641 
7.88  	 0.03823067812680297 
7.890000000000001  	 0.05550170816581923 
7.9  	 0.07223395487535472 
7.91  	 0.08825946537936369 
7.92  	 0.1034172038475645 
7.930000000000001  	 0.1175546705765033 
7.94  	 0.1305294370538554 
7.95  	 0.1422105815466942 
7.96  	 0.1524800107376694 
7.97  	 0.161233654062178 
7.98  	 0.1683825186638934 
7.99  	 0.1738535942722187 
8  	 0.1775905988002116 
8.01  	 0.1795545570498691 
8.02  	 0.179724206577752 
8.029999999999999  	 0.1780962265011929 
8.040000000000001  	 0.1746852867962851 
8.050000000000001  	 0.1695239174359567 
8.06  	 0.1626621985216026 
8.07  	 0.1541672743567741 
8.08  	 0.1441226961787485 
8.09  	 0.1326275999848551 
8.1  	 0.1197957275488466 
8.109999999999999  	 0.1057543003011606 
8.120000000000001  	 0.09064275722947307 
8.130000000000001  	 0.0746113693283158 
8.140000000000001  	 0.05781974437461151 
8.15  	 0.04043523691587772 
8.16  	 0.02263127932105362 
8.17  	 0.004585650547686664 
8.18  	 0.0135213000827369 
8.19  	 0.03150845634408497 
8.199999999999999  	 0.04919574775521118 
8.210000000000001  	 0.0664059532683221 
8.220000000000001  	 0.0829664779195522 
8.23  	 0.09871108462153044 
8.24  	 0.1134815637128573 
8.25  	 0.1271293234886507 
8.26  	 0.1395168857152259 
8.27  	 0.1505192710707287 
8.279999999999999  	 0.1600252605447479 
8.290000000000001  	 0.1679385200616725 
8.300000000000001  	 0.1741785769528691 
8.31  	 0.1786816383783549 
8.32  	 0.1814012433744452 
8.33  	 0.1823087418642402 
8.34  	 0.1813935956965421 
8.35  	 0.1786634985579754 
8.359999999999999  	 0.1741443134155218 
8.370000000000001  	 0.1678798279737893 
8.380000000000001  	 0.1599313304549997 
8.390000000000001  	 0.1503770098118736 
8.4  	 0.1393111862453251 
8.41  	 0.1268433796038819 
8.42  	 0.113097224871492 
8.43  	 0.09820924548928817 
8.44  	 0.08232749668948314 
8.449999999999999  	 0.06561009233059784 
8.460000000000001  	 0.04822362990071746 
8.470000000000001  	 0.0303415293865201 
8.48  	 0.01214230258026658 
8.49  	 0.006192229894061388 
8.5  	 0.02447875601733787 
8.51  	 0.04253430609882375 
8.52  	 0.06017808443388362 
8.529999999999999  	 0.07723328055074835 
8.540000000000001  	 0.09352884189233002 
8.550000000000001  	 0.1089011901521211 
8.56  	 0.1231958640350393 
8.57  	 0.1362690719387677 
8.58  	 0.1479891389413139 
8.59  	 0.1582378335286574 
8.6  	 0.1669115606902407 
8.609999999999999  	 0.1739224093392742 
8.620000000000001  	 0.1791990434656853 
8.630000000000001  	 0.182687427987176 
8.640000000000001  	 0.184351381913295 
8.65  	 0.1841729531621749 
8.66  	 0.1821526111517764 
8.67  	 0.1783092551101793 
8.68  	 0.1726800378937108 
8.69  	 0.1653200069495281 
8.700000000000001  	 0.1563015658917215 
8.710000000000001  	 0.1457137619590777 
8.720000000000001  	 0.1336614063703763 
8.73  	 0.1202640362709697 
8.74  	 0.1056547285572134 
8.75  	 0.0899787773556513 
8.76  	 0.07339224830697427 
8.77  	 0.05606042404771167 
8.779999999999999  	 0.03815615638161868 
8.790000000000001  	 0.0198581415774443 
8.800000000000001  	 0.00134913601065377 
8.81  	 0.01718587002476704 
8.82  	 0.03556150207784006 
8.83  	 0.05359385637041936 
8.84  	 0.07110234112819186 
8.85  	 0.087911485968444 
8.859999999999999  	 0.1038527012082375 
8.870000000000001  	 0.1187659694468671 
8.880000000000001  	 0.1325014524431102 
8.890000000000001  	 0.1449209971450598 
8.9  	 0.1558995257306484 
8.91  	 0.1653262956681557 
8.92  	 0.1731060170992593 
8.93  	 0.1791598162678325 
8.94  	 0.183426035252222 
8.950000000000001  	 0.1858608598920405 
8.960000000000001  	 0.1864387695156802 
8.970000000000001  	 0.1851528038552652 
8.98  	 0.1820146443635242 
8.99  	 0.1770545090036871 
9  	 0.1703208614507982 
9.01  	 0.161879937501586 
9.02  	 0.1518150933221267 
9.029999999999999  	 0.1402259819491994 
9.040000000000001  	 0.1272275661847252 
9.050000000000001  	 0.1129489776658338 
9.06  	 0.09753223343904188 
9.07  	 0.0811308228003898 
9.08  	 0.06390817847033703 
9.09  	 0.04603604733804981 
9.1  	 0.02769277702461241 
9.109999999999999  	 0.009061535367085359 
9.120000000000001  	 0.0096715193934368 
9.130000000000001  	 0.02831909943244312 
9.140000000000001  	 0.04669466056261062 
9.15  	 0.06461426911170021 
9.16  	 0.08189844376679623 
9.17  	 0.09837395393443604 
9.18  	 0.1138755565908797 
9.19  	 0.1282476542020919 
9.200000000000001  	 0.1413458570737657 
9.210000000000001  	 0.1530384344387998 
9.220000000000001  	 0.1632076396945871 
9.23  	 0.1717508964547727 
9.24  	 0.1785818334654979 
9.25  	 0.1836311579428239 
9.26  	 0.1868473584998859 
9.27  	 0.1881972305332278 
9.279999999999999  	 0.1876662187113344 
9.290000000000001  	 0.1852585730363384 
9.300000000000001  	 0.1809973168142492 
9.31  	 0.1749240267510894 
9.32  	 0.1670984272730851 
9.33  	 0.1575978030300836 
9.34  	 0.1465162353633634 
9.35  	 0.1339636702844019 
9.359999999999999  	 0.1200648272019238 
9.370000000000001  	 0.1049579592333491 
9.380000000000001  	 0.08879347742831306 
9.390000000000001  	 0.07173245260100419 
9.4  	 0.05394500969965477 
9.41  	 0.03560863072584111 
9.42  	 0.01690638313955282 
9.43  	 0.001974908559267456 
9.44  	 0.02084652980377902 
9.450000000000001  	 0.03951976282407241 
9.460000000000001  	 0.05780777452895236 
9.470000000000001  	 0.07552748651270735 
9.48  	 0.09250140846402988 
9.49  	 0.1085594166101755 
9.5  	 0.1235404593706285 
9.51  	 0.1372941731143565 
9.52  	 0.1496823918055127 
9.529999999999999  	 0.1605805353766567 
9.540000000000001  	 0.1698788628747762 
9.550000000000001  	 0.1774835777718279 
9.56  	 0.1833177743050843 
9.57  	 0.1873222152981431 
9.58  	 0.1894559335953068 
9.59  	 0.1896966510037956 
9.6  	 0.1880410104615937 
9.609999999999999  	 0.1845046190160996 
9.620000000000001  	 0.1791219010910436 
9.630000000000001  	 0.17194576341755 
9.640000000000001  	 0.1630470748910186 
9.65  	 0.1525139664690195 
9.66  	 0.1404509580292193 
9.67  	 0.1269779208413011 
9.68  	 0.1122288859561128 
9.69  	 0.0963507103624297 
9.700000000000001  	 0.07950161419040819 
9.710000000000001  	 0.06184960353776497 
9.720000000000001  	 0.04357079464652508 
9.73  	 0.0248476561519414 
9.74  	 0.005867186953634968 
9.75  	 0.01318095208885511 
9.76  	 0.03210633396376497 
9.77  	 0.05071966986142923 
9.779999999999999  	 0.06883470302472067 
9.790000000000001  	 0.0862700731415264 
9.800000000000001  	 0.1028511326112124 
9.81  	 0.1184116964904045 
9.82  	 0.1327957085789685 
9.83  	 0.1458588069380199 
9.84  	 0.1574697731312859 
9.85  	 0.1675118506373315 
9.859999999999999  	 0.1758839191830013 
9.870000000000001  	 0.1825015131845646 
9.880000000000001  	 0.1872976740376331 
9.890000000000001  	 0.1902236276550683 
9.9  	 0.1912492803972891 
9.91  	 0.1903635283533949 
9.92  	 0.1875743767972647 
9.93  	 0.1829088685408359 
9.94  	 0.1764128218185598 
9.950000000000001  	 0.1681503802431431 
9.960000000000001  	 0.1582033792542508 
9.970000000000001  	 0.1466705353201989 
9.98  	 0.1336664659284659 
9.99  	 0.119320550097782 
10  	 0.1037756407443774 
10.01  	 0.08718664172180801 
10.02  	 0.06971896371355268 
10.03  	 0.05154687437547809 
10.04  	 0.03285175918976277 
10.05  	 0.01382031039225639 
10.06  	 0.005357337938094953 
10.07  	 0.02448950999313845 
10.08  	 0.04338490455775951 
10.09  	 0.06185450837630724 
10.1  	 0.07971348742034745 
10.11  	 0.09678303712831038 
10.12  	 0.1128921730908429 
10.13  	 0.127879444243826 
10.14  	 0.1415945513990073 
10.15  	 0.1538998548832112 
10.16  	 0.1646717561593712 
10.17  	 0.1738019395579814 
10.18  	 0.1811984616416156 
10.19  	 0.1867866772446223 
10.2  	 0.1905099928601233 
10.21  	 0.1923304397700143 
10.22  	 0.192229061114247 
10.23  	 0.1902061089550595 
10.24  	 0.1862810492911144 
10.25  	 0.1804923748972996 
10.26  	 0.1728972277884482 
10.27  	 0.1635708350106566 
10.28  	 0.1526057633328443 
10.29  	 0.1401110002250963 
10.3  	 0.1262108702511522 
10.31  	 0.1110437976523282 
10.32  	 0.09476092744284415 
10.33  	 0.07752461875700661 
10.34  	 0.05950682547130892 
10.35  	 0.04088738025813793 
10.36  	 0.02185219919986105 
10.37  	 0.002591424892694063 
10.38  	 0.01670247340808267 
10.39  	 0.03583662361317855 
10.4  	 0.05461967936045514 
10.41  	 0.07286373402274327 
10.42  	 0.09038620101210115 
10.43  	 0.1070116415605016 
10.44  	 0.1225735216754322 
10.45  	 0.136915880671332 
10.46  	 0.1498948945558246 
10.47  	 0.16138031859552 
10.48  	 0.1712567945898931 
10.49  	 0.1794250097294476 
10.5  	 0.18580269539479 
10.51  	 0.1903254558504264 
10.52  	 0.1929474184850656 
10.53  	 0.1936416990326211 
10.54  	 0.1924006770566308 
10.55  	 0.1892360788772005 
10.56  	 0.1841788670448695 
10.57  	 0.1772789374005663 
10.58  	 0.168604626686086 
10.59  	 0.1582420355654464 
10.6  	 0.1462941737656777 
10.61  	 0.1328799358272957 
10.62  	 0.1181329176517194 
10.63  	 0.1022000856289062 
10.64  	 0.08524031160732481 
10.65  	 0.06742278831398968 
10.66  	 0.04892534103369697 
10.67  	 0.02993265239902686 
10.68  	 0.01063441801735746 
10.69  	 0.008776548641011503 
10.7  	 0.02810624315650617 
10.71  	 0.04716140961407511 
10.72  	 0.06575147320360064 
10.73  	 0.0836904466366088 
10.74  	 0.1007987913038233 
10.75  	 0.1169052145450796 
10.76  	 0.1318483850365063 
10.77  	 0.1454785491128148 
10.78  	 0.1576590318282826 
10.79  	 0.1682676077078002 
10.8  	 0.1771977274379365 
10.81  	 0.1843595881847819 
10.82  	 0.1896810367855695 
10.83  	 0.1931082967292256 
10.84  	 0.1946065116009474 
10.85  	 0.1941600994991932 
10.86  	 0.1917729148225695 
10.87  	 0.1874682157496762 
10.88  	 0.1812884376778389 
10.89  	 0.1732947748277049 
10.9  	 0.1635665741397716 
10.91  	 0.1522005474678251 
10.92  	 0.1393098098932837 
10.93  	 0.1250227537258287 
10.94  	 0.1094817694021606 
10.95  	 0.09284182602897356 
10.96  	 0.07526892572393384 
10.97  	 0.05693844717513485 
10.98  	 0.03803339495118568 
10.99  	 0.01874257204228587 
11  	 0.0007413061147289665 
11.01  	 0.0202235372841976 
11.02  	 0.0395093785064779 
11.03  	 0.05840599314447881 
11.04  	 0.07672437943125998 
11.05  	 0.09428126122738945 
11.06  	 0.1109009220694375 
11.07  	 0.1264169641528756 
11.08  	 0.1406739746378288 
11.09  	 0.1535290825886694 
11.1  	 0.1648533909471396 
11.11  	 0.1745332691842465 
11.12  	 0.1824714936657756 
11.13  	 0.1885882242854816 
11.14  	 0.1928218075543383 
11.15  	 0.1951293980674442 
11.16  	 0.1954873920840023 
11.17  	 0.1938916688333571 
11.18  	 0.1903576370816835 
11.19  	 0.1849200864408693 
11.2  	 0.1776328448536501 
11.21  	 0.1685682456277983 
11.22  	 0.1578164092979175 
11.23  	 0.1454843474462486 
11.24  	 0.1316948973966183 
11.25  	 0.1165854983893493 
11.26  	 0.1003068214327436 
11.27  	 0.08302126649356328 
11.28  	 0.06490134201897785 
11.29  	 0.04612794296305564 
11.3  	 0.02688854451022168 
11.31  	 0.007375329535425341 
11.32  	 0.01221673149207399 
11.33  	 0.03169182897354189 
11.34  	 0.05085527153856584 
11.35  	 0.06951543272580379 
11.36  	 0.08748566751853021 
11.37  	 0.1045861795637425 
11.38  	 0.1206458203916551 
11.39  	 0.1355038026275353 
11.4  	 0.1490113100441848 
11.41  	 0.1610329883298781 
11.42  	 0.1714483016359454 
11.43  	 0.1801527413065845 
11.44  	 0.1870588746682017 
11.45  	 0.192097223352258 
11.46  	 0.1952169623274569 
11.47  	 0.1963864326078916 
11.48  	 0.1955934624654321 
11.49  	 0.192845493888078 
11.5  	 0.1881695129728786 
11.51  	 0.1816117849022211 
11.52  	 0.1732373961065805 
11.53  	 0.163129608145505 
11.54  	 0.1513890297223772 
11.55  	 0.1381326150686908 
11.56  	 0.1234924986716676 
11.57  	 0.1076146779577256 
11.58  	 0.09065755706776457 
11.59  	 0.0727903662517711 
11.6  	 0.05419147265768279 
11.61  	 0.03504659937910332 
11.62  	 0.01554697054732233 
11.63  	 0.004112599003095033 
11.64  	 0.02373565040712539 
11.65  	 0.04312604432570938 
11.66  	 0.06208992175678862 
11.67  	 0.08043764249559154 
11.68  	 0.09798568185779322 
11.69  	 0.1145584666919461 
11.7  	 0.1299901323108554 
11.71  	 0.1441261827579268 
11.72  	 0.1568250377870432 
11.73  	 0.1679594510642709 
11.74  	 0.1774177853832708 
11.75  	 0.1851051321132211 
11.76  	 0.1909442636528913 
11.77  	 0.194876409331605 
11.78  	 0.1968618469612621 
11.79  	 0.1968803040851457 
11.8  	 0.1949311648707727 
11.81  	 0.1910334805365561 
11.82  	 0.1852257831659394 
11.83  	 0.1775657047286359 
11.84  	 0.1681294050765375 
11.85  	 0.1570108145927195 
11.86  	 0.1443206990264718 
11.87  	 0.1301855558265433 
11.88  	 0.1147463529715969 
11.89  	 0.09815712287426082 
11.9  	 0.08058342538611402 
11.91  	 0.06220069524334548 
11.92  	 0.04319249045096912 
11.93  	 0.02374865909734068 
11.94  	 0.004063442910120608 
11.95  	 0.0156664634994462 
11.96  	 0.03524387830991341 
11.97  	 0.05447310343332751 
11.98  	 0.07316188102614202 
11.99  	 0.09112331600375478 
12  	 0.108177745331417 
12.01  	 0.124154535392871 
12.02  	 0.1388937894530529 
12.03  	 0.1522479481268325 
12.04  	 0.164083266832202 
12.05  	 0.174281155432772 
12.06  	 0.1827393666500513 
12.07  	 0.1893730213347976 
12.08  	 0.1941154603158223 
12.09  	 0.1969189142766028 
12.1  	 0.1977549849276239 
12.11  	 0.1966149326278526 
12.12  	 0.1935097675429666 
12.13  	 0.1884701433915466 
12.14  	 0.1815460548041489 
12.15  	 0.1728063412836065 
12.16  	 0.1623380026892478 
12.17  	 0.15024533305289 
12.18  	 0.1366488813519982 
12.19  	 0.1216842495972225 
12.2  	 0.105500740219643 
12.21  	 0.08825986625205673 
12.22  	 0.07013373917317678 
12.23  	 0.05130335050864937 
12.24  	 0.03195676434862021 
12.25  	 0.01228723883510477 
12.26  	 0.007508704614521175 
12.27  	 0.02723324505526081 
12.28  	 0.0466892391079996 
12.29  	 0.06568219163648953 
12.3  	 0.08402220030561669 
12.31  	 0.1015258545773563 
12.32  	 0.1180180701520286 
12.33  	 0.1333338405048539 
12.34  	 0.1473198879936722 
12.35  	 0.1598361980143352 
12.36  	 0.1707574208467092 
12.37  	 0.1799741271545606 
12.38  	 0.1873939045630221 
12.39  	 0.1929422843239411 
12.4  	 0.1965634887765704 
12.41  	 0.1982209921006148 
12.42  	 0.1978978887242246 
12.43  	 0.1955970656713968 
12.44  	 0.1913411770927304 
12.45  	 0.1851724212007784 
12.46  	 0.177152121806635 
12.47  	 0.1673601186083996 
12.48  	 0.1558939722944511 
12.49  	 0.1428679923770548 
12.5  	 0.128412097445311 
12.51  	 0.1126705192031061 
12.52  	 0.09580036322157065 
12.53  	 0.07797004076992714 
12.54  	 0.05935758737964031 
12.55  	 0.04014888493217592 
12.56  	 0.02053580502694304 
12.57  	 0.0007142921766032165 
12.58  	 0.01911759401882093 
12.59  	 0.03876165815477869 
12.6  	 0.05802154997974213 
12.61  	 0.07670472722539806 
12.62  	 0.09462438068587997 
12.63  	 0.1116013022964598 
12.64  	 0.1274656775287211 
12.65  	 0.1420587841737087 
12.66  	 0.1552345805167308 
12.67  	 0.1668611670111253 
12.68  	 0.1768221068203382 
12.69  	 0.1850175920061493 
12.7  	 0.19136544368216 
12.71  	 0.1958019361094607 
12.72  	 0.1982824364698852 
12.73  	 0.1987818538938396 
12.74  	 0.1972948932252574 
12.75  	 0.1938361109577172 
12.76  	 0.1884397727529155 
12.77  	 0.1811595139361131 
12.78  	 0.1720678063329414 
12.79  	 0.1612552367482636 
12.8  	 0.1488296042717889 
12.81  	 0.134914845406785 
12.82  	 0.1196497977411917 
12.83  	 0.1031868144957343 
12.84  	 0.08569024377603496 
12.85  	 0.06733478771067936 
12.86  	 0.04830375785923777 
12.87  	 0.02878724431436191 
12.88  	 0.008980216786609766 
12.89  	 0.01091942335608402 
12.9  	 0.03071282063042971 
12.91  	 0.05020215279801304 
12.92  	 0.06919260818012857 
12.93  	 0.08749433316103289 
12.94  	 0.1049243304089011 
12.95  	 0.1213082888331786 
12.96  	 0.1364823269776531 
12.97  	 0.1502946324106196 
12.98  	 0.1626069807108653 
12.99  	 0.1732961188500909 
13  	 0.1822549991251281 
13.01  	 0.1893938512858053 
13.02  	 0.194641082119917 
13.03  	 0.1979439934800823 
13.04  	 0.1992693115509599 
13.05  	 0.198603522041119 
13.06  	 0.1959530079232599 
13.07  	 0.1913439883196355 
13.08  	 0.1848222591171883 
13.09  	 0.1764527378787957 
13.1  	 0.1663188175738332 
13.11  	 0.1545215355625194 
13.12  	 0.1411785661164332 
13.13  	 0.1264230465222256 
13.14  	 0.1104022484808284 
13.15  	 0.09327610806165965 
13.16  	 0.07521562888757466 
13.17  	 0.056401174494942 
13.18  	 0.0370206669231917 
13.19  	 0.01726770952743733 
13.2  	 0.00266034723192534 
13.21  	 0.02256437769734604 
13.22  	 0.04224547091467062 
13.23  	 0.06150691863850272 
13.24  	 0.08015618157203824 
13.25  	 0.09800681418517987 
13.26  	 0.1148803288669605 
13.27  	 0.1306079807721382 
13.28  	 0.1450324555122797 
13.29  	 0.1580094428107442 
13.3  	 0.1694090803783951 
13.31  	 0.1791172535628754 
13.32  	 0.1870367377634898 
13.33  	 0.1930881721742379 
13.34  	 0.1972108551020626 
13.35  	 0.1993633528895513 
13.36  	 0.1995239163337573 
13.37  	 0.1976907004160168 
13.38  	 0.1938817851232794 
13.39  	 0.1881349971294435 
13.4  	 0.1805075340955228 
13.41  	 0.1710753953207286 
13.42  	 0.1599326244125217 
13.43  	 0.147190371523339 
13.44  	 0.1329757845059343 
13.45  	 0.1174307400507785 
13.46  	 0.1007104274690261 
13.47  	 0.08298179925934207 
13.48  	 0.06442190393015274 
13.49  	 0.04521611772680326 
13.5  	 0.02555629292627749 
13.51  	 0.005638841197545201 
13.52  	 0.01433722882313418 
13.53  	 0.03417230013285835 
13.54  	 0.05366814226597694 
13.55  	 0.07262989256275654 
13.56  	 0.0908680039994163 
13.57  	 0.1082001401072193 
13.58  	 0.1244529980356066 
13.59  	 0.1394640415304834 
13.6  	 0.1530831264967741 
13.61  	 0.1651740028869216 
13.62  	 0.1756156778906051 
13.63  	 0.1843036267862292 
13.64  	 0.1911508393354944 
13.65  	 0.1960886912453347 
13.66  	 0.1990676319683968 
13.67  	 0.200057681948321 
13.68  	 0.1990487343198887 
13.69  	 0.1960506580280573 
13.7  	 0.1910932013144822 
13.71  	 0.1842256965152685 
13.72  	 0.1755165690997037 
13.73  	 0.1650526558368207 
13.74  	 0.1529383388845544 
13.75  	 0.1392945044371583 
13.76  	 0.124257336320753 
13.77  	 0.1079769565776877 
13.78  	 0.09061592661096546 
13.79  	 0.07234762385486176 
13.8  	 0.05335451018400378 
13.81  	 0.03382630935597805 
13.82  	 0.01395811169432746 
13.83  	 0.006051575052668484 
13.84  	 0.02600280920222928 
13.85  	 0.04569621315532757 
13.86  	 0.06493496597581339 
13.87  	 0.08352677061465874 
13.88  	 0.1012857761158343 
13.89  	 0.1180344355876388 
13.9  	 0.1336052813643966 
13.91  	 0.1478425996084132 
13.92  	 0.1606039876060013 
13.93  	 0.1717617781820434 
13.94  	 0.1812043169843272 
13.95  	 0.1888370798577588 
13.96  	 0.1945836191261413 
13.97  	 0.1983863293076753 
13.98  	 0.200207024594362 
13.99  	 0.200027322306261 
14  	 0.1978488284700013 
14.01  	 0.1936931236484536 
14.02  	 0.1876015491446635 
14.03  	 0.1796347956983678 
14.04  	 0.1698722987675296 
14.05  	 0.158411446421086 
14.06  	 0.145366607742079 
14.07  	 0.1308679914354156 
14.08  	 0.1150603460321771 
14.09  	 0.09810151466651201 
14.1  	 0.0801608588562705 
14.11  	 0.06141756702825307 
14.12  	 0.04205886468310116 
14.13  	 0.02227814407873799 
14.14  	 0.002273032117953794 
14.15  	 0.01775658425600798 
14.16  	 0.03761055542467129 
14.17  	 0.05709046926054395 
14.18  	 0.07600163410458066 
14.19  	 0.09415502473542192 
14.2  	 0.1113691718785639 
14.21  	 0.1274719763671373 
14.22  	 0.1423024298166528 
14.23  	 0.1557122246089724 
14.24  	 0.1675672370861809 
14.25  	 0.1777488691201177 
14.26  	 0.1861552346380028 
14.27  	 0.1927021792328775 
14.28  	 0.197324122654826 
14.29  	 0.1999747157483125 
14.3  	 0.2006273052546703 
14.31  	 0.1992752018186709 
14.32  	 0.1959317485043698 
14.33  	 0.1906301891191131 
14.34  	 0.1834233376451957 
14.35  	 0.174383052066758 
14.36  	 0.1635995178343926 
14.37  	 0.1511803481132007 
14.38  	 0.13724950979142 
14.39  	 0.1219460859693092 
14.4  	 0.1054228872824198 
14.41  	 0.08784492592578769 
14.42  	 0.06938776761849758 
14.43  	 0.05023577796930176 
14.44  	 0.03058028076043927 
14.45  	 0.01061764654904487 
14.46  	 0.009452669317541129 
14.47  	 0.02943011966845285 
14.48  	 0.04911506954268258 
14.49  	 0.06831079126255407 
14.5  	 0.08682543060771969 
14.51  	 0.1044739244380163 
14.52  	 0.1210798505970503 
14.53  	 0.1364771916037341 
14.54  	 0.1505119944993585 
14.55  	 0.1630439102538576 
14.56  	 0.1739475973381107 
14.57  	 0.1831139754247713 
14.58  	 0.1904513166773381 
14.59  	 0.1958861637093176 
14.6  	 0.1993640650266234 
14.61  	 0.2008501205900851 
14.62  	 0.2003293320317386 
14.63  	 0.197806754010644 
14.64  	 0.1933074451811245 
14.65  	 0.1868762192488153 
14.66  	 0.1785771985879221 
14.67  	 0.1684931748664451 
14.68  	 0.1567247830552133 
14.69  	 0.1433894970619426 
14.7  	 0.1286204570151577 
14.71  	 0.1125651399054122 
14.72  	 0.09538388685798649 
14.73  	 0.07724830174511693 
14.74  	 0.05833953713196433 
14.75  	 0.03884648467840393 
14.76  	 0.01896388807428788 
14.77  	 0.001109602638576707 
14.78  	 0.0211734159174119 
14.79  	 0.04102706290947308 
14.8  	 0.06047214095490377 
14.81  	 0.07931431637977759 
14.82  	 0.09736526676228985 
14.83  	 0.114444563259318 
14.84  	 0.1303814741782512 
14.85  	 0.1450166717643399 
14.86  	 0.1582038251406714 
14.87  	 0.1698110634736805 
14.88  	 0.1797222947335844 
14.89  	 0.1878383668608481 
14.9  	 0.19407805972443 
14.91  	 0.1983788979472857 
14.92  	 0.200697776464502 
14.93  	 0.2010113925503008 
14.94  	 0.1993164799838489 
14.95  	 0.1956298430009329 
14.96  	 0.1899881896792696 
14.97  	 0.182447766409555 
14.98  	 0.1730837970925433 
14.99  	 0.1619897326538694 
15  	 0.1492763183646151 
15.01  	 0.1350704882767043 
15.02  	 0.119514097810609 
15.03  	 0.1027625071510088 
15.04  	 0.08498302959763276 
15.05  	 0.06635326036949446 
15.06  	 0.0470593025555425 
15.07  	 0.02729390793449993 
15.08  	 0.007254551238040911 
15.09  	 0.01285854290230276 
15.1  	 0.03284440060951349 
15.11  	 0.05250330702570899 
15.12  	 0.07163880211770679 
15.13  	 0.09005964407831185 
15.14  	 0.1075817206999944 
15.15  	 0.1240298896173584 
15.16  	 0.1392397290235846 
15.17  	 0.1530591813601945 
15.18  	 0.1653500735478204 
15.19  	 0.1759894985586374 
15.2  	 0.1848710445155712 
15.21  	 0.1919058590269045 
15.22  	 0.1970235381102389 
15.23  	 0.2001728308123136 
15.24  	 0.201322152472689 
15.25  	 0.2004599014909199 
15.26  	 0.1975945764204384 
15.27  	 0.1927546922075448 
15.28  	 0.185988496401096 
15.29  	 0.1773634881574443 
15.3  	 0.1669657448363182 
15.31  	 0.1548990629060688 
15.32  	 0.1412839217331295 
15.33  	 0.1262562806008248 
15.34  	 0.1099662209697536 
15.35  	 0.09257644753966721 
15.36  	 0.07426066308378393 
15.37  	 0.05520183328954326 
15.38  	 0.03559035893924867 
15.39  	 0.01562217369170202 
15.4  	 0.004503213530551359 
15.41  	 0.02458471198820292 
15.42  	 0.04442165848763013 
15.43  	 0.06381582257973195 
15.44  	 0.08257338755681992 
15.45  	 0.1005068874494663 
15.46  	 0.1174370806647943 
15.47  	 0.1331947415390485 
15.48  	 0.1476223518967081 
15.49  	 0.1605756757073471 
15.5  	 0.1719252010980278 
15.51  	 0.1815574353042445 
15.52  	 0.1893760396111563 
15.53  	 0.1953027929352283 
15.54  	 0.1992783744083058 
15.55  	 0.2012629571342794 
15.56  	 0.2012366071753546 
15.57  	 0.1991994837707671 
15.58  	 0.1951718387771029 
15.59  	 0.1891938153255932 
15.6  	 0.181325047698401 
15.61  	 0.1716440664122492 
15.62  	 0.1602475144446819 
15.63  	 0.1472491824260158 
15.64  	 0.132778872429079 
15.65  	 0.1169811017026587 
15.66  	 0.100013659294321 
15.67  	 0.08204602997910188 
15.68  	 0.0632577012373185 
15.69  	 0.04383637019403863 
15.7  	 0.02397606843382891 
15.71  	 0.003875223425036583 
15.72  	 0.01626532407703191 
15.73  	 0.03624432683780618 
15.74  	 0.05586214210971391 
15.75  	 0.07492272666123262 
15.76  	 0.09323559593186781 
15.77  	 0.1106177277335546 
15.78  	 0.1268953914722316 
15.79  	 0.1419058846068855 
15.8  	 0.155499158989052 
15.81  	 0.1675393208261693 
15.82  	 0.1779059892735373 
15.83  	 0.186495500072167 
15.84  	 0.1932219421975576 
15.85  	 0.1980180171524436 
15.86  	 0.2008357123087944 
15.87  	 0.2016467815618094 
15.88  	 0.2004430284840901 
15.89  	 0.1972363891416009 
15.9  	 0.1920588137348023 
15.91  	 0.1849619482387285 
15.92  	 0.1760166192144373 
15.93  	 0.1653121269313333 
15.94  	 0.15295535385554 
15.95  	 0.1390696974052059 
15.96  	 0.1237938376295796 
15.97  	 0.1072803521191648 
15.98  	 0.08969419198156725 
15.99  	 0.07121103410594137 
16  	 0.05201552617660507 
16.01  	 0.03229944196842686 
16.02  	 0.01225976535381043 
16.03  	 0.00790327783493068 
16.04  	 0.02798822042393267 
16.05  	 0.0477943670048025 
16.06  	 0.06712379941594165 
16.07  	 0.08578335455583586 
16.08  	 0.1035865547643747 
16.09  	 0.1203554714798154 
16.1  	 0.1359225035452817 
16.11  	 0.1501320523914632 
16.12  	 0.162842077351112 
16.13  	 0.1739255155587377 
16.14  	 0.1832715522408359 
16.15  	 0.1907867286974364 
16.16  	 0.1963958768958424 
16.17  	 0.200042871330932 
16.18  	 0.2016911906312191 
16.19  	 0.2013242832910819 
16.2  	 0.1989457338667243 
16.21  	 0.194579227967113 
16.22  	 0.1882683163817204 
16.23  	 0.1800759806943408 
16.24  	 0.1700840047155174 
16.25  	 0.1583921580074634 
16.26  	 0.1451171996528925 
16.27  	 0.1303917122153717 
16.28  	 0.1143627775374811 
16.29  	 0.09719050760184128 
16.3  	 0.07904644513149894 
16.31  	 0.06011184990557927 
16.32  	 0.04057588791157685 
16.33  	 0.02063374142484735 
16.34  	 0.0004846588981062272 
16.35  	 0.01967003585422253 
16.36  	 0.039628955285263 
16.37  	 0.05919266045729177 
16.38  	 0.07816565398737535 
16.39  	 0.09635833368083557 
16.4  	 0.1135888873301443 
16.41  	 0.1296851097416676 
16.42  	 0.1444861238314994 
16.43  	 0.1578439885880997 
16.44  	 0.1696251778296755 
16.45  	 0.1797119149752794 
16.46  	 0.1880033504862088 
16.47  	 0.1944165702064743 
16.48  	 0.1988874245200719 
16.49  	 0.2013711700335384 
16.5  	 0.2018429173646397 
16.51  	 0.2002978805560126 
16.52  	 0.1967514256143225 
16.53  	 0.1912389176829585 
16.54  	 0.1838153683681445 
16.55  	 0.1745548867360178 
16.56  	 0.1635499394592889 
16.57  	 0.1509104275005483 
16.58  	 0.1367625885517619 
16.59  	 0.1212477361916071 
16.6  	 0.1045208483543821 
16.61  	 0.08674901920981892 
16.62  	 0.06810978991922356 
16.63  	 0.0487893749436086 
16.64  	 0.02898080162468088 
16.65  	 0.008881981625044243 
16.66  	 0.01130626650200843 
16.67  	 0.03138222385622788 
16.68  	 0.05114528679766306 
16.69  	 0.07039797147642474 
16.7  	 0.08894788725474034 
16.71  	 0.1066096593003018 
16.72  	 0.1232067811379627 
16.73  	 0.1385733786452517 
16.74  	 0.1525558678629483 
16.75  	 0.1650144900505514 
16.76  	 0.1758247086441139 
16.77  	 0.1848784541531046 
16.78  	 0.1920852045510257 
16.79  	 0.19737289035959 
16.8  	 0.2006886153760884 
16.81  	 0.2019991858368336 
16.82  	 0.2012914427225855 
16.83  	 0.1985723938794861 
16.84  	 0.1938691446289036 
16.85  	 0.1872286275534277 
16.86  	 0.1787171341528296 
16.87  	 0.1684196530438899 
16.88  	 0.1564390213110706 
16.89  	 0.1428948974828133 
16.9  	 0.1279225663898648 
16.91  	 0.1116715878438554 
16.92  	 0.09430430263375439 
16.93  	 0.07599421076497287 
16.94  	 0.05692423814294442 
16.95  	 0.03728490901749454 
16.96  	 0.01727244244739617 
16.97  	 0.002913208196465233 
16.98  	 0.02307035310015465 
16.99  	 0.04299758128657694 
17  	 0.06249577316788019 
17.01  	 0.08137009026051201 
17.02  	 0.09943192218064845 
17.03  	 0.1165007714621885 
17.04  	 0.1324060573631796 
17.05  	 0.1469888206323421 
17.06  	 0.1601033121995508 
17.07  	 0.1716184499108233 
17.08  	 0.1814191287486294 
17.09  	 0.1894073714407081 
17.1  	 0.1955033079554911 
17.11  	 0.1996459740920359 
17.12  	 0.2017939211793717 
17.13  	 0.2019256307877245 
17.14  	 0.2000397303022319 
17.15  	 0.1961550071995486 
17.16  	 0.1903102218791456 
17.17  	 0.1825637209141666 
17.18  	 0.1729928545806454 
17.19  	 0.1616932044804951 
17.2  	 0.148777628970624 
17.21  	 0.1343751359319687 
17.22  	 0.1186295941373104 
17.23  	 0.101698296090569 
17.24  	 0.08375038669339019 
17.25  	 0.06496517343778258 
17.26  	 0.04553033500649875 
17.27  	 0.02564004617822803 
17.28  	 0.005493037773418556 
17.29  	 0.01470938897692915 
17.3  	 0.03476537379774458 
17.31  	 0.05447451437577638 
17.32  	 0.07363986884877471 
17.33  	 0.09206992376916268 
17.34  	 0.1095805078762481 
17.35  	 0.1259966325523253 
17.36  	 0.1411542405707998 
17.37  	 0.1549018456595158 
17.38  	 0.1671020464937243 
17.39  	 0.1776328999868033 
17.4  	 0.1863891401534927 
17.41  	 0.193283230361771 
17.42  	 0.1982462384552068 
17.43  	 0.2012285259969412 
17.44  	 0.2022002447432421 
17.45  	 0.2011516353812886 
17.46  	 0.198093125541111 
17.47  	 0.1930552260974355 
17.48  	 0.1860882267928751 
17.49  	 0.1772616942187547 
17.5  	 0.1666637771654549 
17.51  	 0.1544003262787744 
17.52  	 0.1405938368141058 
17.53  	 0.125382225049405 
17.54  	 0.108917450578344 
17.55  	 0.091363998247742 
17.56  	 0.07289723490354311 
17.57  	 0.05370165736359928 
17.58  	 0.03396904912051671 
17.59  	 0.01389656419156852 
17.6  	 0.006315242739041715 
17.61  	 0.02646442020395939 
17.62  	 0.04634963783946594 
17.63  	 0.06577219811266499 
17.64  	 0.08453802178656478 
17.65  	 0.102459587284237 
17.66  	 0.1193578045711801 
17.67  	 0.1350638048306494 
17.68  	 0.1494206280475273 
17.69  	 0.1622847916347061 
17.7  	 0.1735277244261111 
17.71  	 0.1830370517040506 
17.72  	 0.1907177184175118 
17.73  	 0.1964929393641049 
17.74  	 0.2003049668378251 
17.75  	 0.2021156680676622 
17.76  	 0.2019069066733277 
17.77  	 0.1996807243221499 
17.78  	 0.1954593207676978 
17.79  	 0.1892848324651542 
17.8  	 0.1812189119715297 
17.81  	 0.1713421123287733 
17.82  	 0.1597530825775342 
17.83  	 0.1465675824357895 
17.84  	 0.1319173259842025 
17.85  	 0.1159486659090013 
17.86  	 0.09882113144601179 
17.87  	 0.0807058346322968 
17.88  	 0.06178376078746073 
17.89  	 0.04224396030471095 
17.9  	 0.02228165981659563 
17.91  	 0.002096311608543063 
17.92  	 0.01811039923087324 
17.93  	 0.03813657001139353 
17.94  	 0.0577820978571767 
17.95  	 0.07685067918029598 
17.96  	 0.09515177123147422 
17.97  	 0.1125024961274638 
17.98  	 0.1287294683279451 
17.99  	 0.143670527300882 
18  	 0.1571763580602865 
18.01  	 0.1691119833819968 
18.02  	 0.1793581127847201 
18.03  	 0.1878123347934378 
18.04  	 0.1943901405697706 
18.05  	 0.1990257686768779 
18.06  	 0.2016728625350837 
18.07  	 0.2023049339946982 
18.08  	 0.2009156283905505 
18.09  	 0.197518788425789 
18.1  	 0.1921483162428891 
18.11  	 0.1848578350561894 
18.12  	 0.1757201537232507 
18.13  	 0.1648265396013125 
18.14  	 0.1522858069513281 
18.15  	 0.1382232299943397 
18.16  	 0.122779291478504 
18.17  	 0.106108279258037 
18.18  	 0.08837674490395403 
18.19  	 0.06976183974686567 
18.2  	 0.05044954497518955 
18.21  	 0.03063281347250482 
18.22  	 0.01050964195912633 
18.23  	 0.009718907299276908 
18.24  	 0.02985071545068163 
18.25  	 0.04968462660885986 
18.26  	 0.06902245781976735 
18.27  	 0.08767097935867491 
18.28  	 0.1054438455687678 
18.29  	 0.1221634569487827 
18.3  	 0.1376627348806203 
18.31  	 0.1517867912636198 
18.32  	 0.1643944763691452 
18.33  	 0.1753597894479374 
18.34  	 0.1845731379924894 
18.35  	 0.1919424330690765 
18.36  	 0.1973940097722047 
18.37  	 0.2008733636009695 
18.38  	 0.2023456953963439 
18.39  	 0.201796259391005 
18.4  	 0.199230510890695 
18.41  	 0.1946740521080036 
18.42  	 0.1881723766865739 
18.43  	 0.1797904154648386 
18.44  	 0.1696118880151248 
18.45  	 0.1577384664340693 
18.46  	 0.1442887597369461 
18.47  	 0.1293971290007845 
18.48  	 0.1132123450931829 
18.49  	 0.09589610239551238 
18.5  	 0.07762140337008866 
18.51  	 0.05857083011044367 
18.52  	 0.03893472014310725 
18.53  	 0.01890926470825487 
18.54  	 0.001305451481539689 
18.55  	 0.02150744941671995 
18.56  	 0.04149487392677667 
18.57  	 0.06106801061020362 
18.58  	 0.08003128140619298 
18.59  	 0.09819519886735562 
18.6  	 0.1153782596053843 
18.61  	 0.1314087579897539 
18.62  	 0.1461265019751979 
18.63  	 0.1593844139120644 
18.64  	 0.1710500003419405 
18.65  	 0.1810066760909691 
18.66  	 0.1891549294274044 
18.67  	 0.1954133166391132 
18.68  	 0.1997192760906357 
18.69  	 0.2020297536225748 
18.7  	 0.2023216330418378 
18.71  	 0.2005919673981259 
18.72  	 0.1968580087328115 
18.73  	 0.1911570360000614 
18.74  	 0.1835459828764264 
18.75  	 0.1741008691751239 
18.76  	 0.1629160415434749 
18.77  	 0.1501032310272865 
18.78  	 0.1357904369171734 
18.79  	 0.1201206480259223 
18.8  	 0.1032504141728013 
18.81  	 0.08534828214516005 
18.82  	 0.06659311176456723 
18.83  	 0.04717228888078298 
18.84  	 0.0272798531482817 
18.85  	 0.007114559291697316 
18.86  	 0.01312210876936659 
18.87  	 0.03322795109345048 
18.88  	 0.05300207207332319 
18.89  	 0.07224688778703831 
18.9  	 0.09077010028737326 
18.91  	 0.1083866191008424 
18.92  	 0.1249204107364597 
18.93  	 0.1402062577233275 
18.94  	 0.1540914095984567 
18.95  	 0.1664371093475846 
18.96  	 0.177119980044545 
18.97  	 0.1860332578322271 
18.98  	 0.1930878589227905 
18.99  	 0.1982132699539181 
19  	 0.2013582528017585 
19.01  	 0.2024913568059374 
19.02  	 0.2016012332858619 
19.03  	 0.1986967492029911 
19.04  	 0.1938068988307351 
19.05  	 0.1869805143120825 
19.06  	 0.1782857779941347 
19.07  	 0.1678095414101335 
19.08  	 0.1556564577108864 
19.09  	 0.141947936212021 
19.1  	 0.1268209295011661 
19.11  	 0.1104265652217931 
19.12  	 0.09292863620324998 
19.13  	 0.07450196402152359 
19.14  	 0.05533065234101306 
19.15  	 0.03560624748749427 
19.16  	 0.01552582463176706 
19.17  	 0.004709981294568191 
19.18  	 0.02489898027738713 
19.19  	 0.04483944746086616 
19.2  	 0.06433213876595456 
19.21  	 0.08318228174575737 
19.22  	 0.1012015217853023 
19.23  	 0.1182098041981667 
19.24  	 0.1340371734143131 
19.25  	 0.1485254712795895 
19.26  	 0.1615299174968573 
19.27  	 0.1729205564158994 
19.28  	 0.182583555713317 
19.29  	 0.1904223439853291 
19.3  	 0.1963585758838143 
19.31  	 0.2003329151507366 
19.32  	 0.2023056277241472 
19.33  	 0.2022569789876429 
19.34  	 0.2001874311914829 
19.35  	 0.1961176390705015 
19.36  	 0.1900882437002408 
19.37  	 0.1821594666487771 
19.38  	 0.1724105084770818 
19.39  	 0.1609387575961355 
19.4  	 0.1478588173831576 
19.41  	 0.1333013612764894 
19.42  	 0.1174118272868631 
19.43  	 0.1003489649671356 
19.44  	 0.08228324935839393 
19.45  	 0.06339517775786196 
19.46  	 0.04387346632643463 
19.47  	 0.02391316455379493 
19.48  	 0.003713706421021604 
19.49  	 0.01652308226843821 
19.5  	 0.03659500047805453 
19.51  	 0.05630149229889553 
19.52  	 0.07544565089495814 
19.53  	 0.09383618600827648 
19.54  	 0.1112893353658883 
19.55  	 0.1276307008877062 
19.56  	 0.1426969913487884 
19.57  	 0.1563376540810518 
19.58  	 0.1684163794103576 
19.59  	 0.1788124627949572 
19.6  	 0.1874220110533289 
19.61  	 0.1941589806275076 
19.62  	 0.1989560375056487 
19.63  	 0.2017652302098067 
19.64  	 0.202558469122439 
19.65  	 0.2013278073603868 
19.66  	 0.1980855203876475 
19.67  	 0.1928639835695815 
19.68  	 0.1857153488897251 
19.69  	 0.1767110240576808 
19.7  	 0.165940959210548 
19.71  	 0.1535127483333495 
19.72  	 0.1395505543749526 
19.73  	 0.1241938687983205 
19.74  	 0.1075961179571355 
19.75  	 0.08992313022309734 
19.76  	 0.07135147917855644 
19.77  	 0.05206671942736985 
19.78  	 0.03226153265186575 
19.79  	 0.01213380243785821 
19.8  	 0.008115362895058528 
19.81  	 0.02828363970446776 
19.82  	 0.04816951059818797 
19.83  	 0.06757427797131965 
19.84  	 0.08630404938765385 
19.85  	 0.1041716749672117 
19.86  	 0.1209986174217664 
19.87  	 0.1366167360520542 
19.88  	 0.1508699668806308 
19.89  	 0.163615882131199 
19.9  	 0.174727113471896 
19.91  	 0.1840926247994941 
19.92  	 0.1916188218460624 
19.93  	 0.1972304875196083 
19.94  	 0.2008715336307911 
19.95  	 0.2025055614932971 
19.96  	 0.2021162257944281 
19.97  	 0.1997073980984125 
19.98  	 0.1953031283469784 
19.99  	 0.1889474047399039 
20  	 0.1807037143931307 
20.01  	 0.1706544091625585 
20.02  	 0.1588998829680233 
20.03  	 0.1455575688365959 
20.04  	 0.1307607656841019 
20.05  	 0.114657306557137 
20.06  	 0.09740808163976294 
20.07  	 0.07918543078275075 
20.08  	 0.06017142161502886 
20.09  	 0.0405560304415854 
20.1  	 0.0205352441035053 
20.11  	 0.0003091017649438504 
20.12  	 0.01992030380680174 
20.13  	 0.0399508454978442 
20.14  	 0.05958238146423378 
20.15  	 0.0786187549298083 
20.16  	 0.09686975418224308 
20.17  	 0.1141530131834892 
20.18  	 0.1302958338038595 
20.19  	 0.1451369114705068 
20.2  	 0.1585279469880081 
20.21  	 0.1703351284244444 
20.22  	 0.1804404682553529 
20.23  	 0.1887429824034527 
20.24  	 0.1951596993925891 
20.25  	 0.1996264895305649 
20.26  	 0.2020987058346863 
20.27  	 0.2025516302944251 
20.28  	 0.2009807210104776 
20.29  	 0.1974016577393637 
20.3  	 0.1918501853869192 
20.31  	 0.1843817570126709 
20.32  	 0.1750709799108598 
20.33  	 0.1640108703009913 
20.34  	 0.1513119240734975 
20.35  	 0.1371010128742645 
20.36  	 0.1215201165565137 
20.37  	 0.1047249046642093 
20.38  	 0.08688318111918042 
20.39  	 0.06817320765194729 
20.4  	 0.04878192272636531 
20.41  	 0.02890307375462819 
20.42  	 0.008735281264176012 
20.43  	 0.01151994564200434 
20.44  	 0.03166022270159571 
20.45  	 0.05148431266925552 
20.46  	 0.07079413604712903 
20.47  	 0.08939675027893579 
20.48  	 0.1071062776309695 
20.49  	 0.1237457624975591 
20.5  	 0.1391489395714244 
20.51  	 0.1531618952115275 
20.52  	 0.1656446054078348 
20.53  	 0.1764723349740016 
20.54  	 0.1855368839875893 
20.55  	 0.1927476690214157 
20.56  	 0.1980326283622483 
20.57  	 0.2013389421700593 
20.58  	 0.2026335603812774 
20.59  	 0.2019035330797034 
20.6  	 0.1991561400327456 
20.61  	 0.1944188180972592 
20.62  	 0.1877388872189144 
20.63  	 0.1791830777613819 
20.64  	 0.1688368638870703 
20.65  	 0.1568036096483351 
20.66  	 0.1432035363205026 
20.67  	 0.1281725212935905 
20.68  	 0.1118607405223657 
20.69  	 0.09443116809898727 
20.7  	 0.0760579479384747 
20.71  	 0.05692465384647524 
20.72  	 0.03722245535336097 
20.73  	 0.01714820764133682 
20.74  	 0.003097515351913542 
20.75  	 0.02331242499932873 
20.76  	 0.04329453919678455 
20.77  	 0.06284420052668355 
20.78  	 0.08176607120624674 
20.79  	 0.09987108488886809 
20.8  	 0.116978335814461 
20.81  	 0.1329168864339489 
20.82  	 0.1475274754444604 
20.83  	 0.1606641091692015 
20.84  	 0.1721955203800251 
20.85  	 0.1820064799854522 
20.86  	 0.1899989484773716 
20.87  	 0.1960930556300671 
20.88  	 0.2002278986616517 
20.89  	 0.2023621508815324 
20.9  	 0.2024744747414275 
20.91  	 0.2005637351613387 
20.92  	 0.1966490109979331 
20.93  	 0.190769404539293 
20.94  	 0.1829836509284875 
20.95  	 0.1733695314171221 
20.96  	 0.1620230963104577 
20.97  	 0.1490577053669658 
20.98  	 0.1346028952397729 
20.99  	 0.1188030852745305 
21  	 0.1018161345949576 
21.01  	 0.08381176489222186 
21.02  	 0.06496986467598798 
21.03  	 0.04547869193130494 
21.04  	 0.02553299313786443 
21.05  	 0.005332057447247218 
21.06  	 0.01492227454164045 
21.07  	 0.03502762751167485 
21.08  	 0.05478311351168275 
21.09  	 0.07399133919095452 
21.1  	 0.09246037812789104 
21.11  	 0.1100056885459637 
21.12  	 0.1264519572547795 
21.13  	 0.1416348513918351 
21.14  	 0.1554026604608608 
21.15  	 0.1676178122600415 
21.16  	 0.1781582475516122 
21.17  	 0.1869186397370931 
21.18  	 0.1938114473506837 
21.19  	 0.1987677888530203 
21.2  	 0.201738130984054 
21.21  	 0.2026927837958482 
21.22  	 0.2016221974180333 
21.23  	 0.1985370575896237 
21.24  	 0.193468179001488 
21.25  	 0.1864661975141338 
21.26  	 0.1776010643250922 
21.27  	 0.1669613471386567 
21.28  	 0.1546533453201427 
21.29  	 0.1408000278740269 
21.3  	 0.1255398048575356 
21.31  	 0.1090251445034642 
21.32  	 0.09142104986994559 
21.33  	 0.07290341023660979 
21.34  	 0.05365724371929093 
21.35  	 0.03387484866240428 
21.36  	 0.01375388227892496 
21.37  	 0.006504614264147196 
21.38  	 0.02669822458252244 
21.39  	 0.04662517956219259 
21.4  	 0.06608637339075296 
21.41  	 0.08488735298745093 
21.42  	 0.1028402609544143 
21.43  	 0.1197657126357085 
21.44  	 0.1354945885276037 
21.45  	 0.1498697241312545 
21.46  	 0.1627474803620388 
21.47  	 0.1739991788240461 
21.48  	 0.1835123876077047 
21.49  	 0.1911920447630004 
21.5  	 0.1969614082213001 
21.51  	 0.2007628226739033 
21.52  	 0.2025582957439493 
21.53  	 0.2023298776935027 
21.54  	 0.2000798408711479 
21.55  	 0.1958306571060341 
21.56  	 0.1896247732731885 
21.57  	 0.1815241872718215 
21.58  	 0.1716098286522256 
21.59  	 0.1599807500790005 
21.6  	 0.146753137708626 
21.61  	 0.1320591503683266 
21.62  	 0.116045599134341 
21.63  	 0.09887248050196257 
21.64  	 0.08071137780345916 
21.65  	 0.0617437468449788 
21.66  	 0.04215910289248434 
21.67  	 0.02215312712108898 
21.68  	 0.001925711446793224 
21.69  	 0.01832103872283933 
21.7  	 0.03838482386429334 
21.71  	 0.05806517166230118 
21.72  	 0.07716544008639614 
21.73  	 0.09549478220481844 
21.74  	 0.1128700531046816 
21.75  	 0.1291176398634585 
21.76  	 0.1440751962873453 
21.77  	 0.1575932650833216 
21.78  	 0.1695367712549914 
21.79  	 0.1797863718011877 
21.8  	 0.188239648229672 
21.81  	 0.1948121299709131 
21.82  	 0.1994381384646837 
21.83  	 0.2020714434853162 
21.84  	 0.2026857251466924 
21.85  	 0.2012748369699341 
21.86  	 0.1978528673844708 
21.87  	 0.1924539990470829 
21.88  	 0.1851321673836667 
21.89  	 0.175960521764864 
21.9  	 0.1650306946981189 
21.91  	 0.1524518863378592 
21.92  	 0.1383497734602993 
21.93  	 0.1228652538029438 
21.94  	 0.1061530383152113 
21.95  	 0.0883801053847002 
21.96  	 0.06972403248399173 
21.97  	 0.05037122190696586 
21.98  	 0.03051503832284483 
21.99  	 0.01035387675564917 
22  	 0.009910819705744922 
22.01  	 0.03007657266107439 
22.02  	 0.04994189150541922 
22.03  	 0.06930828667341621 
22.04  	 0.08798225290677592 
22.05  	 0.105777202726891 
22.06  	 0.1225153307952087 
22.07  	 0.1380293905313692 
22.08  	 0.1521643652382608 
22.09  	 0.1647790170356531 
22.1  	 0.1757472981252444 
22.11  	 0.1849596102859213 
22.12  	 0.1923239000137671 
22.13  	 0.1977665783639795 
22.14  	 0.2012332563030003 
22.15  	 0.20268928822298 
22.16  	 0.2021201181868562 
22.17  	 0.1995314254439547 
22.18  	 0.1949490677612359 
22.19  	 0.188418823135774 
22.2  	 0.1800059324683562 
22.21  	 0.1697944477670399 
22.22  	 0.1578863923924012 
22.23  	 0.1444007417347768 
22.24  	 0.1294722345069937 
22.25  	 0.1132500265299567 
22.26  	 0.0958962004613293 
22.27  	 0.07758414635665323 
22.28  	 0.05849682924469835 
22.29  	 0.03882496102506491 
22.3  	 0.01876509495530092 
22.31  	 0.00148233823500768 
22.32  	 0.02171503297915245 
22.33  	 0.04173083024866078 
22.34  	 0.06132973747162701 
22.35  	 0.08031592681126248 
22.36  	 0.09849969183880947 
22.37  	 0.1156993430496376 
22.38  	 0.1317430232831061 
22.39  	 0.146470424906167 
22.4  	 0.1597343916035838 
22.41  	 0.1714023887687111 
22.42  	 0.1813578278031175 
22.43  	 0.189501231092671 
22.44  	 0.1957512260187733 
22.45  	 0.2000453580728377 
22.46  	 0.2023407149486489 
22.47  	 0.2026143553762949 
22.48  	 0.2008635384121997 
22.49  	 0.1971057508935848 
22.5  	 0.1913785327823566 
22.51  	 0.1837391021429902 
22.52  	 0.1742637835005582 
22.53  	 0.1630472452905115 
22.54  	 0.1502015540180568 
22.55  	 0.1358550545780416 
22.56  	 0.1201510879213146 
22.57  	 0.1032465588808205 
22.58  	 0.08531036846609125 
22.59  	 0.06652172629009034 
22.6  	 0.04706835999008321 
22.61  	 0.02714463953272288 
22.62  	 0.006949635144959991 
22.63  	 0.01331487172512312 
22.64  	 0.03344640454308093 
22.65  	 0.05324381477498863 
22.66  	 0.07250929171107506 
22.67  	 0.09105033894498316 
22.68  	 0.1086816977605585 
22.69  	 0.125227198206886 
22.7  	 0.1405215193669399 
22.71  	 0.1544118412308239 
22.72  	 0.1667593716684869 
22.73  	 0.1774407332440141 
22.74  	 0.1863491960150602 
22.75  	 0.193395743998407 
22.76  	 0.1985099646457293 
22.77  	 0.201640752441681 
22.78  	 0.2027568195932354 
22.79  	 0.2018470087073904 
22.8  	 0.1989204043322536 
22.81  	 0.1940062422464685 
22.82  	 0.1871536174028336 
22.83  	 0.1784309934435762 
22.84  	 0.1679255186874951 
22.85  	 0.1557421554230736 
22.86  	 0.1420026312066357 
22.87  	 0.1268442226436129 
22.88  	 0.1104183838043447 
22.89  	 0.09288923297899782 
22.9  	 0.07443191289023188 
22.91  	 0.05523084074856238 
22.92  	 0.035477865634713 
22.93  	 0.0153703516190733 
22.94  	 0.004890794227793885 
22.95  	 0.02510312923124616 
22.96  	 0.04506469785735134 
22.97  	 0.06457604959607022 
22.98  	 0.0834422318200374 
22.99  	 0.1014747377078448 
23  	 0.1184933897673949 
23.01  	 0.1343281401400597 
23.02  	 0.1488207696976565 
23.03  	 0.1618264689539475 
23.04  	 0.173215284995609 
23.05  	 0.1828734199737296 
23.06  	 0.190704368182357 
23.07  	 0.1966298803613885 
23.08  	 0.2005907455889083 
23.09  	 0.2025473829497452 
23.1  	 0.2024802370679993 
23.11  	 0.2003899735510528 
23.12  	 0.1962974723916522 
23.13  	 0.1902436193934463 
23.14  	 0.1822888977036605 
23.15  	 0.1725127835333413 
23.16  	 0.1610129521028419 
23.17  	 0.1479043017459784 
23.18  	 0.1333178059228506 
23.19  	 0.1173992046120395 
23.2  	 0.1003075481563296 
23.21  	 0.08221360811150696 
23.22  	 0.06329817097595836 
23.23  	 0.04375023184997165 
23.24  	 0.02376510607189508 
23.25  	 0.003542477700111783 
23.26  	 0.0167155956607733 
23.27  	 0.03680670175499581 
23.28  	 0.0565300961183372 
23.29  	 0.07568870786252585 
23.3  	 0.09409110875827326 
23.31  	 0.1115534259440268 
23.32  	 0.1279011791475311 
23.33  	 0.14297102406408 
23.34  	 0.1566123844714336 
23.35  	 0.1686889567733684 
23.36  	 0.1790800719389608 
23.37  	 0.1876819012288289 
23.38  	 0.1944084936608743 
23.39  	 0.1991926348488372 
23.4  	 0.2019865186323382 
23.41  	 0.2027622247868267 
23.42  	 0.2015119980401395 
23.43  	 0.1982483256072248 
23.44  	 0.1930038124679174 
23.45  	 0.1858308556334667 
23.46  	 0.1768011206560369 
23.47  	 0.1660048256112014 
23.48  	 0.1535498397075731 
23.49  	 0.1395606055289945 
23.5  	 0.1241768956781982 
23.51  	 0.1075524162446395 
23.52  	 0.0898532710493764 
23.53  	 0.07125630201270217 
23.54  	 0.05194732222535908 
23.55  	 0.03211925937936597 
23.56  	 0.01197022810693602 
23.57  	 0.008298449510483238 
23.58  	 0.02848425548576106 
23.59  	 0.04838549942307513 
23.6  	 0.06780333374992781 
23.61  	 0.08654374054907132 
23.62  	 0.104419470137968 
23.63  	 0.1212519120262793 
23.64  	 0.1368728795566125 
23.65  	 0.151126290397654 
23.66  	 0.1638697260974386 
23.67  	 0.1749758551144213 
23.68  	 0.1843337051077648 
23.69  	 0.1918497717734838 
23.7  	 0.197448953147577 
23.71  	 0.2010753000401481 
23.72  	 0.2026925751021436 
23.73  	 0.2022846149382178 
23.74  	 0.199855491647279 
23.75  	 0.195429472176147 
23.76  	 0.1890507758922035 
23.77  	 0.1807831327966091 
23.78  	 0.1707091467923616 
23.79  	 0.1589294703682219 
23.8  	 0.1455617989452556 
23.81  	 0.1307396949329116 
23.82  	 0.1146112532449459 
23.83  	 0.09733762160794818 
23.84  	 0.07909139044709917 
23.85  	 0.06005486843695074 
23.86  	 0.04041826094674056 
23.87  	 0.02037776958090343 
23.88  	 0.0001336318031335618 
23.89  	 0.02011187976795403 
23.9  	 0.04015647840230574 
23.91  	 0.05979988444618572 
23.92  	 0.07884582645963389 
23.93  	 0.09710400230929217 
23.94  	 0.1143919806206926 
23.95  	 0.1305370235922059 
23.96  	 0.1453778129568658 
23.97  	 0.1587660618468956 
23.98  	 0.1705679964550031 
23.99  	 0.1806656926886142 
24  	 0.1889582544605101 
24.01  	 0.1953628218428954 
24.02  	 0.1998153990114956 
24.03  	 0.2022714937063455 
24.04  	 0.2027065618200928 
24.05  	 0.2011162526709466 
24.06  	 0.1975164525093824 
24.07  	 0.1919431258234716 
24.08  	 0.1844519560282378 
24.09  	 0.1751177891285176 
24.1  	 0.164033885914171 
24.11  	 0.1513109901587707 
24.12  	 0.1370762221319795 
24.13  	 0.1214718084807999 
24.14  	 0.1046536611705557 
24.15  	 0.08678981968328298 
24.16  	 0.06805877203933436 
24.17  	 0.04864767141749679 
24.18  	 0.02875046619188658 
24.19  	 0.008565962070767211 
24.2  	 0.01170416430135354 
24.21  	 0.03185738043030026 
24.22  	 0.05169232161375437 
24.23  	 0.07101080291746925 
24.24  	 0.0896197993841838 
24.25  	 0.1073333746883185 
24.26  	 0.1239745389663891 
24.27  	 0.1393770172605504 
24.28  	 0.1533869109042015 
24.29  	 0.1658642352507802 
24.3  	 0.1766843183796933 
24.31  	 0.1857390468048737 
24.32  	 0.1929379457380568 
24.33  	 0.1982090831132979 
24.34  	 0.2014997883397539 
24.35  	 0.2027771786005316 
24.36  	 0.2020284874390017 
24.37  	 0.1992611923489676 
24.38  	 0.19450294009354 
24.39  	 0.1878012704987327 
24.4  	 0.1792231414809673 
24.41  	 0.1688542600542497 
24.42  	 0.156798226001078 
24.43  	 0.1431754967625655 
24.44  	 0.1281221838907302 
24.45  	 0.1117886930875391 
24.46  	 0.09433822141918879 
24.47  	 0.07594512672050041 
24.48  	 0.05679318548225024 
24.49  	 0.03707375662690957 
24.5  	 0.01698386952077278 
24.51  	 0.00327574467408577 
24.52  	 0.02350265863855755 
24.53  	 0.0434947714848386 
24.54  	 0.06305232808702882 
24.55  	 0.08197991497564677 
24.56  	 0.1000884128553542 
24.57  	 0.1171968862354725 
24.58  	 0.1331343912931754 
24.59  	 0.1477416839059916 
24.6  	 0.1608728107863467 
24.61  	 0.1723965678207492 
24.62  	 0.1821978110416306 
24.63  	 0.1901786071330327 
24.64  	 0.1962592119741381 
24.65  	 0.200378867443523 
24.66  	 0.2024964085219695 
24.67  	 0.2025906746279084 
24.68  	 0.2006607210751818 
24.69  	 0.1967258285400015 
24.7  	 0.1908253104422727 
24.71  	 0.183018120165597 
24.72  	 0.1733822620401309 
24.73  	 0.1620140119736136 
24.74  	 0.1490269555169808 
24.75  	 0.1345508529762603 
24.76  	 0.1187303429098109 
24.77  	 0.1017234969644267 
24.78  	 0.08370024049087088 
24.79  	 0.06484065471797817 
24.8  	 0.04533317745088572 
24.81  	 0.0253727202697665 
24.82  	 0.005158721042643822 
24.83  	 0.01510684878959702 
24.84  	 0.03522150224601187 
24.85  	 0.05498425999144929 
24.86  	 0.07419765846152609 
24.87  	 0.09266972286148045 
24.88  	 0.1102158853256191 
24.89  	 0.1266608290710498 
24.9  	 0.1418402401203538 
24.91  	 0.1556024490893382 
24.92  	 0.1678099466360262 
24.93  	 0.178340757429079 
24.94  	 0.1870896589064395 
24.95  	 0.1939692326472513 
24.96  	 0.1989107378514618 
24.97  	 0.2018647981995038 
24.98  	 0.2028018952288209 
24.99  	 0.2017126632974905 
25  	 0.1986079831873336 
25.01  	 0.1935188734112095 
25.02  	 0.1864961803100236 
25.03  	 0.1776100700360359 
25.04  	 0.1669493274976563 
25.05  	 0.1546204692709188 
25.06  	 0.1407466793401235 
25.07  	 0.1254665783019056 
25.08  	 0.1089328383300592 
25.09  	 0.0913106577392736 
25.1  	 0.07277611039029358 
25.11  	 0.05351438642769682 
25.12  	 0.03371794192870675 
25.13  	 0.0135845759507227 
25.14  	 0.006684545808317927 
25.15  	 0.02688690099094859 
25.16  	 0.04682063411826054 
25.17  	 0.06628657346705275 
25.18  	 0.08509022113452913 
25.19  	 0.1030436964052144 
25.2  	 0.1199676130036028 
25.21  	 0.1356928714749093 
25.22  	 0.1500623487852411 
25.23  	 0.1629324682586371 
25.24  	 0.174174634165309 
25.25  	 0.1836765166260994 
25.26  	 0.1913431739950998 
25.27  	 0.1970980015058739 
25.28  	 0.2008834967019909 
25.29  	 0.2026618340043034 
25.3  	 0.2024152426734195 
25.31  	 0.2001461843909527 
25.32  	 0.1958773286848318 
25.33  	 0.189651326444167 
25.34  	 0.1815303837861608 
25.35  	 0.1715956405329981 
25.36  	 0.1599463595082616 
25.37  	 0.146698934753179 
25.38  	 0.13198572857191 
25.39  	 0.1159537490260414 
25.4  	 0.09876318109136589 
25.41  	 0.08058578615391054 
25.42  	 0.06160318583649271 
25.43  	 0.04200504730259877 
25.44  	 0.02198718817050735 
25.45  	 0.001749619971642916 
25.46  	 0.01850545029713346 
25.47  	 0.03857564055984575 
25.48  	 0.05826041579863744 
25.49  	 0.07736309173846867 
25.5  	 0.09569280005784653 
25.51  	 0.1130663954903447 
25.52  	 0.1293102857621355 
25.53  	 0.1442621660800842 
25.54  	 0.1577726408412864 
25.55  	 0.1697067163589236 
25.56  	 0.1799451496907085 
25.57  	 0.1883856400917288 
25.58  	 0.1949438511873895 
25.59  	 0.1995542536531465 
25.6  	 0.2021707799806428 
25.61  	 0.2027672847882552 
25.62  	 0.2013378060763552 
25.63  	 0.1978966248168309 
25.64  	 0.1924781222811565 
25.65  	 0.1851364365325833 
25.66  	 0.1759449215141369 
25.67  	 0.1649954141372401 
25.68  	 0.1523973166935148 
25.69  	 0.1382765037581772 
25.7  	 0.1227740645061211 
25.71  	 0.1060448930079397 
25.72  	 0.08825614058980125 
25.73  	 0.06958554572200903 
25.74  	 0.05021965812190562 
25.75  	 0.0303519748164606 
25.76  	 0.01018100678788635 
25.77  	 0.01009170448090359 
25.78  	 0.03026360074156489 
25.79  	 0.05013313087747434 
25.8  	 0.06950176473882441 
25.81  	 0.08817597679576827 
25.82  	 0.1059691797881469 
25.83  	 0.1227035890519312 
25.84  	 0.1382119988949768 
25.85  	 0.1523394532718626 
25.86  	 0.1649447940662161 
25.87  	 0.1759020715093558 
25.88  	 0.1851018026431959 
25.89  	 0.1924520652532926 
25.9  	 0.1978794163410216 
25.91  	 0.2013296259583616 
25.92  	 0.2027682190723277 
25.93  	 0.20218082004507 
25.94  	 0.1995732962874507 
25.95  	 0.1949716996505197 
25.96  	 0.1884220061405035 
25.97  	 0.1799896565575136 
25.98  	 0.1697589026480855 
25.99  	 0.1578319653038185 
26  	 0.1443280132175324 
26.01  	 0.1293819722016032 
26.02  	 0.1131431770647553 
26.03  	 0.09577387951826399 
26.04  	 0.07744762701864122 
26.05  	 0.0583475287462828 
26.06  	 0.03866442604426495 
26.07  	 0.01859498559888108 
26.08  	 0.001660265586282496 
26.09  	 0.02189894378944909 
26.1  	 0.04191883072221197 
26.11  	 0.06151989403055363 
26.12  	 0.08050628595569365 
26.13  	 0.09868830018535069 
26.14  	 0.1158842673436279 
26.15  	 0.131922370179069 
26.16  	 0.1466423603155211 
26.17  	 0.1598971594112369 
26.18  	 0.1715543287286444 
26.19  	 0.1814973924307417 
26.2  	 0.1896270013825628 
26.21  	 0.1958619258285282 
26.22  	 0.2001398670278095 
26.23  	 0.2024180797373157 
26.24  	 0.2026737993229956 
26.25  	 0.2009044692314125 
26.26  	 0.1971277665488598 
26.27  	 0.1913814253922771 
26.28  	 0.183722859896724 
26.29  	 0.1742285905658432 
26.3  	 0.162993479717475 
26.31  	 0.1501297836627721 
26.32  	 0.1357660310896334 
26.33  	 0.1200457388570045 
26.34  	 0.103125978030783 
26.35  	 0.08517580449004447 
26.36  	 0.06637456978303524 
26.37  	 0.04691012911139733 
26.38  	 0.02697696434738425 
26.39  	 0.006774240837629268 
26.4  	 0.01349618258938175 
26.41  	 0.03363177053046038 
26.42  	 0.05343133467574546 
26.43  	 0.0726970440187219 
26.44  	 0.09123640152217916 
26.45  	 0.1088641674907624 
26.46  	 0.1254042104310008 
26.47  	 0.1406912669071149 
26.48  	 0.1545725928070891 
26.49  	 0.1669094895214073 
26.5  	 0.1775786897841717 
26.51  	 0.1864735893301545 
26.52  	 0.1935053120615114 
26.53  	 0.1986035980806365 
26.54  	 0.2017175057167789 
26.55  	 0.2028159205313219 
26.56  	 0.2018878662161658 
26.57  	 0.198942614278434 
26.58  	 0.1940095914156411 
26.59  	 0.1871380855064294 
26.6  	 0.1783967531547501 
26.61  	 0.1678729337073486 
26.62  	 0.1556717765989932 
26.63  	 0.1419151907445327 
26.64  	 0.1267406264745305 
26.65  	 0.1102997021858578 
26.66  	 0.09275668942802595 
26.67  	 0.07428687156279168 
26.68  	 0.0550747923959726 
26.69  	 0.03531241228110682 
26.7  	 0.01519719011760753 
26.71  	 0.005069889591135746 
26.72  	 0.02528632490845298 
26.73  	 0.04525011979711085 
26.74  	 0.06476180239930746 
26.75  	 0.08362641809651344 
26.76  	 0.10165547743572 
26.77  	 0.1186688394594845 
26.78  	 0.134496511620848 
26.79  	 0.1489803483004044 
26.8  	 0.1619756309529523 
26.81  	 0.1733525140966657 
26.82  	 0.1829973226958034 
26.83  	 0.1908136879743351 
26.84  	 0.1967235103118364 
26.85  	 0.2006677396000704 
26.86  	 0.2026069652636636 
26.87  	 0.2025218100490194 
26.88  	 0.2004131236470263 
26.89  	 0.1963019742146648 
26.9  	 0.1902294378802751 
26.91  	 0.1822561883353261 
26.92  	 0.1724618906135187 
26.93  	 0.1609444051140544 
26.94  	 0.1478188098223954 
26.95  	 0.1332162504974965 
26.96  	 0.1172826303149198 
26.97  	 0.1001771520572179 
26.98  	 0.08207072741882054 
26.99  	 0.06314426931766454 
27  	 0.04358688427735796 
27.01  	 0.02359398294053013 
27.02  	 0.003365327591868878 
27.03  	 0.01689696379925966 
27.04  	 0.0369904370753977 
27.05  	 0.05671432474683719 
27.06  	 0.0758715519967294 
27.07  	 0.0942707057906827 
27.08  	 0.111727947416713 
27.09  	 0.1280688493464872 
27.1  	 0.1431301380632746 
27.11  	 0.1567613254441999 
27.12  	 0.1688262123953228 
27.13  	 0.1792042497161823 
27.14  	 0.1877917425966218 
27.15  	 0.1945028867101549 
27.16  	 0.1992706255522808 
27.17  	 0.2020473204567662 
27.18  	 0.202805226595588 
27.19  	 0.2015367702062685 
27.2  	 0.1982546242765325 
27.21  	 0.1929915819300523 
27.22  	 0.1858002287780698 
27.23  	 0.1767524175109194 
27.24  	 0.1659385499785656 
27.25  	 0.1534666739337447 
27.26  	 0.1394614034625774 
27.27  	 0.1240626738887899 
27.28  	 0.1074243435930552 
27.29  	 0.08971265671628126 
27.3  	 0.07110458210837256 
27.31  	 0.05178604511763429 
27.32  	 0.03195006988938012 
27.33  	 0.01179485073480122 
27.34  	 0.008478228160274118 
27.35  	 0.02866660489890738 
27.36  	 0.04856856380567387 
27.37  	 0.06798525090448659 
27.38  	 0.0867226608041976 
27.39  	 0.1045935751401451 
27.4  	 0.1214194332020355 
27.41  	 0.1370321160589504 
27.42  	 0.1512756263537307 
27.43  	 0.164007646983551 
27.44  	 0.1751009630923007 
27.45  	 0.184444733167187 
27.46  	 0.1919455965382885 
27.47  	 0.1975286062160923 
27.48  	 0.2011379777455509 
27.49  	 0.2027376465948735 
27.5  	 0.2023116285092839 
27.51  	 0.1998641792293954 
27.52  	 0.1954197519780836 
27.53  	 0.1890227531407334 
27.54  	 0.1807370985796353 
27.55  	 0.1706455750160754 
27.56  	 0.1588490128603006 
27.57  	 0.1454652787546378 
27.58  	 0.1306280978957381 
27.59  	 0.1144857179023507 
27.6  	 0.09719942757980532 
27.61  	 0.07894194537988997 
27.62  	 0.05989569365916309 
27.63  	 0.04025097597830768 
27.64  	 0.02020407565372651 
27.65  	 4.470543861595511E-05 
27.66  	 0.02029304821314457 
27.67  	 0.04033863788013894 
27.68  	 0.05998118540944131 
27.69  	 0.07902442875393167 
27.7  	 0.09727809383809738 
27.71  	 0.1145597957167327 
27.72  	 0.1306968609095831 
27.73  	 0.1455280527021363 
27.74  	 0.1589051821753322 
27.75  	 0.1706945888661034 
27.76  	 0.1807784762649495 
27.77  	 0.1890560888068339 
27.78  	 0.1954447185945299 
27.79  	 0.199880531796286 
27.8  	 0.2023192064599713 
27.81  	 0.2027363753712986 
27.82  	 0.2011278695307993 
27.83  	 0.1975097598169762 
27.84  	 0.1919181964190595 
27.85  	 0.1844090476438951 
27.86  	 0.1750573417054418 
27.87  	 0.1639565170746154 
27.88  	 0.1512174888796181 
27.89  	 0.1369675406844569 
27.9  	 0.121349052719481 
27.91  	 0.1045180792698668 
27.92  	 0.08664278943729486 
27.93  	 0.06790178685347142 
27.94  	 0.04848232513489781 
27.95  	 0.02857843690854858 
27.96  	 0.008388995104001725 
27.97  	 0.01188427411875438 
27.98  	 0.03203880694989386 
27.99  	 0.05187322588142768 
28  	 0.07118935180589414 
28.01  	 0.08979418415841189 
28.02  	 0.1075018293176457 
28.03  	 0.1241353579964118 
28.04  	 0.1395285730650168 
28.05  	 0.1535276701422398 
28.06  	 0.1659927743632404 
28.07  	 0.1767993379683536 
28.08  	 0.1858393847489915 
28.09  	 0.1930225889166716 
28.1  	 0.1982771776147794 
28.11  	 0.2015506480560956 
28.12  	 0.2028102921200751 
28.13  	 0.2020435231685247 
28.14  	 0.1992580018140486 
28.15  	 0.194481559384623 
28.16  	 0.1877619198488181 
28.17  	 0.1791662229802125 
28.18  	 0.1687803535251587 
28.19  	 0.1567080830768144 
28.2  	 0.1430700332289709 
28.21  	 0.1280024703703184 
28.22  	 0.1116559441600068 
28.23  	 0.09419378328962613 
28.24  	 0.07579046356009056 
28.25  	 0.05662986458014638 
28.26  	 0.03690343250456676 
28.27  	 0.01680826716872955 
28.28  	 0.003454847266335041 
28.29  	 0.02368344848300247 
28.3  	 0.04367541894344817 
28.31  	 0.06323100538260279 
28.32  	 0.08215481467813202 
28.33  	 0.100257766155944 
28.34  	 0.1173589808248865 
28.35  	 0.1332875886627357 
28.36  	 0.1478844358971143 
28.37  	 0.16100367522149 
28.38  	 0.1725142230578595 
28.39  	 0.182301069305829 
28.4  	 0.1902664264906629 
28.41  	 0.1963307068292445 
28.42  	 0.2004333174506396 
28.43  	 0.2025332658260578 
28.44  	 0.2026095693587174 
28.45  	 0.2006614650411291 
28.46  	 0.1967084170848887 
28.47  	 0.1907899224466112 
28.48  	 0.1829651161933036 
28.49  	 0.1733121806497961 
28.5  	 0.1619275642321508 
28.51  	 0.1489250177720957 
28.52  	 0.134434457960705 
28.53  	 0.118600669268297 
28.54  	 0.1015818573093104 
28.55  	 0.08354806810776072 
28.56  	 0.06467948905603099 
28.57  	 0.04516464854439706 
28.58  	 0.0251985322495455 
28.59  	 0.004980634902890984 
28.6  	 0.01528703299382647 
28.61  	 0.03540196359110465 
28.62  	 0.05516317508357677 
28.63  	 0.07437321985475026 
28.64  	 0.09284015731037876 
28.65  	 0.1103794716872101 
28.66  	 0.1268159156765525 
28.67  	 0.1419852614404052 
28.68  	 0.1557359415254008 
28.69  	 0.1679305632785288 
28.7  	 0.1784472816336758 
28.71  	 0.187181016551613 
28.72  	 0.194044502950107 
28.73  	 0.1989691626326722 
28.74  	 0.2019057895045984 
28.75  	 0.2028250412292291 
28.76  	 0.2017177324122776 
28.77  	 0.1985949263845915 
28.78  	 0.1934878246663382 
28.79  	 0.1864474552168127 
28.8  	 0.1775441625850723 
28.81  	 0.166866905055104 
28.82  	 0.1545223658086277 
28.83  	 0.1406338869863615 
28.84  	 0.1253402372977389 
28.85  	 0.1087942254936546 
28.86  	 0.09116117355472464 
28.87  	 0.07261726485147268 
28.88  	 0.05334778378068658 
28.89  	 0.03354526446630635 
28.9  	 0.01340756702374814 
28.91  	 0.006864099392639655 
28.92  	 0.02706718700450472 
28.93  	 0.04699983320034218 
28.94  	 0.06646287748055013 
28.95  	 0.08526185140496217 
28.96  	 0.1032089216585296 
28.97  	 0.1201247668223103 
28.98  	 0.1358403690960245 
28.99  	 0.1501987030713684 
29  	 0.1630563046811851 
29.01  	 0.1742847046485897 
29.02  	 0.1837717121136999 
29.03  	 0.1914225356115852 
29.04  	 0.1971607302018382 
29.05  	 0.2009289612855414 
29.06  	 0.2026895774783869 
29.07  	 0.202424986815503 
29.08  	 0.2001378325293057 
29.09  	 0.1958509666438392 
29.1  	 0.189607221649573 
29.11  	 0.1814689825397016 
29.12  	 0.1715175634842322 
29.13  	 0.1598523953698754 
29.14  	 0.146590032323108 
29.15  	 0.1318629871436888 
29.16  	 0.1158184072835324 
29.17  	 0.0986166046010355 
29.18  	 0.0804294535803895 
29.19  	 0.06143867402085962 
29.2  	 0.04183401535393699 
29.21  	 0.0218113607314262 
29.22  	 0.001570769826120824 
29.23  	 0.01868552009749327 
29.24  	 0.03875511487159689 
29.25  	 0.05843748568099255 
29.26  	 0.07753597268151624 
29.27  	 0.0958597499619227 
29.28  	 0.1132257322146467 
29.29  	 0.1294604040662093 
29.3  	 0.1444015537875846 
29.31  	 0.1578998940633078 
29.32  	 0.1698205536239461 
29.33  	 0.1800444248385403 
29.34  	 0.188469353802494 
29.35  	 0.1950111610292027 
29.36  	 0.1996044825477655 
29.37  	 0.2022034230021413 
29.38  	 0.2027820142265091 
29.39  	 0.2013344747147675 
29.4  	 0.1978752673915752 
29.41  	 0.1924389551076394 
29.42  	 0.1850798553031414 
29.43  	 0.1758714972896466 
29.44  	 0.1649058875733248 
29.45  	 0.1522925905596199 
29.46  	 0.1381576338254189 
29.47  	 0.1226422488958319 
29.48  	 0.1059014601084691 
29.49  	 0.08810253566354453 
29.5  	 0.06942331633743276 
29.51  	 0.05005043855823194 
29.52  	 0.03017746959716218 
29.53  	 0.01000297350969853 
29.54  	 0.01027147285078085 
29.55  	 0.03044329392172238 
29.56  	 0.05031093950013038 
29.57  	 0.0696758985660581 
29.58  	 0.0883446827399777 
29.59  	 0.1061307595564696 
29.6  	 0.1228564162362843 
29.61  	 0.138354535336091 
29.62  	 0.1524702645329226 
29.63  	 0.1650625638599307 
29.64  	 0.1760056149342387 
29.65  	 0.1851900780954554 
29.66  	 0.192524184894898 
29.67  	 0.1979346550188946 
29.68  	 0.2013674284850187 
29.69  	 0.2027882057951444 
29.7  	 0.2021827906483763 
29.71  	 0.1995572317894287 
29.72  	 0.1949377625751525 
29.73  	 0.1883705388631257 
29.74  	 0.1799211778409322 
29.75  	 0.1696741024042411 
29.76  	 0.1577316976343905 
29.77  	 0.1442132878032112 
29.78  	 0.1292539441273367 
29.79  	 0.1130031351834018 
29.8  	 0.09562323346996249 
29.81  	 0.07728789303673766 
29.82  	 0.05818031439245844 
29.83  	 0.0384914140273753 
29.84  	 0.01841791683934065 
29.85  	 0.001839609475313767 
29.86  	 0.02207875842804766 
29.87  	 0.04209730711676699 
29.88  	 0.06169523677048722 
29.89  	 0.0806767312719287 
29.9  	 0.09885213368809065 
29.91  	 0.1160398412614005 
29.92  	 0.1320681199259141 
29.93  	 0.1467768202193852 
29.94  	 0.1600189774458112 
29.95  	 0.1716622801007964 
29.96  	 0.1815903918867248 
29.97  	 0.1897041141096419 
29.98  	 0.1959223768425621 
29.99  	 0.2001830489526004 
30  	 0.2024435588977749 
30.01  	 0.2026813200909856 
30.02  	 0.2008939565809545 
30.03  	 0.1970993267951519 
30.04  	 0.1913353451073821 
30.05  	 0.1836596030130672 
30.06  	 0.1741487936969084 
30.07  	 0.1628979457427947 
30.08  	 0.1500194736423884 
30.09  	 0.135642054588914 
30.1  	 0.1199093427797389 
30.11  	 0.1029785340728664 
30.12  	 0.08501879533977363 
30.13  	 0.06620957420762863 
30.14  	 0.04673880607878589 
30.15  	 0.02680103634373616 
30.16  	 0.006595476548137251 
30.17  	 0.01367598606253498 
30.18  	 0.03381080573367495 
30.19  	 0.05360780197180698 
30.2  	 0.0728691696745139 
30.21  	 0.09140245553403509 
30.22  	 0.109022480968637 
30.23  	 0.1255531923667602 
30.24  	 0.1408294201584767 
30.25  	 0.1546985291369244 
30.26  	 0.1670219435408045 
30.27  	 0.1776765316600752 
30.28  	 0.186555836129444 
30.29  	 0.193571137617938 
30.3  	 0.1986523412856057 
30.31  	 0.2017486771508621 
30.32  	 0.2028292073700768 
30.33  	 0.2018831353611258 
30.34  	 0.1989199136820796 
30.35  	 0.1939691495871981 
30.36  	 0.1870803092037048 
30.37  	 0.1783222232852513 
30.38  	 0.1677823994804233 
30.39  	 0.1555661479874495 
30.4  	 0.1417955293320114 
30.41  	 0.1266081347806496 
30.42  	 0.1101557115763239 
30.43  	 0.09260264673169877 
30.44  	 0.07412432453008638 
30.45  	 0.05490537414449645 
30.46  	 0.03513782488532691 
30.47  	 0.01501918750721955 
30.48  	 0.005249519252250937 
30.49  	 0.02546577718559476 
30.5  	 0.0454275921103332 
30.51  	 0.06493551212830795 
30.52  	 0.08379462048412856 
30.53  	 0.1018164831094083 
30.54  	 0.1188210313952103 
30.55  	 0.1346383613790083 
30.56  	 0.1491104313707911 
30.57  	 0.1620926410549641 
30.58  	 0.1734552762907257 
30.59  	 0.1830848051751709 
30.6  	 0.1908850124184884 
30.61  	 0.1967779606978125 
30.62  	 0.2007047693834715 
30.63  	 0.2026262028572123 
30.64  	 0.2025230625440479 
30.65  	 0.2003963787405307 
30.66  	 0.1962674003228326 
30.67  	 0.1901773824374307 
30.68  	 0.1821871742956575 
30.69  	 0.1723766111908764 
30.7  	 0.1608437168126058 
30.71  	 0.147703723828489 
30.72  	 0.1330879225191904 
30.73  	 0.1171423489713408 
30.74  	 0.100026325934489 
30.75  	 0.08191087092231419 
30.76  	 0.0629769874634688 
30.77  	 0.043413856574708 
30.78  	 0.02341694652783019 
30.79  	 0.003186059795347172 
30.8  	 0.01707666330909258 
30.81  	 0.03716876435029215 
30.82  	 0.0568894896693225 
30.83  	 0.07604179624801732 
30.84  	 0.09443432049873068 
30.85  	 0.1118832903065168 
30.86  	 0.128214361220804 
30.87  	 0.1432643584486277 
30.88  	 0.1568829072445695 
30.89  	 0.1689339354073927 
30.9  	 0.1792970328699609 
30.91  	 0.1878686547989387 
30.92  	 0.1945631561823856 
30.93  	 0.1993136475685113 
30.94  	 0.2020726634050508 
30.95  	 0.2028126363016013 
30.96  	 0.2015261724760118 
30.97  	 0.1982261256328008 
30.98  	 0.1929454685353177 
30.99  	 0.1857369635549707 
31  	 0.1766726354889597 
31.01  	 0.1658430519144376 
31.02  	 0.1533564182688448 
31.03  	 0.1393374966989231 
31.04  	 0.1239263594798766 
31.05  	 0.1072769894612514 
31.06  	 0.0895557415221615 
31.07  	 0.07093968040952964 
31.08  	 0.05161481156673131 
31.09  	 0.03177422262901508 
31.1  	 0.01161615415661186 
31.11  	 0.008657981119505664 
31.12  	 0.02884561074679504 
31.13  	 0.04874502658807284 
31.14  	 0.06815740022325112 
31.15  	 0.08688876957725961 
31.16  	 0.1047519769260647 
31.17  	 0.1215685389154483 
31.18  	 0.1371704299088333 
31.19  	 0.1514017608449507 
31.2  	 0.1641203368314536 
31.21  	 0.1751990779104642 
31.22  	 0.1845272888013599 
31.23  	 0.1920117649330049 
31.24  	 0.1975777237147667 
31.25  	 0.2011695517414059 
31.26  	 0.2027513604656221 
31.27  	 0.2023073447865298 
31.28  	 0.199841940970904 
31.29  	 0.1953797823293455 
31.3  	 0.1889654530903263 
31.31  	 0.1806630429310484 
31.32  	 0.1705555066163442 
31.33  	 0.1587438351438653 
31.34  	 0.1453460466767571 
31.35  	 0.1304960073469063 
31.36  	 0.1143420937098532 
31.37  	 0.09704571021657143 
31.38  	 0.07877967651473017 
31.39  	 0.05972650069240809 
31.4  	 0.04007655571871005 
31.41  	 0.02002617730013168 
