0.001  	 0.0001749986666298141 
0.002  	 0.0001833294990593363 
0.003  	 0.0001916551445670118 
0.004  	 0.0001999756019700741 
0.005  	 0.0002082908696654417 
0.006  	 0.0002166009456288491 
0.007  	 0.0002249058274132664 
0.008  	 0.0002332055121496536 
0.009000000000000001  	 0.0002414999965453565 
0.01  	 0.0002497892768830301 
0.011  	 0.0002580733490200941 
0.012  	 0.0002663522083871342 
0.013  	 0.0002746258499874526 
0.014  	 0.0002828942683944901 
0.015  	 0.0002911574577510473 
0.016  	 0.0002994154117671611 
0.017  	 0.0003076681237187611 
0.018  	 0.0003159155864455849 
0.019  	 0.0003241577923490289 
0.02  	 0.000332394733389823 
0.021  	 0.0003406264010861269 
0.022  	 0.0003488527865106856 
0.023  	 0.0003570738802884336 
0.024  	 0.0003652896725941703 
0.025  	 0.0003735001531486462 
0.026  	 0.0003817053112170348 
0.027  	 0.0003899051356042804 
0.028  	 0.0003980996146529062 
0.029  	 0.000406288736239102 
0.03  	 0.0004144724877699962 
0.031  	 0.0004226508561775725 
0.032  	 0.0004308238279181527 
0.033  	 0.0004389913889658494 
0.034  	 0.0004471535248094579 
0.035  	 0.0004553102204479149 
0.036  	 0.0004634614603858205 
0.037  	 0.0004716072286286727 
0.038  	 0.0004797475086782841 
0.039  	 0.0004878822835276631 
0.04  	 0.000496011535655495 
0.041  	 0.0005041352470217232 
0.042  	 0.0005122533990613795 
0.043  	 0.0005203659726783074 
0.044  	 0.0005284729482412841 
0.045  	 0.0005365743055750507 
0.046  	 0.0005446700239567175 
0.047  	 0.0005527600821081002 
0.048  	 0.0005608444581887927 
0.049  	 0.0005689231297903655 
0.05  	 0.0005769960739281081 
0.051  	 0.0005850632670345119 
0.052  	 0.0005931246849513821 
0.053  	 0.0006011803029228473 
0.054  	 0.0006092300955858282 
0.055  	 0.0006172740369642733 
0.056  	 0.0006253121004580219 
0.057  	 0.000633344258836191 
0.058  	 0.0006413704842272881 
0.059  	 0.0006493907481108041 
0.06  	 0.0006574050213068518 
0.061  	 0.0006654132739665111 
0.062  	 0.0006734154755628462 
0.063  	 0.0006814115948802133 
0.064  	 0.0006894016000029867 
0.065  	 0.0006973854583059751 
0.066  	 0.0007053631364416523 
0.067  	 0.000713334600330785 
0.068  	 0.0007212998151487956 
0.06900000000000001  	 0.0007292587453149169 
0.07000000000000001  	 0.0007372113544787613 
0.07100000000000001  	 0.000745157605508814 
0.07200000000000001  	 0.0007530974604777758 
0.073  	 0.0007610308806507677 
0.074  	 0.0007689578264696112 
0.075  	 0.0007768782575404441 
0.076  	 0.0007847921326171944 
0.077  	 0.0007926994095884264 
0.078  	 0.0008006000454606318 
0.079  	 0.0008084939963427421 
0.08  	 0.0008163812174298653 
0.081  	 0.00082426166298633 
0.082  	 0.0008321352863286739 
0.083  	 0.0008400020398074791 
0.08400000000000001  	 0.0008478618747898273 
0.08500000000000001  	 0.0008557147416403276 
0.08600000000000001  	 0.0008635605897008244 
0.08700000000000001  	 0.0008713993672732476 
0.08799999999999999  	 0.0008792310215962506 
0.089  	 0.0008870554988258414 
0.09  	 0.000894872744014483 
0.091  	 0.0009026827010875293 
0.092  	 0.0009104853128215262 
0.093  	 0.0009182805208208235 
0.094  	 0.000926068265492601 
0.095  	 0.000933848486023478 
0.096  	 0.0009416211203535625 
0.097  	 0.0009493861051499362 
0.098  	 0.0009571433757806062 
0.099  	 0.0009648928662854262 
0.1  	 0.0009726345093495739 
0.101  	 0.0009803682362729176 
0.102  	 0.000988093976939855 
0.103  	 0.0009958116597896046 
0.104  	 0.001003521211782746 
0.105  	 0.001011222558369283 
0.106  	 0.001018915623454502 
0.107  	 0.001026600329364456 
0.108  	 0.001034276596809495 
0.109  	 0.001041944344848581 
0.11  	 0.001049603490849674 
0.111  	 0.001057253950452041 
0.112  	 0.001064895637524404 
0.113  	 0.001072528464125651 
0.114  	 0.001080152340459284 
0.115  	 0.001087767174831241 
0.116  	 0.001095372873603666 
0.117  	 0.001102969341148521 
0.118  	 0.00111055647979844 
0.119  	 0.001118134189797597 
0.12  	 0.001125702369250286 
0.121  	 0.001133260914067122 
0.122  	 0.001140809717911679 
0.123  	 0.001148348672142955 
0.124  	 0.001155877665757833 
0.125  	 0.001163396585331001 
0.126  	 0.00117090531495235 
0.127  	 0.00117840373616373 
0.128  	 0.00118589172789301 
0.129  	 0.001193369166384702 
0.13  	 0.001200835925131056 
0.131  	 0.001208291874798083 
0.132  	 0.001215736883151267 
0.133  	 0.001223170814977318 
0.134  	 0.001230593532003953 
0.135  	 0.001238004892817521 
0.136  	 0.001245404752776556 
0.137  	 0.001252792963923662 
0.138  	 0.001260169374893222 
0.139  	 0.001267533830817038 
0.14  	 0.001274886173225962 
0.141  	 0.0012822262399486 
0.142  	 0.001289553865005873 
0.143  	 0.001296868878502758 
0.144  	 0.001304171106515022 
0.145  	 0.001311460370973075 
0.146  	 0.001318736489541178 
0.147  	 0.001325999275492008 
0.148  	 0.001333248537577734 
0.149  	 0.001340484079894532 
0.15  	 0.001347705701744581 
0.151  	 0.001354913197490373 
0.152  	 0.001362106356406473 
0.153  	 0.001369284962522558 
0.154  	 0.001376448794463547 
0.155  	 0.001383597625282023 
0.156  	 0.001390731222284135 
0.157  	 0.001397849346850284 
0.158  	 0.00140495175424743 
0.159  	 0.001412038193434997 
0.16  	 0.001419108406862568 
0.161  	 0.001426162130260758 
0.162  	 0.001433199092422731 
0.163  	 0.00144021901497687 
0.164  	 0.001447221612152331 
0.165  	 0.001454206590532544 
0.166  	 0.00146117364880028 
0.167  	 0.00146812247747277 
0.168  	 0.00147505275862378 
0.169  	 0.001481964165597203 
0.17  	 0.001488856362705923 
0.171  	 0.001495729004919922 
0.172  	 0.001502581737540386 
0.173  	 0.001509414195860621 
0.174  	 0.001516226004811323 
0.175  	 0.001523016778591617 
0.176  	 0.001529786120284051 
0.177  	 0.001536533621451758 
0.178  	 0.001543258861719117 
0.179  	 0.001549961408333355 
0.18  	 0.001556640815705148 
0.181  	 0.001563296624931972 
0.182  	 0.001569928363295587 
0.183  	 0.001576535543740565 
0.184  	 0.001583117664324644 
0.185  	 0.001589674207648141 
0.186  	 0.001596204640252306 
0.187  	 0.001602708411993263 
0.188  	 0.001609184955381793 
0.189  	 0.001615633684896451 
0.19  	 0.00162205399625931 
0.191  	 0.001628445265678585 
0.192  	 0.001634806849053992 
0.193  	 0.001641138081141861 
0.194  	 0.001647438274679086 
0.195  	 0.001653706719464101 
0.196  	 0.001659942681387582 
0.197  	 0.001666145401419798 
0.198  	 0.001672314094538256 
0.199  	 0.001678447948605503 
0.2  	 0.001684546123184581 
0.201  	 0.001690607748293956 
0.202  	 0.001696631923093028 
0.203  	 0.001702617714499885 
0.204  	 0.001708564155731017 
0.205  	 0.001714470244763922 
0.206  	 0.001720334942710157 
0.207  	 0.00172615717210219 
0.208  	 0.001731935815078875 
0.209  	 0.001737669711471794 
0.21  	 0.001743357656777825 
0.211  	 0.001748998400015072 
0.212  	 0.001754590641454159 
0.213  	 0.001760133030212688 
0.214  	 0.0017656241617085 
0.215  	 0.001771062574955111 
0.216  	 0.001776446749696061 
0.217  	 0.001781775103358259 
0.218  	 0.001787045987819947 
0.219  	 0.001792257685969314 
0.22  	 0.00179740840804974 
0.221  	 0.001802496287764103 
0.222  	 0.00180751937813014 
0.223  	 0.001812475647059946 
0.224  	 0.001817362972648678 
0.225  	 0.001822179138140865 
0.226  	 0.001826921826560211 
0.227  	 0.001831588614965787 
0.228  	 0.001836176968310636 
0.229  	 0.001840684232864886 
0.23  	 0.001845107629173805 
0.231  	 0.00184944424450464 
0.232  	 0.001853691024743902 
0.233  	 0.001857844765693885 
0.234  	 0.00186190210372162 
0.235  	 0.001865859505692227 
0.236  	 0.001869713258138334 
0.237  	 0.001873459455578571 
0.238  	 0.001877093987924474 
0.239  	 0.001880612526873234 
0.24  	 0.001884010511208492 
0.241  	 0.001887283130889357 
0.242  	 0.001890425309817615 
0.243  	 0.00189343168715568 
0.244  	 0.001896296597042881 
0.245  	 0.001899014046552888 
0.246  	 0.001901577691712535 
0.247  	 0.00190398081137796 
0.248  	 0.001906216278740843 
0.249  	 0.001908276530209591 
0.25  	 0.001910153531382975 
0.251  	 0.001911838739793351 
0.252  	 0.001913323064048521 
0.253  	 0.0019145968189668 
0.254  	 0.001915649676241285 
0.255  	 0.001916470610098796 
0.256  	 0.001917047837350352 
0.257  	 0.001917368751150383 
0.258  	 0.001917419847680875 
0.259  	 0.001917186644860623 
0.26  	 0.001916653592045735 
0.261  	 0.001915803969539858 
0.262  	 0.001914619776546405 
0.263  	 0.001913081605980896 
0.264  	 0.001911168504305625 
0.265  	 0.001908857814256339 
0.266  	 0.001906124997979215 
0.267  	 0.001902943437665309 
0.268  	 0.001899284210268288 
0.269  	 0.001895115832289954 
0.27  	 0.001890403969893385 
0.271  	 0.001885111108716798 
0.272  	 0.001879196176692394 
0.273  	 0.001872614111881371 
0.274  	 0.001865315365747165 
0.275  	 0.001857245330318682 
0.276  	 0.00184834367528049 
0.277  	 0.001838543578024106 
0.278  	 0.001827770825946586 
0.279  	 0.001815942765552886 
0.28  	 0.001802967066967619 
0.281  	 0.001788740264891261 
0.282  	 0.001773146027345939 
0.283  	 0.001756053091054865 
0.284  	 0.001737312786070267 
0.285  	 0.001716756051055722 
0.286  	 0.001694189812610264 
0.287  	 0.001669392564714465 
0.288  	 0.001642108934257007 
0.289  	 0.001612042950538778 
0.29  	 0.00157884964327429 
0.291  	 0.001542124463794881 
0.292  	 0.001501389841912887 
0.293  	 0.001456077930758372 
0.294  	 0.001405508216002354 
0.295  	 0.001348858113048767 
0.296  	 0.001285123849290297 
0.297  	 0.001213067668205449 
0.298  	 0.001131145430171968 
0.299  	 0.001037405557812009 
0.3  	 0.0009293451594030214 
0.301  	 0.0008037005513398863 
0.302  	 0.0006561344137917016 
0.303  	 0.0004807547393364425 
0.304  	 0.0002693496756750674 
0.305  	 1.012113334450056E-05 
0.306  	 0.0003145128611205102 
0.307  	 0.0007319576045905805 
0.308  	 0.001287416144807476 
0.309  	 0.002061137618408957 
0.31  	 0.003210547393422221 
0.311  	 0.005092389754842024 
0.312  	 0.008724271261672009 
0.313  	 0.01863501018834705 
0.314  	 0.1530961312282787 
0.315  	 0.03232645047268971 
0.316  	 0.01629136255036471 
0.317  	 0.01155096290637618 
0.318  	 0.009282959984811923 
0.319  	 0.007955105725571976 
0.32  	 0.007084505013959894 
0.321  	 0.006470627191246898 
0.322  	 0.006015243554515895 
0.323  	 0.005664569067520626 
0.324  	 0.005386680882348721 
0.325  	 0.005161434987378638 
0.326  	 0.004975492344923405 
0.327  	 0.004819669130696072 
0.328  	 0.004687435652365826 
0.329  	 0.00457402214435691 
0.33  	 0.004475863260985387 
0.331  	 0.004390240485059272 
0.332  	 0.004315044797650813 
0.333  	 0.004248614927831078 
0.334  	 0.004189624516964788 
0.335  	 0.004137001768181052 
0.336  	 0.004089871169385073 
0.337  	 0.004047510524998498 
0.338  	 0.004009318801493376 
0.339  	 0.003974791739502299 
0.34  	 0.003943503128559013 
0.341  	 0.003915090267723929 
0.342  	 0.003889242559584627 
0.343  	 0.003865692477172044 
0.344  	 0.003844208347111075 
0.345  	 0.003824588536811064 
0.346  	 0.003806656736989376 
0.347  	 0.003790258106094141 
0.348  	 0.003775256098302421 
0.349  	 0.00376152983779439 
0.35  	 0.00374897193257103 
0.351  	 0.003737486644336614 
0.352  	 0.003726988348545426 
0.353  	 0.003717400232339682 
0.354  	 0.003708653188583572 
0.355  	 0.003700684872361601 
0.356  	 0.003693438892777723 
0.357  	 0.003686864117946931 
0.358  	 0.003680914075103807 
0.359  	 0.003675546430972525 
0.36  	 0.003670722540149732 
0.361  	 0.00366640705133652 
0.362  	 0.00366256756295503 
0.363  	 0.0036591743210632 
0.364  	 0.003656199953636164 
0.365  	 0.003653619236205678 
0.366  	 0.003651408884622296 
0.367  	 0.003649547371344243 
0.368  	 0.003648014762195348 
0.369  	 0.00364679257098547 
0.37  	 0.003645863629746214 
0.371  	 0.003645211972662525 
0.372  	 0.003644822732039395 
0.373  	 0.003644682044877717 
0.374  	 0.003644776968815599 
0.375  	 0.00364509540635293 
0.376  	 0.003645626036426948 
0.377  	 0.003646358252519319 
0.378  	 0.003647282106577668 
0.379  	 0.003648388258122511 
0.38  	 0.003649667927988071 
0.381  	 0.003651112856214722 
0.382  	 0.003652715263664977 
0.383  	 0.003654467816976215 
0.384  	 0.003656363596525622 
0.385  	 0.003658396067104942 
0.386  	 0.003660559051040508 
0.387  	 0.003662846703526571 
0.388  	 0.003665253489954923 
0.389  	 0.003667774165065081 
0.39  	 0.003670403753737373 
0.391  	 0.003673137533283223 
0.392  	 0.00367597101709623 
0.393  	 0.003678899939545151 
0.394  	 0.003681920242001484 
0.395  	 0.003685028059895356 
0.396  	 0.003688219710719295 
0.397  	 0.003691491682898286 
0.398  	 0.003694840625454012 
0.399  	 0.003698263338391599 
0.4  	 0.003701756763758685 
0.401  	 0.00370531797731629 
0.402  	 0.003708944180775726 
0.403  	 0.00371263269455856 
0.404  	 0.003716380951028404 
0.405  	 0.003720186488172792 
0.406  	 0.003724046943693249 
0.407  	 0.003727960049467676 
0.408  	 0.003731923626367135 
0.409  	 0.003735935579395424 
0.41  	 0.003739993893126447 
0.411  	 0.003744096627423494 
0.412  	 0.003748241913410376 
0.413  	 0.003752427949686707 
0.414  	 0.003756652998767613 
0.415  	 0.00376091538372169 
0.416  	 0.003765213485011978 
0.417  	 0.003769545737508535 
0.418  	 0.003773910627672924 
0.419  	 0.003778306690895078 
0.42  	 0.003782732508975992 
0.421  	 0.00378718670775006 
0.422  	 0.003791667954825668 
0.423  	 0.003796174957452285 
0.424  	 0.003800706460492328 
0.425  	 0.00380526124450115 
0.426  	 0.003809838123897387 
0.427  	 0.003814435945229925 
0.428  	 0.003819053585524645 
0.429  	 0.003823689950714812 
0.43  	 0.003828343974140272 
0.431  	 0.003833014615120841 
0.432  	 0.003837700857592335 
0.433  	 0.003842401708804441 
0.434  	 0.003847116198074543 
0.435  	 0.003851843375596384 
0.436  	 0.003856582311298005 
0.437  	 0.003861332093747959 
0.438  	 0.003866091829103176 
0.439  	 0.003870860640099629 
0.44  	 0.003875637665082177 
0.441  	 0.003880422057069249 
0.442  	 0.003885212982850875 
0.443  	 0.00389000962211993 
0.444  	 0.003894811166631372 
0.445  	 0.003899616819389894 
0.446  	 0.00390442579386213 
0.447  	 0.003909237313213462 
0.448  	 0.003914050609566622 
0.449  	 0.003918864923281687 
0.45  	 0.003923679502252148 
0.451  	 0.003928493601222195 
0.452  	 0.00393330648111761 
0.453  	 0.003938117408392248 
0.454  	 0.00394292565438745 
0.455  	 0.003947730494703907 
0.456  	 0.003952531208584144 
0.457  	 0.003957327078305885 
0.458  	 0.003962117388582443 
0.459  	 0.003966901425971062 
0.46  	 0.003971678478288898 
0.461  	 0.003976447834033107 
0.462  	 0.003981208781805784 
0.463  	 0.003985960609742085 
0.464  	 0.003990702604941026 
0.465  	 0.00399543405289746 
0.466  	 0.00400015423693463 
0.467  	 0.004004862437635787 
0.468  	 0.004009557932274843 
0.469  	 0.004014239994244018 
0.47  	 0.004018907892478682 
0.471  	 0.004023560890876969 
0.472  	 0.004028198247714465 
0.473  	 0.004032819215052915 
0.474  	 0.004037423038140609 
0.475  	 0.004042008954804719 
0.476  	 0.004046576194835043 
0.477  	 0.004051123979355751 
0.478  	 0.004055651520186638 
0.479  	 0.004060158019191401 
0.48  	 0.00406464266761143 
0.481  	 0.004069104645385673 
0.482  	 0.004073543120453696 
0.483  	 0.004077957248040038 
0.484  	 0.004082346169922384 
0.485  	 0.004086709013676751 
0.486  	 0.004091044891902683 
0.487  	 0.004095352901424766 
0.488  	 0.004099632122468818 
0.489  	 0.004103881617813994 
0.49  	 0.004108100431914115 
0.491  	 0.004112287589990393 
0.492  	 0.004116442097093908 
0.493  	 0.00412056293713153 
0.494  	 0.004124649071858917 
0.495  	 0.004128699439834373 
0.496  	 0.004132712955332143 
0.497  	 0.0041366885072145 
0.498  	 0.004140624957757678 
0.499  	 0.004144521141429993 
0.5  	 0.004148375863620484 
0.501  	 0.004152187899311937 
0.502  	 0.004155955991698697 
0.503  	 0.004159678850743493 
0.504  	 0.004163355151669363 
0.505  	 0.004166983533386718 
0.506  	 0.00417056259684533 
0.507  	 0.004174090903311055 
0.508  	 0.004177566972563592 
0.509  	 0.004180989281005983 
0.51  	 0.004184356259684902 
0.511  	 0.004187666292213686 
0.512  	 0.004190917712591505 
0.513  	 0.004194108802916887 
0.514  	 0.004197237790983839 
0.515  	 0.004200302847751089 
0.516  	 0.004203302084688 
0.517  	 0.004206233550975379 
0.518  	 0.004209095230560329 
0.519  	 0.004211885039052495 
0.52  	 0.004214600820452005 
0.521  	 0.004217240343700091 
0.522  	 0.004219801299036765 
0.523  	 0.004222281294152514 
0.524  	 0.004224677850127724 
0.525  	 0.004226988397134391 
0.526  	 0.00422921026989089 
0.527  	 0.004231340702851812 
0.528  	 0.004233376825109488 
0.529  	 0.004235315654997047 
0.53  	 0.004237154094358957 
0.531  	 0.004238888922472304 
0.532  	 0.004240516789596557 
0.533  	 0.004242034210114956 
0.534  	 0.004243437555244857 
0.535  	 0.004244723045282145 
0.536  	 0.004245886741341883 
0.537  	 0.004246924536562551 
0.538  	 0.004247832146727732 
0.539  	 0.004248605100254173 
0.54  	 0.00424923872751287 
0.541  	 0.004249728149410109 
0.542  	 0.004250068265180355 
0.543  	 0.004250253739323214 
0.544  	 0.00425027898761038 
0.545  	 0.004250138162093473 
0.546  	 0.004249825135014885 
0.547  	 0.004249333481534016 
0.548  	 0.004248656461170994 
0.549  	 0.004247786997843609 
0.55  	 0.004246717658377874 
0.551  	 0.004245440629355173 
0.552  	 0.004243947692136052 
0.553  	 0.004242230195904311 
0.554  	 0.00424027902853215 
0.555  	 0.004238084585057945 
0.556  	 0.004235636733562916 
0.5570000000000001  	 0.004232924778168931 
0.5580000000000001  	 0.004229937418884142 
0.5590000000000001  	 0.004226662707975649 
0.5600000000000001  	 0.004223088002508627 
0.5610000000000001  	 0.004219199912665151 
0.5620000000000001  	 0.004214984245382954 
0.5630000000000001  	 0.00421042594281419 
0.5640000000000001  	 0.004205509015060123 
0.5650000000000001  	 0.004200216466517777 
0.5660000000000001  	 0.004194530215146638 
0.5670000000000001  	 0.004188431003834358 
0.5680000000000001  	 0.004181898302942971 
0.5690000000000001  	 0.004174910203012539 
0.5700000000000001  	 0.004167443296414022 
0.5710000000000001  	 0.004159472546618618 
0.5720000000000001  	 0.004150971143549407 
0.5730000000000001  	 0.004141910343235509 
0.5740000000000001  	 0.00413225928976196 
0.5750000000000001  	 0.004121984817183726 
0.5760000000000001  	 0.004111051228719985 
0.577  	 0.004099420050144719 
0.578  	 0.004087049753768833 
0.579  	 0.004073895448833581 
0.58  	 0.004059908533477438 
0.581  	 0.004045036302556897 
0.582  	 0.004029221504687025 
0.583  	 0.00401240184062046 
0.584  	 0.003994509393717231 
0.585  	 0.003975469981549699 
0.586  	 0.003955202415556925 
0.587  	 0.00393361765320477 
0.588  	 0.003910617823976351 
0.589  	 0.003886095106719521 
0.59  	 0.003859930431229958 
0.591  	 0.003831991971062108 
0.592  	 0.003802133387343778 
0.593  	 0.00377019177427035 
0.594  	 0.003735985245383287 
0.595  	 0.003699310085196603 
0.596  	 0.003659937372024301 
0.597  	 0.003617608953793361 
0.598  	 0.003572032627510221 
0.599  	 0.003522876332182626 
0.6  	 0.003469761111370223 
0.601  	 0.003412252530121931 
0.602  	 0.003349850135148122 
0.603  	 0.00328197441727901 
0.604  	 0.003207950557231657 
0.605  	 0.003126987989049279 
0.606  	 0.003038154469520847 
0.607  	 0.002940342849528214 
0.608  	 0.002832228033075457 
0.609  	 0.002712210568586404 
0.61  	 0.002578341764209982 
0.611  	 0.002428222859371984 
0.612  	 0.002258867123714677 
0.613  	 0.002066507942578854 
0.614  	 0.001846326483193493 
0.615  	 0.001592056674389138 
0.616  	 0.0012953977833612 
0.617  	 0.0009451155970185658 
0.618  	 0.0005256209598614271 
0.619  	 1.463306325446453E-05 
0.62  	 0.0006208426908591034 
0.621  	 0.001431834321193148 
0.622  	 0.002501673531093169 
0.623  	 0.003976364701484915 
0.624  	 0.00613714739118001 
0.625  	 0.009604253946696345 
0.626  	 0.01606796038891757 
0.627  	 0.03234629875686877 
0.628  	 0.1508758187303841 
0.629  	 0.07847899921487823 
0.63  	 0.03503894275333981 
0.631  	 0.02400407987126815 
0.632  	 0.01896767195471364 
0.633  	 0.01608575882954123 
0.634  	 0.01422069442082823 
0.635  	 0.01291590800261389 
0.636  	 0.01195258058071107 
0.637  	 0.01121271430843613 
0.638  	 0.01062706335060508 
0.639  	 0.01015231304741539 
0.64  	 0.00975998063605976 
0.641  	 0.009430567388242371 
0.642  	 0.009150275324275077 
0.643  	 0.008909065735306308 
0.644  	 0.00869946054834987 
0.645  	 0.008515774817016639 
0.646  	 0.008353609657492192 
0.647  	 0.008209508040275324 
0.648  	 0.008080715515615795 
0.649  	 0.007965010356001138 
0.65  	 0.007860580704029094 
0.651  	 0.007765934218712892 
0.652  	 0.007679830614035704 
0.653  	 0.007601230597217216 
0.654  	 0.007529256736571073 
0.655  	 0.00746316312923446 
0.656  	 0.00740231164345997 
0.657  	 0.007346153130851753 
0.658  	 0.007294212436505732 
0.659  	 0.007246076340515283 
0.66  	 0.007201383783172289 
0.661  	 0.00715981788473633 
0.662  	 0.007121099386768364 
0.663  	 0.007084981228152464 
0.664  	 0.007051244033180947 
0.665  	 0.007019692337628218 
0.666  	 0.006990151415766949 
0.667  	 0.006962464599537179 
0.668  	 0.006936491003067386 
0.669  	 0.006912103582804487 
0.67  	 0.006889187476863748 
0.671  	 0.006867638577838837 
0.672  	 0.006847362301646348 
0.673  	 0.006828272521671746 
0.674  	 0.006810290642926938 
0.675  	 0.00679334479519083 
0.676  	 0.006777369127680444 
0.677  	 0.006762303190656913 
0.678  	 0.006748091391695261 
0.679  	 0.006734682516335046 
0.68  	 0.006722029304377711 
0.681  	 0.006710088074422444 
0.6820000000000001  	 0.006698818390380066 
0.6830000000000001  	 0.006688182764566747 
0.6840000000000001  	 0.006678146392788241 
0.6850000000000001  	 0.006668676917469417 
0.6860000000000001  	 0.00665974421540593 
0.6870000000000001  	 0.006651320207224236 
0.6880000000000001  	 0.006643378685996625 
0.6890000000000001  	 0.006635895162782396 
0.6900000000000001  	 0.006628846727206319 
0.6910000000000001  	 0.006622211921370106 
0.6920000000000001  	 0.006615970625641922 
0.6930000000000001  	 0.00661010395503896 
0.6940000000000001  	 0.006604594165062902 
0.6950000000000001  	 0.006599424566012836 
0.6960000000000001  	 0.006594579444890013 
0.6970000000000001  	 0.006590043994110646 
0.6980000000000001  	 0.006585804246364567 
0.6990000000000001  	 0.006581847014992367 
0.7000000000000001  	 0.006578159839349967 
0.7010000000000001  	 0.006574730934682533 
0.7020000000000001  	 0.006571549146066768 
0.7030000000000001  	 0.006568603906058452 
0.704  	 0.006565885195691638 
0.705  	 0.006563383508509239 
0.706  	 0.006561089817397577 
0.707  	 0.006558995543913623 
0.708  	 0.006557092529934779 
0.709  	 0.006555373011408697 
0.71  	 0.006553829594021559 
0.711  	 0.006552455230631187 
0.712  	 0.006551243200311742 
0.713  	 0.006550187088875442 
0.714  	 0.006549280770758639 
0.715  	 0.006548518392147137 
0.716  	 0.006547894355255728 
0.717  	 0.006547403303669081 
0.718  	 0.006547040108647753 
0.719  	 0.006546799856341361 
0.72  	 0.006546677835830249 
0.721  	 0.006546669527934488 
0.722  	 0.006546770594735045 
0.723  	 0.006546976869747509 
0.724  	 0.006547284348709643 
0.725  	 0.006547689180934431 
0.726  	 0.00654818766118155 
0.727  	 0.006548776222020637 
0.728  	 0.006549451426646134 
0.729  	 0.006550209962110337 
0.73  	 0.0065510486329519 
0.731  	 0.00655196435518313 
0.732  	 0.006552954150622095 
0.733  	 0.006554015141540333 
0.734  	 0.006555144545602284 
0.735  	 0.006556339671085826 
0.736  	 0.006557597912355893 
0.737  	 0.006558916745580843 
0.738  	 0.006560293724675318 
0.739  	 0.00656172647744867 
0.74  	 0.006563212701954857 
0.741  	 0.006564750163025624 
0.742  	 0.006566336688973815 
0.743  	 0.00656797016846211 
0.744  	 0.006569648547520703 
0.745  	 0.00657136982670722 
0.746  	 0.006573132058403265 
0.747  	 0.006574933344229993 
0.748  	 0.006576771832585567 
0.749  	 0.006578645716292443 
0.75  	 0.006580553230344804 
0.751  	 0.006582492649755611 
0.752  	 0.006584462287494321 
0.753  	 0.006586460492507737 
0.754  	 0.006588485647825579 
0.755  	 0.00659053616873498 
0.756  	 0.00659261050102951 
0.757  	 0.006594707119324838 
0.758  	 0.006596824525432718 
0.759  	 0.006598961246796342 
0.76  	 0.006601115834977706 
0.761  	 0.006603286864197355 
0.762  	 0.006605472929920747 
0.763  	 0.006607672647487899 
0.764  	 0.006609884650786503 
0.765  	 0.006612107590961726 
0.766  	 0.006614340135162004 
0.767  	 0.006616580965317461 
0.768  	 0.006618828776950503 
0.769  	 0.006621082278012269 
0.77  	 0.006623340187746973 
0.771  	 0.006625601235577599 
0.772  	 0.006627864160015405 
0.773  	 0.006630127707587832 
0.774  	 0.006632390631783187 
0.775  	 0.006634651692011626 
0.776  	 0.006636909652579903 
0.777  	 0.006639163281676842 
0.778  	 0.006641411350369911 
0.779  	 0.006643652631609059 
0.78  	 0.006645885899238002 
0.781  	 0.006648109927009165 
0.782  	 0.006650323487602066 
0.783  	 0.006652525351643239 
0.784  	 0.006654714286726354 
0.785  	 0.006656889056428828 
0.786  	 0.006659048419326674 
0.787  	 0.006661191128001781 
0.788  	 0.006663315928045426 
0.789  	 0.006665421557049275 
0.79  	 0.006667506743588883 
0.791  	 0.006669570206193972 
0.792  	 0.006671610652304586 
0.793  	 0.006673626777212067 
0.794  	 0.006675617262981374 
0.795  	 0.006677580777355819 
0.796  	 0.006679515972638142 
0.797  	 0.006681421484549709 
0.798  	 0.006683295931063459 
0.799  	 0.006685137911209448 
0.8  	 0.006686946003849992 
0.801  	 0.006688718766424097 
0.802  	 0.006690454733654595 
0.803  	 0.00669215241622174 
0.804  	 0.006693810299392197 
0.805  	 0.006695426841611928 
0.806  	 0.006697000473047532 
0.8070000000000001  	 0.006698529594083462 
0.8080000000000001  	 0.006700012573765854 
0.8090000000000001  	 0.006701447748191604 
0.8100000000000001  	 0.006702833418841355 
0.8110000000000001  	 0.006704167850845759 
0.8120000000000001  	 0.006705449271192091 
0.8130000000000001  	 0.006706675866856683 
0.8140000000000001  	 0.006707845782864353 
0.8150000000000001  	 0.006708957120269449 
0.8160000000000001  	 0.006710007934052693 
0.8170000000000001  	 0.006710996230930492 
0.8180000000000001  	 0.006711919967068097 
0.8190000000000001  	 0.006712777045696316 
0.8200000000000001  	 0.006713565314616423 
0.8210000000000001  	 0.006714282563600494 
0.8220000000000001  	 0.006714926521665526 
0.8230000000000001  	 0.006715494854224049 
0.8240000000000001  	 0.006715985160099396 
0.8250000000000001  	 0.006716394968398065 
0.8260000000000001  	 0.006716721735230682 
0.8270000000000001  	 0.006716962840268611 
0.8280000000000001  	 0.006717115583135115 
0.8290000000000001  	 0.006717177179607476 
0.8300000000000001  	 0.006717144757629068 
0.8310000000000001  	 0.006717015353112361 
0.8320000000000001  	 0.006716785905523646 
0.833  	 0.006716453253232876 
0.834  	 0.006716014128613237 
0.835  	 0.006715465152875017 
0.836  	 0.006714802830615937 
0.837  	 0.006714023544067103 
0.838  	 0.006713123547016257 
0.839  	 0.00671209895838661 
0.84  	 0.006710945755440926 
0.841  	 0.00670965976659845 
0.842  	 0.006708236663822549 
0.843  	 0.006706671954557672 
0.844  	 0.006704960973180154 
0.845  	 0.006703098871929316 
0.846  	 0.006701080611280439 
0.847  	 0.006698900949718162 
0.848  	 0.006696554432865739 
0.849  	 0.006694035381917735 
0.85  	 0.006691337881339281 
0.851  	 0.00668845576574998 
0.852  	 0.006685382605950808 
0.853  	 0.006682111694016995 
0.854  	 0.0066786360273854 
0.855  	 0.006674948291855562 
0.856  	 0.006671040843410104 
0.857  	 0.006666905688777224 
0.858  	 0.006662534464602953 
0.859  	 0.006657918415137682 
0.86  	 0.00665304836830392 
0.861  	 0.00664791471000357 
0.862  	 0.006642507356515955 
0.863  	 0.006636815724814948 
0.864  	 0.006630828700623409 
0.865  	 0.006624534603988564 
0.866  	 0.006617921152178259 
0.867  	 0.006610975419614113 
0.868  	 0.006603683794589196 
0.869  	 0.006596031932454074 
0.87  	 0.006588004704929784 
0.871  	 0.006579586145174916 
0.872  	 0.006570759388164442 
0.873  	 0.00656150660595013 
0.874  	 0.006551808937225535 
0.875  	 0.006541646410646525 
0.876  	 0.006530997861229283 
0.877  	 0.006519840839093565 
0.878  	 0.006508151509715278 
0.879  	 0.006495904544756169 
0.88  	 0.006483073002413917 
0.881  	 0.006469628196086274 
0.882  	 0.006455539550033809 
0.883  	 0.006440774440460608 
0.884  	 0.006425298020304964 
0.885  	 0.006409073025741064 
0.886  	 0.006392059562127138 
0.887  	 0.00637421486681157 
0.888  	 0.006355493045800437 
0.889  	 0.006335844780916648 
0.89  	 0.006315217003448885 
0.891  	 0.006293552529780547 
0.892  	 0.006270789653709737 
0.893  	 0.006246861689333519 
0.894  	 0.006221696457360215 
0.895  	 0.006195215706505229 
0.896  	 0.006167334460203055 
0.897  	 0.006137960277111643 
0.898  	 0.006106992411901217 
0.899  	 0.006074320860196168 
0.9  	 0.006039825268636887 
0.901  	 0.006003373687276594 
0.902  	 0.005964821137047376 
0.903  	 0.005924007959515125 
0.904  	 0.00588075790928355 
0.905  	 0.005834875941051101 
0.906  	 0.005786145632634626 
0.907  	 0.005734326172198703 
0.908  	 0.005679148821189404 
0.909  	 0.005620312743345296 
0.91  	 0.005557480063158863 
0.911  	 0.005490269982430233 
0.912  	 0.005418251738589602 
0.913  	 0.005340936129709387 
0.914  	 0.005257765253982949 
0.915  	 0.005168100008674591 
0.916  	 0.005071204756309526 
0.917  	 0.004966228379757873 
0.918  	 0.004852180693548648 
0.919  	 0.004727902826852035 
0.92  	 0.004592029700757796 
0.921  	 0.004442942023355901 
0.922  	 0.004278704219284201 
0.923  	 0.004096983238952316 
0.924  	 0.003894941003977562 
0.925  	 0.003669089929928495 
0.926  	 0.003415095841097629 
0.927  	 0.00312750448478023 
0.928  	 0.002799354705508741 
0.929  	 0.002421619413436347 
0.93  	 0.00198237774019736 
0.931  	 0.001465554440390647 
0.9320000000000001  	 0.0008489374246415473 
0.9330000000000001  	 0.0001009402749811778 
0.9340000000000001  	 0.0008249265083394133 
0.9350000000000001  	 0.002000020395825279 
0.9360000000000001  	 0.003539761606076117 
0.9370000000000001  	 0.005643852517952574 
0.9380000000000001  	 0.00869038887917141 
0.9390000000000001  	 0.0134923345457424 
0.9400000000000001  	 0.02217505154189525 
0.9410000000000001  	 0.04261669000414731 
0.9420000000000001  	 0.1486494789578479 
0.9430000000000001  	 0.1514376253468961 
0.9440000000000001  	 0.05725271934777613 
0.9450000000000001  	 0.03775709672992431 
0.9460000000000001  	 0.02933494431022715 
0.9470000000000001  	 0.02464019185752737 
0.9480000000000001  	 0.02164788384883946 
0.9490000000000001  	 0.01957494891211461 
0.9500000000000001  	 0.01805472090797441 
0.9510000000000001  	 0.01689263285757439 
0.9520000000000001  	 0.01597584964824109 
0.9530000000000001  	 0.01523443022553634 
0.9540000000000001  	 0.01462271394129424 
0.9550000000000001  	 0.01410962561209095 
0.9560000000000001  	 0.01367328236531812 
0.9570000000000001  	 0.01329782872303804 
0.9580000000000001  	 0.01297149506215925 
0.9590000000000001  	 0.01268536114028434 
0.96  	 0.01243254301834235 
0.961  	 0.01220764336786312 
0.962  	 0.01200637072209703 
0.963  	 0.01182527004525671 
0.964  	 0.01166152841414869 
0.965  	 0.01151283246698427 
0.966  	 0.01137726221380212 
0.967  	 0.01125321082901871 
0.968  	 0.01113932329986232 
0.969  	 0.01103444895409754 
0.97  	 0.0109376043369779 
0.971  	 0.01084794389748435 
0.972  	 0.01076473663219611 
0.973  	 0.01068734732045807 
0.974  	 0.01061522133130332 
0.975  	 0.0105478722332797 
0.976  	 0.01048487162199029 
0.977  	 0.01042584071558435 
0.978  	 0.01037044336984562 
0.979  	 0.01031838024077902 
0.98  	 0.01026938388062209 
0.981  	 0.01022321459769044 
0.982  	 0.01017965694470785 
0.983  	 0.01013851672713301 
0.984  	 0.01009961844376264 
0.985  	 0.01006280308847072 
0.986  	 0.01002792625499622 
0.987  	 0.00999485649713374 
0.988  	 0.009963473905051074 
0.989  	 0.009933668865212388 
0.99  	 0.009905340976881874 
0.991  	 0.009878398102566523 
0.992  	 0.009852755533535932 
0.993  	 0.009828335254421139 
0.994  	 0.009805065293453133 
0.995  	 0.009782879146924583 
0.996  	 0.009761715268160458 
0.997  	 0.009741516612738773 
0.998  	 0.009722230232820225 
0.999  	 0.009703806914564973 
1  	 0.009686200853351111 
1.001  	 0.009669369362285459 
1.002  	 0.009653272610108572 
1.003  	 0.009637873385034745 
1.004  	 0.009623136881686218 
1.005  	 0.009609030508390608 
1.006  	 0.009595523712750884 
1.007  	 0.009582587823367602 
1.008  	 0.009570195906086612 
1.009  	 0.009558322633191984 
1.01  	 0.009546944164231068 
1.011  	 0.009536038037234355 
1.012  	 0.009525583069371664 
1.013  	 0.009515559266001467 
1.014  	 0.009505947737376268 
1.015  	 0.009496730622221117 
1.016  	 0.009487891017554147 
1.017  	 0.009479412914120881 
1.018  	 0.009471281137001703 
1.019  	 0.009463481290810531 
1.02  	 0.009455999709189115 
1.021  	 0.009448823408093436 
1.022  	 0.0094419400426561 
1.023  	 0.009435337867207096 
1.024  	 0.009429005698260565 
1.025  	 0.009422932880174206 
1.026  	 0.009417109253269114 
1.027  	 0.009411525124207135 
1.028  	 0.009406171238436135 
1.029  	 0.009401038754547996 
1.03  	 0.009396119220361486 
1.031  	 0.009391404550659512 
1.032  	 0.00938688700636211 
1.033  	 0.009382559175118908 
1.034  	 0.00937841395312086 
1.035  	 0.009374444528124838 
1.036  	 0.009370644363523467 
1.037  	 0.009367007183439049 
1.038  	 0.009363526958734275 
1.039  	 0.009360197893894119 
1.04  	 0.009357014414682794 
1.041  	 0.009353971156575606 
1.042  	 0.009351062953846516 
1.043  	 0.009348284829317046 
1.044  	 0.009345631984691818 
1.045  	 0.009343099791457003 
1.046  	 0.00934068378227714 
1.047  	 0.009338379642904838 
1.048  	 0.009336183204504488 
1.049  	 0.009334090436429326 
1.05  	 0.009332097439359217 
1.051  	 0.009330200438835123 
1.052  	 0.00932839577911011 
1.053  	 0.009326679917336557 
1.054  	 0.009325049418046134 
1.055  	 0.009323500947917868 
1.056  	 0.009322031270794477 
1.057  	 0.009320637242965744 
1.058  	 0.009319315808663733 
1.059  	 0.009318063995786208 
1.06  	 0.009316878911818009 
1.061  	 0.009315757739949275 
1.062  	 0.009314697735359154 
1.063  	 0.009313696221687618 
1.064  	 0.009312750587642063 
1.065  	 0.009311858283775511 
1.066  	 0.009311016819380236 
1.067  	 0.009310223759533852 
1.068  	 0.009309476722250819 
1.069  	 0.009308773375758984 
1.07  	 0.009308111435880178 
1.071  	 0.009307488663515861 
1.072  	 0.009306902862219316 
1.073  	 0.009306351875870818 
1.074  	 0.009305833586422634 
1.075  	 0.009305345911731268 
1.076  	 0.009304886803459794 
1.077  	 0.009304454245050225 
1.078  	 0.009304046249755765 
1.079  	 0.009303660858741326 
1.08  	 0.009303296139229254 
1.081  	 0.00930295018270718 
1.082  	 0.009302621103174209 
1.083  	 0.009302307035441076 
1.084  	 0.009302006133463801 
1.085  	 0.009301716568719205 
1.086  	 0.009301436528614183 
1.087  	 0.009301164214927913 
1.088  	 0.009300897842277892 
1.089  	 0.009300635636619897 
1.09  	 0.009300375833764031 
1.091  	 0.009300116677914012 
1.092  	 0.009299856420225142 
1.093  	 0.009299593317375508 
1.094  	 0.009299325630151074 
1.095  	 0.009299051622041948 
1.096  	 0.009298769557843414 
1.097  	 0.009298477702266779 
1.098  	 0.009298174318548919 
1.099  	 0.009297857667066169 
1.1  	 0.00929752600394366 
1.101  	 0.009297177579663302 
1.102  	 0.009296810637662443 
1.103  	 0.009296423412926367 
1.104  	 0.009296014130568912 
1.105  	 0.009295581004397842 
1.106  	 0.009295122235466635 
1.107  	 0.009294636010606134 
1.108  	 0.009294120500935832 
1.109  	 0.009293573860349957 
1.11  	 0.009292994223980215 
1.111  	 0.00929237970662504 
1.112  	 0.009291728401152277 
1.113  	 0.00929103837686044 
1.114  	 0.009290307677808642 
1.115  	 0.009289534321100169 
1.116  	 0.00928871629512505 
1.117  	 0.009287851557753491 
1.118  	 0.009286938034478377 
1.119  	 0.009285973616501495 
1.12  	 0.009284956158766355 
1.121  	 0.009283883477918947 
1.122  	 0.009282753350210641 
1.123  	 0.009281563509324393 
1.124  	 0.009280311644126963 
1.125  	 0.009278995396337494 
1.126  	 0.009277612358116276 
1.127  	 0.009276160069551226 
1.128  	 0.00927463601606097 
1.129  	 0.009273037625679166 
1.13  	 0.009271362266244799 
1.131  	 0.009269607242459848 
1.132  	 0.009267769792836977 
1.133  	 0.009265847086507628 
1.134  	 0.009263836219893304 
1.135  	 0.009261734213224704 
1.136  	 0.00925953800691418 
1.137  	 0.009257244457744052 
1.138  	 0.009254850334894489 
1.139  	 0.009252352315770226 
1.14  	 0.009249746981635061 
1.141  	 0.009247030813022821 
1.142  	 0.009244200184940028 
1.143  	 0.009241251361801353 
1.144  	 0.009238180492137593 
1.145  	 0.009234983603002008 
1.146  	 0.009231656594114169 
1.147  	 0.009228195231666018 
1.148  	 0.009224595141822459 
1.149  	 0.009220851803854763 
1.15  	 0.009216960542904728 
1.151  	 0.009212916522341973 
1.152  	 0.009208714735710473 
1.153  	 0.00920434999819038 
1.154  	 0.00919981693759829 
1.155  	 0.009195109984853272 
1.156  	 0.009190223363875144 
1.157  	 0.009185151080908553 
1.158  	 0.009179886913173053 
1.159  	 0.009174424396862085 
1.16  	 0.009168756814366717 
1.161  	 0.009162877180739524 
1.162  	 0.009156778229288344 
1.163  	 0.009150452396262349 
1.164  	 0.009143891804547199 
1.165  	 0.009137088246319989 
1.166  	 0.00913003316453042 
1.167  	 0.009122717633183775 
1.168  	 0.009115132336275577 
1.169  	 0.00910726754529787 
1.17  	 0.0090991130951884 
1.171  	 0.009090658358623112 
1.172  	 0.009081892218454082 
1.173  	 0.009072803038224043 
1.174  	 0.009063378630497809 
1.175  	 0.009053606222923146 
1.176  	 0.009043472421720667 
1.177  	 0.009032963172475358 
1.178  	 0.009022063717912586 
1.179  	 0.009010758552431473 
1.18  	 0.008999031373069245 
1.181  	 0.008986865026614676 
1.182  	 0.00897424145242574 
1.183  	 0.008961141620643051 
1.184  	 0.008947545465274135 
1.185  	 0.008933431811690991 
1.186  	 0.008918778297963581 
1.187  	 0.008903561289450183 
1.188  	 0.008887755785874453 
1.189  	 0.008871335320231946 
1.19  	 0.008854271848525511 
1.191  	 0.008836535629503494 
1.192  	 0.008818095093164086 
1.193  	 0.0087989166969291 
1.194  	 0.008778964768009125 
1.195  	 0.00875820133044352 
1.196  	 0.008736585915014096 
1.197  	 0.008714075350082489 
1.198  	 0.008690623530961606 
1.199  	 0.008666181165351693 
1.2  	 0.008640695491771447 
1.201  	 0.008614109967644817 
1.202  	 0.00858636392312279 
1.203  	 0.008557392176231889 
1.204  	 0.008527124604078361 
1.205  	 0.008495485664333093 
1.206  	 0.008462393859915342 
1.207  	 0.008427761139082285 
1.208  	 0.008391492221409474 
1.209  	 0.008353483838974001 
1.21  	 0.008313623879859731 
1.211  	 0.008271790419088442 
1.212  	 0.008227850619269988 
1.213  	 0.008181659480159873 
1.214  	 0.008133058412158618 
1.215  	 0.008081873604354296 
1.216  	 0.00802791415154681 
1.217  	 0.007970969897789728 
1.218  	 0.00791080894502655 
1.219  	 0.007847174764636868 
1.22  	 0.007779782835829205 
1.221  	 0.007708316718215717 
1.222  	 0.007632423443901919 
1.223  	 0.007551708087815766 
1.224  	 0.007465727339683646 
1.225  	 0.007373981857073201 
1.226  	 0.007275907120764151 
1.227  	 0.007170862438840599 
1.228  	 0.007058117646897844 
1.229  	 0.006936836920976842 
1.23  	 0.006806058944200524 
1.231  	 0.006664672431862464 
1.232  	 0.00651138569590057 
1.233  	 0.006344688483712098 
1.234  	 0.006162803702223016 
1.235  	 0.005963625755082795 
1.236  	 0.005744640951858658 
1.237  	 0.005502823598966529 
1.238  	 0.00523449863790877 
1.239  	 0.004935157554369367 
1.24  	 0.004599207896331052 
1.241  	 0.004219626681646261 
1.242  	 0.00378747173082749 
1.243  	 0.003291177997371796 
1.244  	 0.002715519799909886 
1.245  	 0.002040037987651758 
1.246  	 0.001236579923626791 
1.247  	 0.0002653078707594079 
1.248  	 0.0009320655195755587 
1.249  	 0.002444356206464011 
1.25  	 0.004413907349096986 
1.251  	 0.007084067234888886 
1.252  	 0.01090809998719072 
1.253  	 0.01683776446177941 
1.254  	 0.02726848512138434 
1.255  	 0.05044867221883786 
1.256  	 0.14641709502594 
1.257  	 0.2864836988653049 
1.258  	 0.08414572416356629 
1.259  	 0.05307166290881871 
1.26  	 0.04048091936979763 
1.261  	 0.03366417624552618 
1.262  	 0.02939148431938565 
1.263  	 0.02646337073256094 
1.264  	 0.02433198980546408 
1.265  	 0.02271153080593689 
1.266  	 0.02143828594708224 
1.267  	 0.02041173710432673 
1.268  	 0.01956675065651306 
1.269  	 0.01885926676820335 
1.27  	 0.01825841422811215 
1.271  	 0.01774191924881844 
1.272  	 0.01729330736139867 
1.273  	 0.01690013132548532 
1.274  	 0.01655281140930562 
1.275  	 0.01624385460244385 
1.276  	 0.01596731577145204 
1.277  	 0.0157184175874037 
1.278  	 0.01549327720088272 
1.279  	 0.01528870625015541 
1.28  	 0.01510206223075883 
1.281  	 0.0149311364691044 
1.282  	 0.01477406859763723 
1.283  	 0.01462928049488304 
1.284  	 0.01449542471059728 
1.285  	 0.01437134380142537 
1.286  	 0.01425603797572042 
1.287  	 0.01414863913213201 
1.288  	 0.01404838986479091 
1.289  	 0.01395462636090482 
1.29  	 0.01386676437396609 
1.291  	 0.01378428764625008 
1.292  	 0.01370673829553087 
1.293  	 0.01363370878808827 
1.294  	 0.01356483520070546 
1.295  	 0.01349979153652274 
1.296  	 0.01343828490723561 
1.297  	 0.01338005143156933 
1.298  	 0.01332485272857415 
1.299  	 0.01327247290771145 
1.3  	 0.01322271597527872 
1.301  	 0.01317540359172375 
1.302  	 0.01313037312548713 
1.303  	 0.01308747595875734 
1.304  	 0.01304657600782281 
1.305  	 0.01300754842700981 
1.306  	 0.01297027847009553 
1.307  	 0.01293466048744236 
1.308  	 0.01290059704019602 
1.309  	 0.01286799811602699 
1.31  	 0.0128367804330245 
1.311  	 0.0128068668204332 
1.312  	 0.01277818566644973 
1.313  	 0.01275067042487176 
1.314  	 0.01272425917325575 
1.315  	 0.01269889421657873 
1.316  	 0.01267452173086945 
1.317  	 0.01265109144233326 
1.318  	 0.01262855633778037 
1.319  	 0.01260687240294767 
1.32  	 0.01258599838557378 
1.321  	 0.01256589558057224 
1.322  	 0.01254652763487766 
1.323  	 0.01252786036998984 
1.324  	 0.0125098616202572 
1.325  	 0.01249250108538271 
1.326  	 0.01247575019566634 
1.327  	 0.01245958198874491 
1.328  	 0.01244397099665531 
1.329  	 0.01242889314230649 
1.33  	 0.01241432564434858 
1.331  	 0.01240024692977453 
1.332  	 0.01238663655340653 
1.333  	 0.01237347512376318 
1.334  	 0.0123607442346163 
1.335  	 0.01234842640181169 
1.336  	 0.01233650500484217 
1.337  	 0.01232496423279054 
1.338  	 0.01231378903421736 
1.339  	 0.01230296507073808 
1.34  	 0.01229247867388718 
1.341  	 0.01228231680506775 
1.342  	 0.01227246701829623 
1.343  	 0.01226291742553651 
1.344  	 0.01225365666437961 
1.345  	 0.0122446738679489 
1.346  	 0.01223595863676808 
1.347  	 0.0122275010125342 
1.348  	 0.01221929145355723 
1.349  	 0.01221132081182714 
1.35  	 0.01220358031150749 
1.351  	 0.01219606152880865 
1.352  	 0.01218875637310436 
1.353  	 0.01218165706922382 
1.354  	 0.01217475614080086 
1.355  	 0.01216804639465884 
1.356  	 0.01216152090609496 
1.357  	 0.01215517300505122 
1.358  	 0.01214899626308282 
1.359  	 0.01214298448108353 
1.36  	 0.01213713167769507 
1.361  	 0.01213143207839453 
1.362  	 0.01212588010515759 
1.363  	 0.01212047036672267 
1.364  	 0.01211519764935255 
1.365  	 0.01211005690812269 
1.366  	 0.01210504325864607 
1.367  	 0.01210015196924735 
1.368  	 0.01209537845353664 
1.369  	 0.01209071826336846 
1.37  	 0.01208616708214157 
1.371  	 0.0120817207184553 
1.372  	 0.01207737510005506 
1.373  	 0.01207312626808667 
1.374  	 0.01206897037161754 
1.375  	 0.0120649036624226 
1.376  	 0.01206092248999908 
1.377  	 0.01205702329682997 
1.378  	 0.01205320261383572 
1.379  	 0.01204945705605152 
1.38  	 0.01204578331846884 
1.381  	 0.01204217817207628 
1.382  	 0.01203863846004863 
1.383  	 0.01203516109410208 
1.384  	 0.01203174305099294 
1.385  	 0.01202838136915682 
1.386  	 0.01202507314546791 
1.387  	 0.01202181553213508 
1.388  	 0.01201860573369606 
1.389  	 0.01201544100412821 
1.39  	 0.01201231864405541 
1.391  	 0.01200923599805103 
1.392  	 0.01200619045202337 
1.393  	 0.01200317943069109 
1.394  	 0.01200020039512414 
1.395  	 0.01199725084036956 
1.396  	 0.01199432829312778 
1.397  	 0.01199143030950553 
1.398  	 0.01198855447281347 
1.399  	 0.01198569839142342 
1.4  	 0.01198285969667187 
1.401  	 0.01198003604080802 
1.402  	 0.01197722509497948 
1.403  	 0.01197442454726071 
1.404  	 0.01197163210070789 
1.405  	 0.01196884547144733 
1.406  	 0.01196606238678844 
1.407  	 0.01196328058335938 
1.408  	 0.01196049780526179 
1.409  	 0.01195771180224269 
1.41  	 0.01195492032787841 
1.411  	 0.01195212113776769 
1.412  	 0.01194931198773342 
1.413  	 0.01194649063202641 
1.414  	 0.01194365482152942 
1.415  	 0.01194080230196073 
1.416  	 0.01193793081206956 
1.417  	 0.01193503808182475 
1.418  	 0.01193212183059115 
1.419  	 0.01192917976529156 
1.42  	 0.01192620957854899 
1.421  	 0.01192320894681036 
1.422  	 0.01192017552844344 
1.423  	 0.01191710696180854 
1.424  	 0.01191400086329507 
1.425  	 0.01191085482532888 
1.426  	 0.01190766641433583 
1.427  	 0.01190443316866724 
1.428  	 0.01190115259647808 
1.429  	 0.01189782217355593 
1.43  	 0.01189443934109498 
1.431  	 0.01189100150341494 
1.432  	 0.01188750602561239 
1.433  	 0.01188395023115062 
1.434  	 0.01188033139937412 
1.435  	 0.01187664676294684 
1.436  	 0.0118728935052075 
1.437  	 0.01186906875744088 
1.438  	 0.01186516959604755 
1.439  	 0.01186119303962547 
1.44  	 0.01185713604593113 
1.441  	 0.01185299550874323 
1.442  	 0.01184876825459133 
1.443  	 0.01184445103936912 
1.444  	 0.01184004054480408 
1.445  	 0.01183553337478683 
1.446  	 0.01183092605154305 
1.447  	 0.01182621501165271 
1.448  	 0.01182139660188012 
1.449  	 0.01181646707483726 
1.45  	 0.01181142258444206 
1.451  	 0.01180625918117244 
1.452  	 0.0118009728070977 
1.453  	 0.01179555929068611 
1.454  	 0.01179001434134569 
1.455  	 0.01178433354372296 
1.456  	 0.01177851235169848 
1.457  	 0.01177254608210613 
1.458  	 0.01176642990811162 
1.459  	 0.01176015885227176 
1.46  	 0.01175372777922301 
1.461  	 0.01174713138798889 
1.462  	 0.01174036420387408 
1.463  	 0.01173342056993647 
1.464  	 0.0117262946379706 
1.465  	 0.01171898035901791 
1.466  	 0.01171147147333232 
1.467  	 0.0117037614997849 
1.468  	 0.01169584372465776 
1.469  	 0.01168771118980551 
1.47  	 0.0116793566800973 
1.471  	 0.01167077271015012 
1.472  	 0.01166195151023269 
1.473  	 0.01165288501135222 
1.474  	 0.01164356482939259 
1.475  	 0.01163398224830094 
1.476  	 0.01162412820220169 
1.477  	 0.01161399325638576 
1.478  	 0.0116035675870728 
1.479  	 0.01159284095988156 
1.48  	 0.01158180270685295 
1.481  	 0.01157044170198419 
1.482  	 0.01155874633509594 
1.483  	 0.0115467044839326 
1.484  	 0.0115343034843345 
1.485  	 0.01152153009835577 
1.486  	 0.01150837048009722 
1.487  	 0.01149481013914812 
1.488  	 0.01148083390133883 
1.489  	 0.01146642586667241 
1.49  	 0.01145156936409214 
1.491  	 0.01143624690289767 
1.492  	 0.01142044012044367 
1.493  	 0.01140412972582536 
1.494  	 0.01138729543915903 
1.495  	 0.01136991592609254 
1.496  	 0.01135196872702509 
1.497  	 0.01133343018062623 
1.498  	 0.01131427534102787 
1.499  	 0.01129447788811661 
1.5  	 0.01127401003021901 
1.501  	 0.01125284239845758 
1.502  	 0.01123094393184942 
1.503  	 0.01120828175230681 
1.504  	 0.01118482102834764 
1.505  	 0.01116052482645687 
1.506  	 0.01113535394861933 
1.507  	 0.01110926675463935 
1.508  	 0.01108221896745453 
1.509  	 0.01105416345956752 
1.51  	 0.01102505001839263 
1.511  	 0.01099482508810287 
1.512  	 0.01096343148507459 
1.513  	 0.01093080808386568 
1.514  	 0.01089688946998173 
1.515  	 0.01086160555533098 
1.516  	 0.01082488115155606 
1.517  	 0.01078663549583523 
1.518  	 0.01074678172271902 
1.519  	 0.0107052262748894 
1.52  	 0.010661868244222 
1.521  	 0.01061659863356362 
1.522  	 0.01056929952764039 
1.523  	 0.01051984315998297 
1.524  	 0.01046809086016713 
1.525  	 0.01041389186316063 
1.526  	 0.01035708195917159 
1.527  	 0.01029748195859967 
1.528  	 0.01023489594168147 
1.529  	 0.01016910925697441 
1.53  	 0.01009988622541455 
1.531  	 0.01002696749825479 
1.532  	 0.009950067006375853 
1.533  	 0.009868868425392403 
1.534  	 0.009783021064244647 
1.535  	 0.009692135064813827 
1.536  	 0.009595775773644405 
1.537  	 0.009493457114621972 
1.538  	 0.00938463374907437 
1.539  	 0.009268691756537526 
1.54  	 0.009144937499933985 
1.541  	 0.009012584248431739 
1.542  	 0.008870736013201269 
1.543  	 0.008718367893934265 
1.544  	 0.008554302024778944 
1.545  	 0.008377177925471976 
1.546  	 0.008185415678415256 
1.547  	 0.007977169821046787 
1.548  	 0.007750271102918452 
1.549  	 0.007502152209660599 
1.55  	 0.007229752057663965 
1.551  	 0.006929391081502164 
1.552  	 0.00659660671194456 
1.553  	 0.006225933385525874 
1.554  	 0.005810603969007029 
1.555  	 0.005342137774289601 
1.556  	 0.004809761511088935 
1.557  	 0.004199578412565535 
1.558  	 0.003493347777155455 
1.559  	 0.002666643744992362 
1.56  	 0.001685990824452293 
1.561  	 0.0005042450017491912 
1.562  	 0.0009471757076586494 
1.563  	 0.002772040022944985 
1.564  	 0.00513518997977698 
1.565  	 0.008315223706065083 
1.566  	 0.01282308209921258 
1.567  	 0.01970805879625346 
1.568  	 0.03152040715526159 
1.569  	 0.05648919844131801 
1.57  	 0.1441786500012544 
1.571  	 0.6292537515727098 
1.572  	 0.117572994798157 
1.573  	 0.07028506344538671 
1.574  	 0.05252085439793602 
1.575  	 0.04321041754664929 
1.576  	 0.03748001581056176 
1.577  	 0.03359839673027007 
1.578  	 0.03079562424089976 
1.579  	 0.02867717259649873 
1.58  	 0.02701998044984082 
1.581  	 0.02568842993396396 
1.582  	 0.02459532219223994 
1.583  	 0.02368203949440791 
1.584  	 0.0229077220636661 
1.585  	 0.02224301689294081 
1.586  	 0.02166629353741742 
1.587  	 0.02116126114773868 
1.588  	 0.0207154165930273 
1.589  	 0.02031900408870306 
1.59  	 0.01996429987817492 
1.591  	 0.01964510934681993 
1.592  	 0.01935640643746914 
1.593  	 0.0190940705050906 
1.594  	 0.01885469121539006 
1.595  	 0.01863542180849976 
1.596  	 0.01843386729456414 
1.597  	 0.01824799825000857 
1.598  	 0.01807608362655116 
1.599  	 0.01791663785449427 
1.6  	 0.01776837881366899 
1.601  	 0.01763019415359788 
1.602  	 0.01750111408971224 
1.603  	 0.01738028926809079 
1.604  	 0.01726697263002309 
1.605  	 0.01716050445787478 
1.606  	 0.01706029996976503 
1.607  	 0.0169658389700754 
1.608  	 0.01687665716905577 
1.609  	 0.01679233886579667 
1.61  	 0.01671251075090916 
1.611  	 0.01663683663422222 
1.612  	 0.01656501294008245 
1.613  	 0.016496764843199 
1.614  	 0.01643184294099569 
1.615  	 0.01637002037775975 
1.616  	 0.01631109035038039 
1.617  	 0.01625486393809535 
1.618  	 0.01620116820801518 
1.619  	 0.01614984455644949 
1.62  	 0.01610074725254898 
1.621  	 0.01605374215593399 
1.622  	 0.01600870558458167 
1.623  	 0.01596552331288867 
1.624  	 0.01592408968262502 
1.625  	 0.01588430681238933 
1.626  	 0.01584608389288354 
1.627  	 0.01580933655750677 
1.628  	 0.0157739863188655 
1.629  	 0.01573996006345521 
1.63  	 0.01570718959745635 
1.631  	 0.01567561123787631 
1.632  	 0.01564516544367798 
1.633  	 0.01561579648256678 
1.634  	 0.01558745212931697 
1.635  	 0.01556008339235906 
1.636  	 0.01553364426546679 
1.637  	 0.01550809150194245 
1.638  	 0.01548338440899403 
1.639  	 0.01545948466015325 
1.64  	 0.01543635612394746 
1.641  	 0.01541396470724831 
1.642  	 0.01539227821174882 
1.643  	 0.01537126620242292 
1.644  	 0.01535089988669314 
1.645  	 0.01533115200342184 
1.646  	 0.01531199672068724 
1.647  	 0.01529340954166131 
1.648  	 0.01527536721772908 
1.649  	 0.01525784766832142 
1.65  	 0.0152408299067742 
1.651  	 0.01522429397172226 
1.652  	 0.0152082208635848 
1.653  	 0.01519259248564354 
1.654  	 0.01517739158936004 
1.655  	 0.0151626017236112 
1.656  	 0.01514820718743895 
1.657  	 0.01513419298612937 
1.658  	 0.01512054479024983 
1.659  	 0.01510724889751237 
1.66  	 0.01509429219713948 
1.661  	 0.01508166213663664 
1.662  	 0.0150693466906913 
1.663  	 0.01505733433212732 
1.664  	 0.01504561400467276 
1.665  	 0.01503417509749198 
1.666  	 0.01502300742126511 
1.667  	 0.01501210118578763 
1.668  	 0.01500144697890863 
1.669  	 0.01499103574674466 
1.67  	 0.01498085877509885 
1.671  	 0.01497090767193989 
1.672  	 0.01496117435094466 
1.673  	 0.01495165101595176 
1.674  	 0.01494233014633891 
1.675  	 0.01493320448319229 
1.676  	 0.01492426701628005 
1.677  	 0.01491551097171082 
1.678  	 0.01490692980029785 
1.679  	 0.01489851716652643 
1.68  	 0.01489026693811298 
1.681  	 0.01488217317612679 
1.682  	 0.01487423012561064 
1.683  	 0.01486643220668164 
1.684  	 0.01485877400610161 
1.685  	 0.01485125026924223 
1.686  	 0.01484385589247449 
1.687  	 0.01483658591590235 
1.688  	 0.01482943551647059 
1.689  	 0.01482240000137481 
1.69  	 0.01481547480180236 
1.691  	 0.01480865546693807 
1.692  	 0.01480193765826319 
1.693  	 0.01479531714408643 
1.694  	 0.01478878979433579 
1.695  	 0.01478235157555284 
1.696  	 0.0147759985461181 
1.697  	 0.01476972685166133 
1.698  	 0.01476353272065814 
1.699  	 0.01475741246021168 
1.7  	 0.01475136245198867 
1.701  	 0.01474537914830932 
1.702  	 0.01473945906839292 
1.703  	 0.01473359879472303 
1.704  	 0.01472779496955608 
1.705  	 0.01472204429153443 
1.706  	 0.01471634351242529 
1.707  	 0.01471068943394953 
1.708  	 0.01470507890472159 
1.709  	 0.01469950881726908 
1.71  	 0.0146939761051458 
1.711  	 0.0146884777401182 
1.712  	 0.01468301072942422 
1.713  	 0.0146775721131064 
1.714  	 0.01467215896139919 
1.715  	 0.01466676837217776 
1.716  	 0.01466139746846053 
1.717  	 0.01465604339595438 
1.718  	 0.01465070332064917 
1.719  	 0.01464537442644552 
1.72  	 0.01464005391282077 
1.721  	 0.01463473899252286 
1.722  	 0.01462942688929294 
1.723  	 0.01462411483560653 
1.724  	 0.01461880007043757 
1.725  	 0.01461347983703138 
1.726  	 0.01460815138069369 
1.727  	 0.01460281194658211 
1.728  	 0.01459745877750335 
1.729  	 0.01459208911170809 
1.73  	 0.01458670018068191 
1.731  	 0.01458128920692823 
1.732  	 0.01457585340173861 
1.733  	 0.0145703899629483 
1.734  	 0.01456489607267014 
1.735  	 0.0145593688950076 
1.736  	 0.01455380557373642 
1.737  	 0.01454820322996077 
1.738  	 0.01454255895972544 
1.739  	 0.01453686983159641 
1.74  	 0.01453113288419045 
1.741  	 0.01452534512366185 
1.742  	 0.01451950352112957 
1.743  	 0.01451360501005065 
1.744  	 0.01450764648353161 
1.745  	 0.01450162479156608 
1.746  	 0.0144955367382032 
1.747  	 0.01448937907863887 
1.748  	 0.01448314851621407 
1.749  	 0.0144768416993339 
1.75  	 0.0144704552182761 
1.751  	 0.01446398560190949 
1.752  	 0.01445742931428799 
1.753  	 0.01445078275113982 
1.754  	 0.01444404223621751 
1.755  	 0.01443720401752686 
1.756  	 0.01443026426340075 
1.757  	 0.01442321905843371 
1.758  	 0.01441606439924274 
1.759  	 0.01440879619006995 
1.76  	 0.01440141023819006 
1.761  	 0.01439390224913268 
1.762  	 0.01438626782170217 
1.763  	 0.01437850244276626 
1.764  	 0.01437060148182399 
1.765  	 0.01436256018532887 
1.766  	 0.01435437367073559 
1.767  	 0.01434603692028969 
1.768  	 0.01433754477449783 
1.769  	 0.01432889192530921 
1.77  	 0.01432007290893618 
1.771  	 0.01431108209834521 
1.772  	 0.01430191369534413 
1.773  	 0.01429256172229164 
1.774  	 0.01428302001335439 
1.775  	 0.01427328220532204 
1.776  	 0.01426334172793738 
1.777  	 0.01425319179369009 
1.778  	 0.01424282538707312 
1.779  	 0.01423223525324904 
1.78  	 0.01422141388606416 
1.781  	 0.01421035351542085 
1.782  	 0.01419904609389538 
1.783  	 0.01418748328261832 
1.784  	 0.014175656436297 
1.785  	 0.01416355658739071 
1.786  	 0.0141511744293041 
1.787  	 0.01413850029860255 
1.788  	 0.0141255241561052 
1.789  	 0.01411223556684719 
1.79  	 0.01409862367874972 
1.791  	 0.01408467719998327 
1.792  	 0.01407038437484317 
1.793  	 0.0140557329580904 
1.794  	 0.01404071018761309 
1.795  	 0.01402530275524966 
1.796  	 0.0140094967756964 
1.797  	 0.01399327775326357 
1.798  	 0.01397663054639278 
1.799  	 0.01395953932966358 
1.8  	 0.01394198755317617 
1.801  	 0.01392395789899245 
1.802  	 0.01390543223448906 
1.803  	 0.01388639156225694 
1.804  	 0.01386681596633105 
1.805  	 0.01384668455439648 
1.806  	 0.01382597539558149 
1.807  	 0.01380466545350378 
1.808  	 0.01378273051410826 
1.809  	 0.01376014510777515 
1.81  	 0.01373688242526131 
1.811  	 0.01371291422676854 
1.812  	 0.01368821074360636 
1.813  	 0.01366274057159911 
1.814  	 0.01363647055555665 
1.815  	 0.0136093656637744 
1.816  	 0.01358138885169473 
1.817  	 0.01355250091346755 
1.818  	 0.01352266032028918 
1.819  	 0.01349182304396963 
1.82  	 0.01345994236428845 
1.821  	 0.01342696865821242 
1.822  	 0.01339284916908224 
1.823  	 0.01335752775345431 
1.824  	 0.01332094460298794 
1.825  	 0.01328303593855247 
1.826  	 0.0132437336732144 
1.827  	 0.01320296504028594 
1.828  	 0.01316065218228315 
1.829  	 0.01311671169572521 
1.83  	 0.0130710541263355 
1.831  	 0.01302358340802301 
1.832  	 0.01297419623840065 
1.833  	 0.01292278138209808 
1.834  	 0.01286921889214694 
1.835  	 0.01281337923776136 
1.836  	 0.01275512232529158 
1.837  	 0.01269429639669388 
1.838  	 0.01263073678718905 
1.839  	 0.01256426452079328 
1.84  	 0.01249468471840968 
1.841  	 0.01242178478855343 
1.842  	 0.01234533236548367 
1.843  	 0.01226507295235247 
1.844  	 0.01218072721921126 
1.845  	 0.0120919878951434 
1.846  	 0.01199851618186483 
1.847  	 0.01189993760025214 
1.848  	 0.01179583716268314 
1.849  	 0.0116857537396273 
1.85  	 0.01156917345945073 
1.851  	 0.01144552194180155 
1.852  	 0.01131415511715747 
1.853  	 0.01117434832249315 
1.854  	 0.0110252832835248 
1.855  	 0.01086603248955251 
1.856  	 0.01069554033045579 
1.857  	 0.01051260018531679 
1.858  	 0.01031582641124835 
1.859  	 0.01010361985692112 
1.86  	 0.009874125084829783 
1.861  	 0.009625176879078374 
1.862  	 0.009354232771933362 
1.863  	 0.0090582871310649 
1.864  	 0.008733760648546396 
1.865  	 0.008376356602508099 
1.866  	 0.007980871621705741 
1.867  	 0.007540943215322842 
1.868  	 0.007048707962489891 
1.869  	 0.006494331166140711 
1.87  	 0.005865347809567811 
1.871  	 0.005145720167265468 
1.872  	 0.004314458976074726 
1.873  	 0.003343552630865017 
1.874  	 0.002194762272607934 
1.875  	 0.0008144853512694906 
1.876  	 0.0008748220819882708 
1.877  	 0.00298969227448928 
1.878  	 0.00571367235630529 
1.879  	 0.009353586489790422 
1.88  	 0.01446391760620873 
1.881  	 0.02215985632445411 
1.882  	 0.03506585484092017 
1.883  	 0.06117446215450843 
1.884  	 0.1419341269012898 
1.885  	 3.414641403887729 
1.886  	 0.160521082963586 
1.887  	 0.08983968014698307 
1.888  	 0.06559412149594242 
1.889  	 0.05333992071990479 
1.89  	 0.04594559803982829 
1.891  	 0.04099906373566162 
1.892  	 0.03745787593711995 
1.893  	 0.03479793629149084 
1.894  	 0.03272693526170168 
1.895  	 0.03106897010510359 
1.896  	 0.02971184544518763 
1.897  	 0.02858062640626141 
1.898  	 0.02762335643875262 
1.899  	 0.02680287672276022 
1.9  	 0.02609190815098117 
1.901  	 0.02546997246347948 
1.902  	 0.02492139720974381 
1.903  	 0.02443398408658298 
1.904  	 0.02399809682029916 
1.905  	 0.02360602207814639 
1.906  	 0.02325151259092799 
1.907  	 0.02292945462776367 
1.908  	 0.02263562204914338 
1.909  	 0.02236649173338506 
1.91  	 0.02211910322195454 
1.911  	 0.02189095069930993 
1.912  	 0.02167989893758533 
1.913  	 0.02148411722480167 
1.914  	 0.02130202694199312 
1.915  	 0.02113225960959095 
1.916  	 0.0209736230420558 
1.917  	 0.0208250738398751 
1.918  	 0.02068569487617886 
1.919  	 0.02055467675111397 
1.92  	 0.02043130242152929 
1.921  	 0.02031493438907056 
1.922  	 0.02020500396353041 
1.923  	 0.020101002219326 
1.924  	 0.02000247234183738 
1.925  	 0.01990900312037542 
1.926  	 0.01982022339249244 
1.927  	 0.01973579728098464 
1.928  	 0.01965542009492569 
1.929  	 0.01957881478899619 
1.93  	 0.01950572889443219 
1.931  	 0.01943593184995303 
1.932  	 0.01936921267302841 
1.933  	 0.01930537792195764 
1.934  	 0.01924424990732449 
1.935  	 0.01918566511777773 
1.936  	 0.0191294728309478 
1.937  	 0.01907553388439442 
1.938  	 0.01902371958566705 
1.939  	 0.01897391074326245 
1.94  	 0.01892599680329791 
1.941  	 0.01887987507850666 
1.942  	 0.01883545005841234 
1.943  	 0.01879263279070904 
1.944  	 0.01875134032558447 
1.945  	 0.01871149521547396 
1.946  	 0.01867302506405075 
1.947  	 0.01863586211877303 
1.948  	 0.01859994290219609 
1.949  	 0.01856520787786162 
1.95  	 0.01853160114695093 
1.951  	 0.01849907017248982 
1.952  	 0.0184675655282685 
1.953  	 0.0184370406698243 
1.954  	 0.01840745172538561 
1.955  	 0.0183787573046452 
1.956  	 0.01835091832373906 
1.957  	 0.01832389784472409 
1.958  	 0.01829766092829705 
1.959  	 0.01827217449837152 
1.96  	 0.01824740721753004 
1.961  	 0.01822332937225416 
1.962  	 0.01819991276707951 
1.963  	 0.01817713062691089 
1.964  	 0.0181549575067066 
1.965  	 0.01813336920792134 
1.966  	 0.0181123427011576 
1.967  	 0.0180918560544089 
1.968  	 0.01807188836652901 
1.969  	 0.01805241970538547 
1.97  	 0.01803343105041415 
1.971  	 0.0180149042391159 
1.972  	 0.01799682191727723 
1.973  	 0.01797916749252024 
1.974  	 0.01796192509101588 
1.975  	 0.01794507951702176 
1.976  	 0.01792861621511428 
1.977  	 0.01791252123482698 
1.978  	 0.01789678119759164 
1.979  	 0.01788138326574723 
1.98  	 0.01786631511348978 
1.981  	 0.01785156489964226 
1.982  	 0.01783712124207069 
1.983  	 0.01782297319364745 
1.984  	 0.01780911021967785 
1.985  	 0.01779552217662735 
1.986  	 0.01778219929213071 
1.987  	 0.01776913214612171 
1.988  	 0.01775631165307812 
1.989  	 0.01774372904523687 
1.99  	 0.01773137585678027 
1.991  	 0.01771924390886645 
1.992  	 0.01770732529550512 
1.993  	 0.01769561237017905 
1.994  	 0.01768409773317864 
1.995  	 0.01767277421962186 
1.996  	 0.01766163488808148 
1.997  	 0.01765067300979897 
1.998  	 0.01763988205846325 
1.999  	 0.01762925570047733 
2  	 0.01761878778573298 
2.001  	 0.01760847233881361 
2.002  	 0.01759830355063434 
2.003  	 0.01758827577048715 
2.004  	 0.01757838349843093 
2.005  	 0.01756862137806193 
2.006  	 0.01755898418959591 
2.007  	 0.0175494668432758 
2.008  	 0.01754006437304283 
2.009  	 0.01753077193050729 
2.01  	 0.01752158477916524 
2.011  	 0.01751249828885592 
2.012  	 0.01750350793044116 
2.013  	 0.01749460927071224 
2.014  	 0.01748579796747776 
2.015  	 0.01747706976485687 
2.016  	 0.01746842048873678 
2.017  	 0.01745984604239883 
2.018  	 0.01745134240230112 
2.019  	 0.01744290561401243 
2.02  	 0.01743453178826554 
2.021  	 0.01742621709715446 
2.022  	 0.0174179577704463 
2.023  	 0.01740975009200118 
2.024  	 0.01740159039629503 
2.025  	 0.01739347506504754 
2.026  	 0.01738540052392828 
2.027  	 0.01737736323935529 
2.028  	 0.0173693597153653 
2.029  	 0.01736138649055459 
2.03  	 0.01735344013508681 
2.031  	 0.01734551724776141 
2.032  	 0.01733761445312898 
2.033  	 0.01732972839866183 
2.034  	 0.0173218557519643 
2.035  	 0.01731399319802488 
2.036  	 0.01730613743649482 
2.037  	 0.01729828517900237 
2.038  	 0.01729043314648672 
2.039  	 0.01728257806655377 
2.04  	 0.0172747166708432 
2.041  	 0.01726684569240929 
2.042  	 0.01725896186310525 
2.043  	 0.0172510619109689 
2.044  	 0.01724314255760674 
2.045  	 0.01723520051556771 
2.046  	 0.0172272324857073 
2.047  	 0.01721923515453314 
2.048  	 0.01721120519153094 
2.049  	 0.01720313924646388 
2.05  	 0.01719503394664185 
2.051  	 0.01718688589415384 
2.052  	 0.01717869166306301 
2.053  	 0.01717044779655623 
2.054  	 0.01716215080403975 
2.055  	 0.01715379715818672 
2.056  	 0.01714538329191565 
2.057  	 0.01713690559530854 
2.058  	 0.01712836041245568 
2.059  	 0.01711974403822213 
2.06  	 0.01711105271492415 
2.061  	 0.01710228262892829 
2.062  	 0.01709342990713945 
2.063  	 0.01708449061339336 
2.064  	 0.01707546074472594 
2.065  	 0.01706633622754149 
2.066  	 0.01705711291363389 
2.067  	 0.01704778657608539 
2.068  	 0.01703835290500502 
2.069  	 0.01702880750313402 
2.07  	 0.01701914588126677 
2.071  	 0.01700936345350399 
2.072  	 0.0169994555323202 
2.073  	 0.01698941732343672 
2.074  	 0.01697924392047128 
2.075  	 0.01696893029938311 
2.076  	 0.01695847131265982 
2.077  	 0.01694786168326634 
2.078  	 0.01693709599832331 
2.079  	 0.01692616870249656 
2.08  	 0.01691507409107543 
2.081  	 0.01690380630275568 
2.082  	 0.01689235931205351 
2.083  	 0.01688072692136258 
2.084  	 0.01686890275263151 
2.085  	 0.01685688023862822 
2.086  	 0.01684465261375264 
2.087  	 0.01683221290440683 
2.088  	 0.016819553918842 
2.089  	 0.01680666823649684 
2.09  	 0.01679354819676752 
2.091  	 0.01678018588717328 
2.092  	 0.01676657313086878 
2.093  	 0.01675270147350898 
2.094  	 0.01673856216934509 
2.095  	 0.01672414616656499 
2.096  	 0.01670944409177339 
2.097  	 0.01669444623362451 
2.098  	 0.01667914252545734 
2.099  	 0.01666352252693719 
2.1  	 0.01664757540457424 
2.101  	 0.01663128991111712 
2.102  	 0.01661465436364481 
2.103  	 0.01659765662032272 
2.104  	 0.01658028405571603 
2.105  	 0.01656252353454959 
2.106  	 0.01654436138376418 
2.107  	 0.01652578336281121 
2.108  	 0.01650677463196402 
2.109  	 0.01648731971856234 
2.11  	 0.01646740248099691 
2.111  	 0.01644700607024585 
2.112  	 0.01642611288875988 
2.113  	 0.01640470454655292 
2.114  	 0.01638276181415394 
2.115  	 0.01636026457223338 
2.116  	 0.01633719175761815 
2.117  	 0.01631352130537518 
2.118  	 0.01628923008659454 
2.119  	 0.01626429384157253 
2.12  	 0.0162386871078901 
2.121  	 0.01621238314301357 
2.122  	 0.01618535384088259 
2.123  	 0.01615756964192261 
2.124  	 0.01612899943585856 
2.125  	 0.01609961045674563 
2.126  	 0.01606936816931857 
2.127  	 0.01603823614594542 
2.128  	 0.0160061759331592 
2.129  	 0.0159731469068649 
2.13  	 0.01593910611490171 
2.131  	 0.01590400810579911 
2.132  	 0.01586780474218246 
2.133  	 0.01583044499734429 
2.134  	 0.01579187473299447 
2.135  	 0.01575203645624976 
2.136  	 0.01571086905354608 
2.137  	 0.01566830749886267 
2.138  	 0.01562428253326155 
2.139  	 0.01557872031252767 
2.14  	 0.0155315420189775 
2.141  	 0.0154826634332515 
2.142  	 0.01543199446112888 
2.143  	 0.01537943860973868 
2.144  	 0.01532489240672338 
2.145  	 0.01526824475512718 
2.146  	 0.01520937621530162 
2.147  	 0.01514815820418573 
2.148  	 0.01508445210062223 
2.149  	 0.01501810824357509 
2.15  	 0.01494896480790791 
2.151  	 0.01487684654008407 
2.152  	 0.01480156333276158 
2.153  	 0.01472290861401289 
2.154  	 0.01464065752231973 
2.155  	 0.01455456483334201 
2.156  	 0.01446436259812782 
2.157  	 0.01436975744500954 
2.158  	 0.01427042748760228 
2.159  	 0.01416601877044146 
2.16  	 0.01405614116930597 
2.161  	 0.01394036364636367 
2.162  	 0.01381820873808785 
2.163  	 0.01368914612753868 
2.164  	 0.01355258511824488 
2.165  	 0.01340786578463401 
2.166  	 0.01325424851884068 
2.167  	 0.01309090162462597 
2.168  	 0.01291688651903005 
2.169  	 0.01273113998566252 
2.17  	 0.01253245277063899 
2.171  	 0.01231944361086627 
2.172  	 0.01209052751510147 
2.173  	 0.01184387675759447 
2.174  	 0.01157737255301757 
2.175  	 0.01128854470763666 
2.176  	 0.01097449560545937 
2.177  	 0.01063180357132021 
2.178  	 0.01025639877330598 
2.179  	 0.009843402108593311 
2.18  	 0.009386913517028297 
2.181  	 0.008879730179708674 
2.182  	 0.008312965925935124 
2.183  	 0.007675528935008152 
2.184  	 0.006953392106266473 
2.185  	 0.006128553274974491 
2.186  	 0.00517751973126655 
2.187  	 0.004069042181919143 
2.188  	 0.002760625464342141 
2.189  	 0.001192969461754992 
2.19  	 0.0007192493368691586 
2.191  	 0.003103412249549686 
2.192  	 0.006158514725308891 
2.193  	 0.01021372382604331 
2.194  	 0.01585562674876593 
2.195  	 0.02424102432419824 
2.196  	 0.03801224356523655 
2.197  	 0.06480925650430328 
2.198  	 0.1396835086936662 
2.199  	 1.518379614000276 
2.2  	 0.2181260317960424 
2.201  	 0.1123273868219771 
2.202  	 0.07987086351325297 
2.203  	 0.06412369122676213 
2.204  	 0.05482453724953892 
2.205  	 0.04868646753290135 
2.206  	 0.04433212873197936 
2.207  	 0.04108287553782964 
2.208  	 0.03856558168938506 
2.209  	 0.03655810550454833 
2.21  	 0.03491993636448562 
2.211  	 0.03355785307077847 
2.212  	 0.03240757347713592 
2.213  	 0.03142333361949483 
2.214  	 0.03057166735783649 
2.215  	 0.02982753551843935 
2.216  	 0.02917183051444274 
2.217  	 0.02858971810139567 
2.218  	 0.02806950597339104 
2.219  	 0.02760185374122141 
2.22  	 0.02717920987218412 
2.221  	 0.02679540299786506 
2.222  	 0.02644534037204286 
2.223  	 0.02612478207691446 
2.224  	 0.02583016966975592 
2.225  	 0.02555849454827635 
2.226  	 0.02530719569280626 
2.227  	 0.0250740794113604 
2.228  	 0.02485725575511092 
2.229  	 0.02465508769959221 
2.23  	 0.02446615019835697 
2.231  	 0.02428919694182778 
2.232  	 0.02412313318093059 
2.233  	 0.02396699336295761 
2.234  	 0.02381992261379438 
2.235  	 0.02368116131631891 
2.236  	 0.02355003219740633 
2.237  	 0.02342592946005318 
2.238  	 0.02330830959224015 
2.239  	 0.02319668355859206 
2.24  	 0.02309061013786807 
2.241  	 0.02298969021481555 
2.242  	 0.02289356187062421 
2.243  	 0.02280189614468307 
2.244  	 0.02271439336275774 
2.245  	 0.02263077994540172 
2.246  	 0.02255080562471932 
2.247  	 0.02247424100986529 
2.248  	 0.02240087545135552 
2.249  	 0.02233051516228272 
2.25  	 0.0222629815609274 
2.251  	 0.0221981098051476 
2.252  	 0.02213574749296302 
2.253  	 0.02207575350788703 
2.254  	 0.02201799699035696 
2.255  	 0.02196235641970144 
2.256  	 0.0219087187928576 
2.257  	 0.02185697888827543 
2.258  	 0.02180703860470082 
2.259  	 0.02175880636630372 
2.26  	 0.02171219658638169 
2.261  	 0.02166712918303417 
2.262  	 0.02162352914103177 
2.263  	 0.02158132611487153 
2.264  	 0.02154045406845391 
2.265  	 0.02150085094763336 
2.266  	 0.02146245838208564 
2.267  	 0.02142522141351573 
2.268  	 0.02138908824754437 
2.269  	 0.02135401002690686 
2.27  	 0.02131994062375912 
2.271  	 0.02128683644938238 
2.272  	 0.02125465627952019 
2.273  	 0.0212233610938714 
2.274  	 0.02119291392842882 
2.275  	 0.02116327973951631 
2.276  	 0.02113442527836775 
2.277  	 0.0211063189754093 
2.278  	 0.02107893083329392 
2.279  	 0.02105223232795818 
2.28  	 0.02102619631701593 
2.281  	 0.02100079695487065 
2.282  	 0.02097600961389271 
2.283  	 0.02095181081128734 
2.284  	 0.02092817814107784 
2.285  	 0.02090509021086078 
2.286  	 0.02088252658285429 
2.287  	 0.02086046771901288 
2.288  	 0.02083889492979712 
2.289  	 0.0208177903263812 
2.29  	 0.02079713677593991 
2.291  	 0.02077691785989368 
2.292  	 0.02075711783481532 
2.293  	 0.02073772159580901 
2.294  	 0.0207187146421852 
2.295  	 0.02070008304528925 
2.296  	 0.02068181341826676 
2.297  	 0.0206638928876984 
2.298  	 0.02064630906691285 
2.299  	 0.02062905003088442 
2.3  	 0.02061210429260966 
2.301  	 0.02059546078086783 
2.302  	 0.02057910881921409 
2.303  	 0.02056303810620546 
2.304  	 0.0205472386967225 
2.305  	 0.0205317009843192 
2.306  	 0.02051641568453831 
2.307  	 0.0205013738191502 
2.308  	 0.02048656670120818 
2.309  	 0.02047198592091118 
2.31  	 0.02045762333221329 
2.311  	 0.02044347104009252 
2.312  	 0.02042952138850183 
2.313  	 0.02041576694890756 
2.314  	 0.02040220050941732 
2.315  	 0.02038881506440573 
2.316  	 0.02037560380467932 
2.317  	 0.02036256010808751 
2.318  	 0.02034967753059496 
2.319  	 0.02033694979773804 
2.32  	 0.0203243707964999 
2.321  	 0.02031193456754008 
2.322  	 0.02029963529776527 
2.323  	 0.02028746731322055 
2.324  	 0.02027542507229832 
2.325  	 0.02026350315921235 
2.326  	 0.02025169627775756 
2.327  	 0.02023999924531154 
2.328  	 0.0202284069870729 
2.329  	 0.02021691453052479 
2.33  	 0.02020551700011414 
2.331  	 0.02019420961210621 
2.332  	 0.02018298766964382 
2.333  	 0.0201718465579713 
2.334  	 0.02016078173981773 
2.335  	 0.02014978875093069 
2.336  	 0.0201388631957604 
2.337  	 0.02012800074326291 
2.338  	 0.02011719712283792 
2.339  	 0.02010644812037584 
2.34  	 0.02009574957440964 
2.341  	 0.02008509737237026 
2.342  	 0.02007448744693512 
2.343  	 0.0200639157724506 
2.344  	 0.02005337836144422 
2.345  	 0.02004287126119961 
2.346  	 0.02003239055040342 
2.347  	 0.02002193233583977 
2.348  	 0.02001149274914733 
2.349  	 0.02000106794361773 
2.35  	 0.01999065409103654 
2.351  	 0.01998024737855726 
2.352  	 0.01996984400560661 
2.353  	 0.01995944018081531 
2.354  	 0.0199490321189654 
2.355  	 0.01993861603795192 
2.356  	 0.01992818815575493 
2.357  	 0.01991774468741298 
2.358  	 0.01990728184199573 
2.359  	 0.01989679581956943 
2.36  	 0.01988628280815062 
2.361  	 0.01987573898064312 
2.362  	 0.01986516049175011 
2.363  	 0.01985454347486229 
2.364  	 0.01984388403891028 
2.365  	 0.01983317826517785 
2.366  	 0.01982242220407325 
2.367  	 0.01981161187184982 
2.368  	 0.0198007432472692 
2.369  	 0.01978981226820623 
2.37  	 0.01977881482818184 
2.371  	 0.01976774677282389 
2.372  	 0.01975660389624946 
2.373  	 0.01974538193735529 
2.374  	 0.01973407657601101 
2.375  	 0.01972268342916156 
2.376  	 0.01971119804680727 
2.377  	 0.01969961590787308 
2.378  	 0.0196879324159436 
2.379  	 0.01967614289487699 
2.38  	 0.01966424258426038 
2.381  	 0.01965222663471912 
2.382  	 0.01964009010305223 
2.383  	 0.01962782794721007 
2.384  	 0.01961543502106942 
2.385  	 0.01960290606901343 
2.386  	 0.01959023572030555 
2.387  	 0.01957741848323956 
2.388  	 0.01956444873903944 
2.389  	 0.01955132073552348 
2.39  	 0.01953802858048194 
2.391  	 0.01952456623477846 
2.392  	 0.01951092750514758 
2.393  	 0.01949710603666613 
2.394  	 0.01948309530487073 
2.395  	 0.01946888860753669 
2.396  	 0.01945447905604417 
2.397  	 0.01943985956633846 
2.398  	 0.01942502284945477 
2.399  	 0.01940996140158161 
2.4  	 0.01939466749360658 
2.401  	 0.01937913316016236 
2.402  	 0.0193633501880815 
2.403  	 0.01934731010426973 
2.404  	 0.01933100416293813 
2.405  	 0.01931442333214956 
2.406  	 0.01929755827962508 
2.407  	 0.01928039935781263 
2.408  	 0.01926293658808896 
2.409  	 0.01924515964410111 
2.41  	 0.01922705783413701 
2.411  	 0.01920862008252913 
2.412  	 0.01918983490993392 
2.413  	 0.01917069041248077 
2.414  	 0.01915117423965355 
2.415  	 0.01913127357088927 
2.416  	 0.01911097509071024 
2.417  	 0.01909026496233818 
2.418  	 0.019069128799676 
2.419  	 0.01904755163752677 
2.42  	 0.01902551789989019 
2.421  	 0.01900301136625566 
2.422  	 0.01898001513565674 
2.423  	 0.01895651158838178 
2.424  	 0.01893248234512662 
2.425  	 0.01890790822337798 
2.426  	 0.01888276919079702 
2.427  	 0.01885704431543588 
2.428  	 0.01883071171240866 
2.429  	 0.01880374848679844 
2.43  	 0.01877613067247809 
2.431  	 0.01874783316648648 
2.432  	 0.01871882965854219 
2.433  	 0.01868909255535136 
2.434  	 0.01865859289916991 
2.435  	 0.01862730028011831 
2.436  	 0.01859518274177366 
2.437  	 0.01856220667927157 
2.438  	 0.01852833672934872 
2.439  	 0.01849353565146622 
2.44  	 0.01845776419929437 
2.441  	 0.01842098098145784 
2.442  	 0.01838314231062269 
2.443  	 0.0183442020396598 
2.444  	 0.01830411138371571 
2.445  	 0.01826281872657763 
2.446  	 0.01822026940980668 
2.447  	 0.01817640550280692 
2.448  	 0.01813116555177501 
2.449  	 0.01808448430518026 
2.45  	 0.01803629241329593 
2.451  	 0.0179865160987199 
2.452  	 0.01793507679469314 
2.453  	 0.01788189074742215 
2.454  	 0.01782686857814073 
2.455  	 0.01776991480006266 
2.456  	 0.01771092728484196 
2.457  	 0.01764979667205592 
2.458  	 0.01758640571462971 
2.459  	 0.01752062855192653 
2.46  	 0.01745232990099025 
2.461  	 0.01738136415490306 
2.462  	 0.01730757437574458 
2.463  	 0.01723079116727723 
2.464  	 0.01715083141043764 
2.465  	 0.01706749684166712 
2.466  	 0.01698057245079531 
2.467  	 0.01688982467115524 
2.468  	 0.01679499932999538 
2.469  	 0.01669581932099105 
2.47  	 0.01659198195415148 
2.471  	 0.01648315592951216 
2.472  	 0.01636897787106939 
2.473  	 0.01624904834418773 
2.474  	 0.01612292726468962 
2.475  	 0.01599012858816373 
2.476  	 0.01585011414460513 
2.477  	 0.01570228645309595 
2.478  	 0.01554598031435639 
2.479  	 0.01538045293153897 
2.48  	 0.01520487224962177 
2.481  	 0.01501830312691453 
2.482  	 0.01481969085371817 
2.483  	 0.01460784140440636 
2.484  	 0.01438139764211973 
2.485  	 0.01413881047390168 
2.486  	 0.01387830366026612 
2.487  	 0.01359783058855484 
2.488  	 0.0132950207846984 
2.489  	 0.01296711320366663 
2.49  	 0.01261087232249878 
2.491  	 0.01222248163130281 
2.492  	 0.01179740708525781 
2.493  	 0.0113302201459317 
2.494  	 0.01081436573597021 
2.495  	 0.01024185400535016 
2.496  	 0.009602845035835425 
2.497  	 0.008885080432832019 
2.498  	 0.008073091634399579 
2.499  	 0.007147075439899815 
2.5  	 0.006081261269958778 
2.501  	 0.004841480288169649 
2.502  	 0.003381440828791006 
2.503  	 0.001636828705647754 
2.504  	 0.000484409350887341 
2.505  	 0.00311882824665928 
2.506  	 0.006478073528672358 
2.507  	 0.01090872293056092 
2.508  	 0.01702020544946697 
2.509  	 0.02599229281489012 
2.51  	 0.04044608502384881 
2.511  	 0.06761298657580829 
2.512  	 0.1374267782969805 
2.513  	 0.716614863630571 
2.514  	 0.3000314851175692 
2.515  	 0.1385585254800343 
2.516  	 0.09556098327513884 
2.517  	 0.0756448724144312 
2.518  	 0.06415803164293578 
2.519  	 0.05668404920230591 
2.52  	 0.05143303261207887 
2.521  	 0.04754178919640335 
2.522  	 0.04454281940599705 
2.523  	 0.04216089396877427 
2.524  	 0.04022342472662045 
2.525  	 0.03861669771145512 
2.526  	 0.03726274146200204 
2.527  	 0.03610630690598404 
2.528  	 0.03510715223720056 
2.529  	 0.03423527139550906 
2.53  	 0.03346783421314545 
2.531  	 0.03278716228547052 
2.532  	 0.03217935339709241 
2.533  	 0.031633324355246 
2.534  	 0.03114013091615397 
2.535  	 0.03069247552639413 
2.536  	 0.03028434502819358 
2.537  	 0.029910739985155 
2.538  	 0.02956746968981514 
2.539  	 0.02925099498137447 
2.54  	 0.02895830635080322 
2.541  	 0.02868682842476192 
2.542  	 0.02843434439996342 
2.543  	 0.02819893572998197 
2.544  	 0.02797893358970508 
2.545  	 0.02777287951892887 
2.546  	 0.02757949328142859 
2.547  	 0.02739764644220157 
2.548  	 0.02722634050997113 
2.549  	 0.02706468875055127 
2.55  	 0.02691190097142997 
2.551  	 0.02676727072628347 
2.552  	 0.02663016450177713 
2.553  	 0.02650001253769671 
2.554  	 0.02637630099944983 
2.555  	 0.02625856527609461 
2.556  	 0.02614638421950564 
2.557  	 0.02603937517409887 
2.558  	 0.02593718967319699 
2.559  	 0.02583950970020232 
2.56  	 0.02574604442978326 
2.561  	 0.02565652737874668 
2.562  	 0.02557071390776945 
2.563  	 0.02548837902452296 
2.564  	 0.02540931544670946 
2.565  	 0.02533333188963833 
2.566  	 0.02526025154878593 
2.567  	 0.02518991075173076 
2.568  	 0.02512215775795045 
2.569  	 0.02505685168771163 
2.57  	 0.02499386156435333 
2.571  	 0.02493306545606782 
2.572  	 0.02487434970533442 
2.573  	 0.02481760823575058 
2.574  	 0.0247627419273873 
2.575  	 0.0247096580527734 
2.576  	 0.02465826976689652 
2.577  	 0.02460849564515503 
2.578  	 0.02456025926413682 
2.579  	 0.02451348882066794 
2.58  	 0.02446811678513139 
2.581  	 0.02442407958539842 
2.582  	 0.02438131731842694 
2.583  	 0.02433977348663486 
2.584  	 0.02429939475661378 
2.585  	 0.02426013073800792 
2.586  	 0.02422193378066063 
2.587  	 0.02418475878819854 
2.588  	 0.02414856304662508 
2.589  	 0.02411330606644443 
2.59  	 0.02407894943711652 
2.591  	 0.02404545669274787 
2.592  	 0.02401279318802197 
2.593  	 0.02398092598338226 
2.594  	 0.0239498237388076 
2.595  	 0.02391945661532371 
2.596  	 0.02388979618368612 
2.597  	 0.02386081533952084 
2.598  	 0.02383248822452452 
2.599  	 0.02380479015312385 
2.6  	 0.02377769754422839 
2.601  	 0.0237511878575713 
2.602  	 0.02372523953439524 
2.603  	 0.0236998319420676 
2.604  	 0.02367494532233017 
2.605  	 0.02365056074291238 
2.606  	 0.02362666005228396 
2.607  	 0.02360322583724167 
2.608  	 0.02358024138320379 
2.609  	 0.02355769063694517 
2.61  	 0.0235355581716239 
2.611  	 0.02351382915394369 
2.612  	 0.02349248931330205 
2.613  	 0.02347152491272576 
2.614  	 0.02345092272156202 
2.615  	 0.02343066998973842 
2.616  	 0.02341075442349938 
2.617  	 0.023391164162515 
2.618  	 0.02337188775830119 
2.619  	 0.02335291415380376 
2.62  	 0.0233342326641354 
2.621  	 0.02331583295833905 
2.622  	 0.02329770504213005 
2.623  	 0.02327983924155964 
2.624  	 0.02326222618754598 
2.625  	 0.02324485680116907 
2.626  	 0.02322772227975667 
2.627  	 0.0232108140836477 
2.628  	 0.02319412392363849 
2.629  	 0.02317764374901145 
2.63  	 0.02316136573617911 
2.631  	 0.02314528227785141 
2.632  	 0.02312938597273289 
2.633  	 0.02311366961566961 
2.634  	 0.02309812618827472 
2.635  	 0.02308274884996925 
2.636  	 0.02306753092941624 
2.637  	 0.02305246591632605 
2.638  	 0.02303754745362878 
2.639  	 0.02302276932995622 
2.64  	 0.02300812547245178 
2.641  	 0.02299360993986311 
2.642  	 0.02297921691590612 
2.643  	 0.02296494070289394 
2.644  	 0.02295077571561131 
2.645  	 0.0229367164753964 
2.646  	 0.02292275760445745 
2.647  	 0.02290889382038029 
2.648  	 0.0228951199308229 
2.649  	 0.02288143082838257 
2.65  	 0.0228678214856383 
2.651  	 0.02285428695033125 
2.652  	 0.02284082234070352 
2.653  	 0.02282742284096017 
2.654  	 0.02281408369685836 
2.655  	 0.02280080021141181 
2.656  	 0.02278756774070761 
2.657  	 0.02277438168980846 
2.658  	 0.02276123750875806 
2.659  	 0.02274813068866344 
2.66  	 0.02273505675785791 
2.661  	 0.02272201127812251 
2.662  	 0.02270898984098096 
2.663  	 0.02269598806404204 
2.664  	 0.02268300158739557 
2.665  	 0.02267002607004308 
2.666  	 0.02265705718637271 
2.667  	 0.02264409062265875 
2.668  	 0.02263112207358563 
2.669  	 0.02261814723879053 
2.67  	 0.02260516181941708 
2.671  	 0.02259216151467462 
2.672  	 0.02257914201839879 
2.673  	 0.02256609901560386 
2.674  	 0.02255302817902648 
2.675  	 0.02253992516564958 
2.676  	 0.02252678561320227 
2.677  	 0.02251360513663337 
2.678  	 0.02250037932454587 
2.679  	 0.02248710373559105 
2.68  	 0.02247377389481438 
2.681  	 0.02246038528994822 
2.682  	 0.02244693336763984 
2.683  	 0.02243341352961639 
2.684  	 0.02241982112877005 
2.685  	 0.02240615146516426 
2.686  	 0.0223923997819511 
2.687  	 0.0223785612611896 
2.688  	 0.0223646310195553 
2.689  	 0.02235060410394699 
2.69  	 0.02233647548696108 
2.691  	 0.02232224006223814 
2.692  	 0.02230789263967188 
2.693  	 0.02229342794045802 
2.694  	 0.0222788405919987 
2.695  	 0.02226412512262062 
2.696  	 0.02224927595611319 
2.697  	 0.02223428740607518 
2.698  	 0.0222191536700551 
2.699  	 0.02220386882345902 
2.7  	 0.02218842681323939 
2.701  	 0.02217282145131768 
2.702  	 0.02215704640775016 
2.703  	 0.02214109520361225 
2.704  	 0.02212496120357658 
2.705  	 0.02210863760816485 
2.706  	 0.02209211744568378 
2.707  	 0.02207539356377694 
2.708  	 0.02205845862059899 
2.709  	 0.02204130507558761 
2.71  	 0.02202392517980345 
2.711  	 0.02200631096579455 
2.712  	 0.0219884542369938 
2.713  	 0.02197034655657157 
2.714  	 0.02195197923574901 
2.715  	 0.02193334332152014 
2.716  	 0.02191442958374136 
2.717  	 0.02189522850153872 
2.718  	 0.02187573024903644 
2.719  	 0.02185592468028943 
2.72  	 0.02183580131342581 
2.721  	 0.02181534931390162 
2.722  	 0.02179455747686961 
2.723  	 0.02177341420852297 
2.724  	 0.0217519075064086 
2.725  	 0.02173002493858668 
2.726  	 0.02170775362162762 
2.727  	 0.02168508019727752 
2.728  	 0.02166199080775303 
2.729  	 0.02163847106956155 
2.73  	 0.02161450604573537 
2.731  	 0.02159008021633604 
2.732  	 0.02156517744716469 
2.733  	 0.02153978095646877 
2.734  	 0.02151387327955619 
2.735  	 0.02148743623113332 
2.736  	 0.02146045086518331 
2.737  	 0.02143289743218469 
2.738  	 0.02140475533353572 
2.739  	 0.02137600307284891 
2.74  	 0.02134661820394264 
2.741  	 0.02131657727524715 
2.742  	 0.02128585577032983 
2.743  	 0.02125442804418098 
2.744  	 0.02122226725498191 
2.745  	 0.021189345290876 
2.746  	 0.02115563269139485 
2.747  	 0.02112109856303736 
2.748  	 0.02108571048847618 
2.749  	 0.0210494344288168 
2.75  	 0.02101223461836401 
2.751  	 0.02097407345107314 
2.752  	 0.02093491135802942 
2.753  	 0.02089470667501904 
2.754  	 0.02085341549937436 
2.755  	 0.0208109915348964 
2.756  	 0.02076738592381534 
2.757  	 0.02072254706440007 
2.758  	 0.0206764204129064 
2.759  	 0.02062894826809321 
2.76  	 0.02058006953660615 
2.761  	 0.02052971947719771 
2.762  	 0.02047782942151366 
2.763  	 0.02042432646884501 
2.764  	 0.02036913315209173 
2.765  	 0.02031216707156711 
2.766  	 0.02025334049309714 
2.767  	 0.02019255990622947 
2.768  	 0.02012972553783689 
2.769  	 0.02006473081575824 
2.77  	 0.01999746177652444 
2.771  	 0.01992779641002082 
2.772  	 0.01985560393326097 
2.773  	 0.01978074398414474 
2.774  	 0.01970306572470097 
2.775  	 0.01962240684166506 
2.776  	 0.01953859243057436 
2.777  	 0.01945143374702206 
2.778  	 0.01936072680642251 
2.779  	 0.01926625081031902 
2.78  	 0.01916776637362103 
2.781  	 0.01906501352274035 
2.782  	 0.01895770942950993 
2.783  	 0.01884554583896557 
2.784  	 0.01872818614190415 
2.785  	 0.01860526203341892 
2.786  	 0.01847636968773487 
2.787  	 0.0183410653652635 
2.788  	 0.01819886035136228 
2.789  	 0.01804921510487035 
2.79  	 0.01789153246893814 
2.791  	 0.01772514976362473 
2.792  	 0.01754932953959004 
2.793  	 0.01736324872066617 
2.794  	 0.01716598579796562 
2.795  	 0.01695650565487473 
2.796  	 0.01673364149562537 
2.797  	 0.01649607321089148 
2.798  	 0.01624230133334393 
2.799  	 0.01597061549732155 
2.8  	 0.01567905600024197 
2.801  	 0.01536536663894247 
2.802  	 0.01502693641989965 
2.803  	 0.01466072695522921 
2.804  	 0.01426318126890576 
2.805  	 0.01383010821249627 
2.806  	 0.01335653452460915 
2.807  	 0.01283651344935796 
2.808  	 0.01226287426664776 
2.809  	 0.01162689029522276 
2.81  	 0.01091783263348508 
2.811  	 0.01012236096647345 
2.812  	 0.009223677538336311 
2.813  	 0.008200329428667516 
2.814  	 0.007024475868131903 
2.815  	 0.005659319409287804 
2.816  	 0.004055189030597864 
2.817  	 0.002143370724287266 
2.818  	 0.0001739859010282724 
2.819  	 0.003041142043313683 
2.82  	 0.006679987508395037 
2.821  	 0.01145037331023506 
2.822  	 0.0179770685551477 
2.823  	 0.02744853654530138 
2.824  	 0.04243783553100258 
2.825  	 0.06974761263717517 
2.826  	 0.1351639185801554 
2.827  	 0.5024677340686325 
2.828  	 0.4267237538128059 
2.829  	 0.1696729562089602 
2.83  	 0.1129264796512437 
2.831  	 0.088001455563517 
2.832  	 0.07399302443715619 
2.833  	 0.06501793061788265 
2.834  	 0.05877665725204059 
2.835  	 0.05418529976513708 
2.836  	 0.05066605998468924 
2.837  	 0.04788272908039201 
2.838  	 0.04562637024654097 
2.839  	 0.04376030171501556 
2.84  	 0.04219134794047638 
2.841  	 0.04085380530061671 
2.842  	 0.03970001233848895 
2.843  	 0.03869455461328068 
2.844  	 0.03781056840526909 
2.845  	 0.03702730691611378 
2.846  	 0.03632849297788112 
2.847  	 0.03570117689490591 
2.848  	 0.0351349274934689 
2.849  	 0.03462124822755407 
2.85  	 0.03415314853030784 
2.851  	 0.03372482429800824 
2.852  	 0.0333314164109555 
2.853  	 0.03296882592483589 
2.854  	 0.03263357100057822 
2.855  	 0.03232267497405783 
2.856  	 0.03203357793523571 
2.857  	 0.03176406625048896 
2.858  	 0.03151221591934567 
2.859  	 0.03127634669752084 
2.86  	 0.03105498467221631 
2.861  	 0.03084683152706943 
2.862  	 0.03065073914207359 
2.863  	 0.03046568847822831 
2.864  	 0.03029077192705215 
2.865  	 0.03012517847909486 
2.866  	 0.02996818119981874 
2.867  	 0.02981912660465291 
2.868  	 0.02967742560559953 
2.869  	 0.02954254576453074 
2.87  	 0.02941400463853385 
2.871  	 0.02929136404164418 
2.872  	 0.02917422507911478 
2.873  	 0.0290622238355614 
2.874  	 0.02895502761870934 
2.875  	 0.02885233167680074 
2.876  	 0.02875385632166702 
2.877  	 0.0286593443999553 
2.878  	 0.02856855906447302 
2.879  	 0.02848128180470555 
2.88  	 0.02839731070224301 
2.881  	 0.02831645888153313 
2.882  	 0.02823855313104007 
2.883  	 0.02816343267316013 
2.884  	 0.0280909480647066 
2.885  	 0.02802096021194719 
2.886  	 0.02795333948651832 
2.887  	 0.02788796493037018 
2.888  	 0.02782472353951599 
2.889  	 0.02776350961748822 
2.89  	 0.02770422419086237 
2.891  	 0.02764677447988168 
2.892  	 0.02759107341826918 
2.893  	 0.02753703921697852 
2.894  	 0.02748459496728197 
2.895  	 0.02743366827900068 
2.896  	 0.02738419095046429 
2.897  	 0.0273360986668934 
2.898  	 0.02728933072439832 
2.899  	 0.02724382977709926 
2.9  	 0.02719954160517943 
2.901  	 0.02715641490177872 
2.902  	 0.02711440107707914 
2.903  	 0.02707345407789048 
2.904  	 0.02703353022135959 
2.905  	 0.02699458804153873 
2.906  	 0.02695658814767563 
2.907  	 0.02691949309310233 
2.908  	 0.02688326725394397 
2.909  	 0.02684787671668703 
2.91  	 0.02681328917394296 
2.911  	 0.02677947382760777 
2.912  	 0.02674640129894281 
2.913  	 0.02671404354489837 
2.914  	 0.02668237378025886 
2.915  	 0.02665136640503884 
2.916  	 0.02662099693683559 
2.917  	 0.02659124194767436 
2.918  	 0.02656207900500749 
2.919  	 0.02653348661655674 
2.92  	 0.02650544417873508 
2.921  	 0.02647793192831345 
2.922  	 0.02645093089717056 
2.923  	 0.02642442286983578 
2.924  	 0.0263983903436468 
2.925  	 0.02637281649134274 
2.926  	 0.02634768512592243 
2.927  	 0.02632298066754914 
2.928  	 0.02629868811245134 
2.929  	 0.02627479300361771 
2.93  	 0.02625128140317274 
2.931  	 0.0262281398663242 
2.932  	 0.02620535541679727 
2.933  	 0.0261829155236059 
2.934  	 0.02616080807913132 
2.935  	 0.02613902137837382 
2.936  	 0.02611754409932197 
2.937  	 0.02609636528437121 
2.938  	 0.02607547432272793 
2.939  	 0.02605486093369277 
2.94  	 0.02603451515083568 
2.941  	 0.02601442730695175 
2.942  	 0.02599458801978854 
2.943  	 0.02597498817844342 
2.944  	 0.02595561893045742 
2.945  	 0.02593647166950947 
2.946  	 0.02591753802370407 
2.947  	 0.02589880984439565 
2.948  	 0.02588027919552831 
2.949  	 0.0258619383434705 
2.95  	 0.02584377974728238 
2.951  	 0.02582579604942962 
2.952  	 0.02580798006688579 
2.953  	 0.02579032478260978 
2.954  	 0.02577282333738396 
2.955  	 0.02575546902198989 
2.956  	 0.02573825526967417 
2.957  	 0.02572117564893223 
2.958  	 0.02570422385655827 
2.959  	 0.02568739371095242 
2.96  	 0.02567067914567003 
2.961  	 0.02565407420320915 
2.962  	 0.02563757302899752 
2.963  	 0.02562116986559321 
2.964  	 0.02560485904706424 
2.965  	 0.02558863499354565 
2.966  	 0.0255724922059606 
2.967  	 0.02555642526090082 
2.968  	 0.02554042880563361 
2.969  	 0.02552449755325653 
2.97  	 0.02550862627796523 
2.971  	 0.02549280981044177 
2.972  	 0.02547704303333675 
2.973  	 0.02546132087685608 
2.974  	 0.02544563831443067 
2.975  	 0.02542999035846966 
2.976  	 0.02541437205617623 
2.977  	 0.02539877848543643 
2.978  	 0.02538320475076069 
2.979  	 0.02536764597927395 
2.98  	 0.02535209731674858 
2.981  	 0.02533655392367417 
2.982  	 0.02532101097135238 
2.983  	 0.025305463638018 
2.984  	 0.0252899071049709 
2.985  	 0.0252743365527201 
2.986  	 0.02525874715712685 
2.987  	 0.02524313408554494 
2.988  	 0.0252274924929493 
2.989  	 0.02521181751804714 
2.99  	 0.02519610427936407 
2.991  	 0.02518034787129964 
2.992  	 0.0251645433601451 
2.993  	 0.02514868578005551 
2.994  	 0.02513277012897212 
2.995  	 0.02511679136448201 
2.996  	 0.0251007443996158 
2.997  	 0.02508462409856855 
2.998  	 0.02506842527234143 
2.999  	 0.02505214267428781 
3  	 0.02503577099557205 
3.001  	 0.02501930486051218 
3.002  	 0.02500273882181287 
3.003  	 0.02498606735566745 
3.004  	 0.02496928485673768 
3.005  	 0.02495238563297725 
3.006  	 0.0249353639003091 
3.007  	 0.02491821377712604 
3.008  	 0.02490092927863359 
3.009  	 0.02488350431098581 
3.01  	 0.02486593266522534 
3.011  	 0.02484820801101106 
3.012  	 0.02483032389011772 
3.013  	 0.02481227370968266 
3.014  	 0.02479405073520677 
3.015  	 0.024775648083266 
3.016  	 0.02475705871393773 
3.017  	 0.02473827542291678 
3.018  	 0.02471929083329431 
3.019  	 0.02470009738697874 
3.02  	 0.02468068733576438 
3.021  	 0.02466105273197958 
3.022  	 0.02464118541871888 
3.023  	 0.02462107701962826 
3.024  	 0.02460071892821799 
3.025  	 0.02458010229664842 
3.026  	 0.02455921802400117 
3.027  	 0.02453805674395062 
3.028  	 0.02451660881183966 
3.029  	 0.0244948642911048 
3.03  	 0.02447281293900018 
3.031  	 0.02445044419157633 
3.032  	 0.02442774714790174 
3.033  	 0.02440471055341383 
3.034  	 0.02438132278239525 
3.035  	 0.0243575718194747 
3.036  	 0.02433344524014664 
3.037  	 0.02430893019016453 
3.038  	 0.02428401336379769 
3.039  	 0.02425868098081741 
3.04  	 0.02423291876219858 
3.041  	 0.02420671190435852 
3.042  	 0.02418004505188325 
3.043  	 0.02415290226862887 
3.044  	 0.02412526700707669 
3.045  	 0.024097122075784 
3.046  	 0.02406844960485548 
3.047  	 0.02403923100921286 
3.048  	 0.02400944694955669 
3.049  	 0.0239790772908231 
3.05  	 0.02394810105793285 
3.051  	 0.02391649638861515 
3.052  	 0.02388424048315007 
3.053  	 0.02385130955067361 
3.054  	 0.02381767875184304 
3.055  	 0.02378332213756171 
3.056  	 0.0237482125834305 
3.057  	 0.02371232171954067 
3.058  	 0.02367561985529519 
3.059  	 0.02363807589873767 
3.06  	 0.02359965727000548 
3.061  	 0.02356032980835125 
3.062  	 0.02352005767216698 
3.063  	 0.02347880323136988 
3.064  	 0.02343652695155728 
3.065  	 0.02339318726902673 
3.066  	 0.02334874045594271 
3.067  	 0.02330314047462556 
3.068  	 0.02325633882005954 
3.069  	 0.02320828434931741 
3.07  	 0.02315892309675878 
3.071  	 0.02310819807348345 
3.072  	 0.02305604904959972 
3.073  	 0.0230024123173783 
3.074  	 0.02294722043342156 
3.075  	 0.02289040193765684 
3.076  	 0.02283188104657804 
3.077  	 0.02277157731805353 
3.078  	 0.0227094052845192 
3.079  	 0.02264527405101095 
3.08  	 0.02257908685402447 
3.081  	 0.02251074057680452 
3.082  	 0.02244012521574658 
3.083  	 0.02236712329220555 
3.084  	 0.02229160920305455 
3.085  	 0.0222134485024124 
3.086  	 0.02213249710580521 
3.087  	 0.02204860040696228 
3.088  	 0.0219615922956601 
3.089  	 0.02187129406358808 
3.09  	 0.02177751318298478 
3.091  	 0.02168004194041716 
3.092  	 0.02157865590524426 
3.093  	 0.02147311220911397 
3.094  	 0.02136314760843394 
3.095  	 0.0212484762974333 
3.096  	 0.02112878743335003 
3.097  	 0.02100374232879177 
3.098  	 0.0208729712575222 
3.099  	 0.02073606981038681 
3.1  	 0.02059259472547515 
3.101  	 0.02044205910212248 
3.102  	 0.02028392688947511 
3.103  	 0.0201176065182599 
3.104  	 0.01994244351619226 
3.105  	 0.0197577119125741 
3.106  	 0.01956260419384893 
3.107  	 0.01935621951714061 
3.108  	 0.01913754981846503 
3.109  	 0.01890546336372024 
3.11  	 0.01865868517572102 
3.111  	 0.0183957736224614 
3.112  	 0.01811509225851943 
3.113  	 0.0178147757577946 
3.114  	 0.01749268843812639 
3.115  	 0.01714637342807089 
3.116  	 0.01677298991628402 
3.117  	 0.01636923509133316 
3.118  	 0.01593124622938975 
3.119  	 0.01545447677930636 
3.12  	 0.01493353801494176 
3.121  	 0.01436199455054697 
3.122  	 0.01373209723535014 
3.123  	 0.01303442985102642 
3.124  	 0.01225743531472799 
3.125  	 0.01138677055481023 
3.126  	 0.01040441314450251 
3.127  	 0.009287400614222232 
3.128  	 0.008006013277261732 
3.129  	 0.00652109123015222 
3.13  	 0.004779962714571976 
3.131  	 0.002710066180494632 
3.132  	 0.0002085830856116641 
3.133  	 0.002875168418904542 
3.134  	 0.006771252974170461 
3.135  	 0.01184932350712689 
3.136  	 0.01874341734353321 
3.137  	 0.0286397902384953 
3.138  	 0.04404545475076359 
3.139  	 0.07133529414996775 
3.14  	 0.1328949123622142 
3.141  	 0.4021971857010816 
