0.001  	 0.0009999833334166665 
0.002  	 0.001999866669333308 
0.003  	 0.002999550020249566 
0.004  	 0.003998933418663416 
0.005  	 0.004997916927067834 
0.006  	 0.00599640064794446 
0.007  	 0.006994284733753277 
0.008  	 0.007991469396917269 
0.009000000000000001  	 0.008987854919801105 
0.01  	 0.009983341664682815 
0.011  	 0.01097783008371748 
0.012  	 0.01197122072889194 
0.013  	 0.01296341426196949 
0.014  	 0.01395431146442365 
0.015  	 0.01494381324735992 
0.016  	 0.0159318206614246 
0.017  	 0.01691823490669961 
0.018  	 0.01790295734258242 
0.019  	 0.01888588949765006 
0.02  	 0.01986693307950612 
0.021  	 0.02084598998460996 
0.022  	 0.02182296230808693 
0.023  	 0.02279775235351884 
0.024  	 0.02377026264271346 
0.025  	 0.0247403959254523 
0.026  	 0.02570805518921551 
0.027  	 0.02667314366888312 
0.028  	 0.02763556485641138 
0.029  	 0.02859522251048356 
0.03  	 0.02955202066613396 
0.031  	 0.03050586364434435 
0.032  	 0.03145665606161178 
0.033  	 0.03240430283948684 
0.034  	 0.03334870921408144 
0.035  	 0.03428978074554514 
0.036  	 0.035227423327509 
0.037  	 0.0361615431964962 
0.038  	 0.03709204694129827 
0.039  	 0.03801884151231615 
0.04  	 0.03894183423086506 
0.041  	 0.0398609327984423 
0.042  	 0.04077604530595702 
0.043  	 0.04168708024292109 
0.044  	 0.04259394650659996 
0.045  	 0.04349655341112302 
0.046  	 0.04439481069655198 
0.047  	 0.04528862853790683 
0.048  	 0.0461779175541483 
0.049  	 0.04706258881711581 
0.05  	 0.0479425538604203 
0.051  	 0.04881772468829075 
0.052  	 0.04968801378437368 
0.053  	 0.0505533341204847 
0.054  	 0.05141359916531132 
0.055  	 0.05226872289306592 
0.056  	 0.05311861979208835 
0.057  	 0.05396320487339693 
0.058  	 0.05480239367918737 
0.059  	 0.05563610229127839 
0.06  	 0.05646424733950354 
0.061  	 0.05728674601004813 
0.062  	 0.05810351605373051 
0.063  	 0.05891447579422696 
0.064  	 0.05971954413623921 
0.065  	 0.06051864057360395 
0.066  	 0.06131168519734338 
0.067  	 0.06209859870365597 
0.068  	 0.06287930240184686 
0.06900000000000001  	 0.0636537182221968 
0.07000000000000001  	 0.06442176872376912 
0.07100000000000001  	 0.06518337710215368 
0.07200000000000001  	 0.06593846719714733 
0.073  	 0.06668696350036979 
0.074  	 0.06742879116281451 
0.075  	 0.06816387600233341 
0.076  	 0.06889214451105513 
0.077  	 0.06961352386273567 
0.078  	 0.07032794192004102 
0.079  	 0.07103532724176079 
0.08  	 0.07173560908995229 
0.081  	 0.07242871743701426 
0.082  	 0.07311458297268959 
0.083  	 0.07379313711099628 
0.08400000000000001  	 0.07446431199708595 
0.08500000000000001  	 0.07512804051402927 
0.08600000000000001  	 0.07578425628952772 
0.08700000000000001  	 0.07643289370255052 
0.08799999999999999  	 0.07707388788989693 
0.089  	 0.07770717475268239 
0.09  	 0.07833269096274834 
0.091  	 0.07895037396899504 
0.092  	 0.07956016200363661 
0.093  	 0.08016199408837771 
0.094  	 0.08075581004051142 
0.095  	 0.08134155047893737 
0.096  	 0.08191915683009983 
0.097  	 0.08248857133384502 
0.098  	 0.08304973704919705 
0.099  	 0.08360259786005206 
0.1  	 0.08414709848078966 
0.101  	 0.08468318446180152 
0.102  	 0.08521080219493631 
0.103  	 0.08572989891886035 
0.104  	 0.08624042272433385 
0.105  	 0.0867423225594017 
0.106  	 0.08723554823449864 
0.107  	 0.08772005042746817 
0.108  	 0.08819578068849476 
0.109  	 0.08866269144494873 
0.11  	 0.08912073600614355 
0.111  	 0.08956986856800477 
0.112  	 0.09001004421765052 
0.113  	 0.09044121893788259 
0.114  	 0.09086334961158833 
0.115  	 0.09127639402605212 
0.116  	 0.09168031087717671 
0.117  	 0.09207505977361358 
0.118  	 0.09246060124080205 
0.119  	 0.09283689672491668 
0.12  	 0.09320390859672263 
0.121  	 0.0935616001553386 
0.122  	 0.09390993563190676 
0.123  	 0.09424888019316975 
0.124  	 0.0945783999449539 
0.125  	 0.09489846193555862 
0.126  	 0.09520903415905158 
0.127  	 0.09551008555846924 
0.128  	 0.0958015860289225 
0.129  	 0.09608350642060727 
0.13  	 0.0963558185417193 
0.131  	 0.09661849516127341 
0.132  	 0.09687151001182653 
0.133  	 0.09711483779210446 
0.134  	 0.09734845416953194 
0.135  	 0.09757233578266591 
0.136  	 0.09778646024353163 
0.137  	 0.09799080613986143 
0.138  	 0.09818535303723598 
0.139  	 0.09837008148112766 
0.14  	 0.09854497299884603 
0.141  	 0.09871001010138504 
0.142  	 0.098865176285172 
0.143  	 0.09901045603371779 
0.144  	 0.09914583481916865 
0.145  	 0.09927129910375886 
0.146  	 0.09938683634116449 
0.147  	 0.0994924349777581 
0.148  	 0.09958808445376401 
0.149  	 0.09967377520431435 
0.15  	 0.09974949866040544 
0.151  	 0.09981524724975482 
0.152  	 0.0998710143975583 
0.153  	 0.09991679452714761 
0.154  	 0.09995258306054791 
0.155  	 0.0999783764189357 
0.156  	 0.09999417202299664 
0.157  	 0.09999996829318347 
0.158  	 0.09999576464987402 
0.159  	 0.09998156151342909 
0.16  	 0.09995736030415052 
0.161  	 0.09992316344213906 
0.162  	 0.0998789743470524 
0.163  	 0.09982479743776325 
0.164  	 0.09976063813191738 
0.165  	 0.09968650284539189 
0.166  	 0.09960239899165368 
0.167  	 0.09950833498101802 
0.168  	 0.09940432021980761 
0.169  	 0.09929036510941186 
0.17  	 0.09916648104524686 
0.171  	 0.0990326804156158 
0.172  	 0.09888897660047015 
0.173  	 0.09873538397007164 
0.174  	 0.09857191788355535 
0.175  	 0.09839859468739369 
0.176  	 0.09821543171376185 
0.177  	 0.09802244727880455 
0.178  	 0.09781966068080448 
0.179  	 0.09760709219825242 
0.18  	 0.09738476308781953 
0.181  	 0.09715269558223154 
0.182  	 0.09691091288804565 
0.183  	 0.09665943918332975 
0.184  	 0.09639829961524482 
0.185  	 0.09612752029752999 
0.186  	 0.09584712830789144 
0.187  	 0.0955571516852944 
0.188  	 0.09525761942715955 
0.189  	 0.09494856148646305 
0.19  	 0.09463000876874145 
0.191  	 0.09430199312900106 
0.192  	 0.09396454736853249 
0.193  	 0.0936177052316306 
0.194  	 0.09326150140222006 
0.195  	 0.09289597150038692 
0.196  	 0.09252115207881684 
0.197  	 0.09213708061913954 
0.198  	 0.09174379552818099 
0.199  	 0.09134133613412251 
0.2  	 0.09092974268256818 
0.201  	 0.0905090563325201 
0.202  	 0.09007931915226274 
0.203  	 0.08964057411515598 
0.204  	 0.08919286509533797 
0.205  	 0.08873623686333754 
0.206  	 0.08827073508159741 
0.207  	 0.0877964062999078 
0.208  	 0.08731329795075166 
0.209  	 0.08682145834456127 
0.21  	 0.08632093666488738 
0.211  	 0.0858117829634809 
0.212  	 0.08529404815528763 
0.213  	 0.08476778401335699 
0.214  	 0.08423304316366458 
0.215  	 0.08368987907984977 
0.216  	 0.08313834607786831 
0.217  	 0.08257849931056081 
0.218  	 0.08201039476213742 
0.219  	 0.08143408924257961 
0.22  	 0.08084964038195902 
0.221  	 0.08025710662467472 
0.222  	 0.07965654722360865 
0.223  	 0.07904802223420049 
0.224  	 0.07843159250844199 
0.225  	 0.07780731968879212 
0.226  	 0.07717526620201258 
0.227  	 0.07653549525292536 
0.228  	 0.07588807081809218 
0.229  	 0.07523305763941707 
0.23  	 0.07457052121767201 
0.231  	 0.07390052780594708 
0.232  	 0.07322314440302512 
0.233  	 0.07253843874668196 
0.234  	 0.0718464793069126 
0.235  	 0.07114733527908444 
0.236  	 0.07044107657701759 
0.237  	 0.06972777382599378 
0.238  	 0.06900749835569361 
0.239  	 0.06828032219306397 
0.24  	 0.0675463180551151 
0.241  	 0.0668055593416491 
0.242  	 0.06605812012792008 
0.243  	 0.06530407515722651 
0.244  	 0.06454349983343707 
0.245  	 0.06377647021345037 
0.246  	 0.06300306299958923 
0.247  	 0.06222335553193051 
0.248  	 0.06143742578057118 
0.249  	 0.06064535233783147 
0.25  	 0.05984721441039566 
0.251  	 0.05904309181139131 
0.252  	 0.05823306495240819 
0.253  	 0.05741721483545723 
0.254  	 0.05659562304487029 
0.255  	 0.0557683717391417 
0.256  	 0.05493554364271266 
0.257  	 0.05409722203769882 
0.258  	 0.05325349075556212 
0.259  	 0.05240443416872761 
0.26  	 0.05155013718214642 
0.261  	 0.05069068522480531 
0.262  	 0.04982616424118386 
0.263  	 0.04895666068265996 
0.264  	 0.04808226149886483 
0.265  	 0.04720305412898823 
0.266  	 0.04631912649303452 
0.267  	 0.04543056698303065 
0.268  	 0.04453746445418712 
0.269  	 0.04363990821601259 
0.27  	 0.04273798802338298 
0.271  	 0.0418317940675659 
0.272  	 0.04092141696720173 
0.273  	 0.04000694775924191 
0.274  	 0.03908847788984522 
0.275  	 0.03816609920523317 
0.276  	 0.03723990394250553 
0.277  	 0.03630998472041679 
0.278  	 0.03537643453011427 
0.279  	 0.034439346725839 
0.28  	 0.03349881501559047 
0.281  	 0.03255493345175596 
0.282  	 0.03160779642170534 
0.283  	 0.03065749863835229 
0.284  	 0.0297041351306832 
0.285  	 0.0287478012342544 
0.286  	 0.02778859258165864 
0.287  	 0.02682660509296179 
0.288  	 0.02586193496611104 
0.289  	 0.0248946786673153 
0.29  	 0.02392493292139825 
0.291  	 0.02295279470212647 
0.292  	 0.02197836122251169 
0.293  	 0.02100172992508996 
0.294  	 0.02002299847217705 
0.295  	 0.01904226473610275 
0.296  	 0.01805962678942329 
0.297  	 0.01707518289511458 
0.298  	 0.01608903149674558 
0.299  	 0.01510127120863443 
0.3  	 0.01411200080598672 
0.301  	 0.01312131921501842 
0.302  	 0.01212932550306298 
0.303  	 0.011136118868665 
0.304  	 0.01014179863166019 
0.305  	 0.00914646422324372 
0.306  	 0.008150215176026912 
0.307  	 0.00715315111408437 
0.308  	 0.006155371742991315 
0.309  	 0.005156976839853464 
0.31  	 0.004158066243329049 
0.311  	 0.00315873984364539 
0.312  	 0.002159097572609596 
0.313  	 0.001159239393615827 
0.314  	 0.0001592652916486828 
0.315  	 -0.0008407247367148619 
0.316  	 -0.001840630693305381 
0.317  	 -0.002840352588360379 
0.318  	 -0.003839790450523538 
0.319  	 -0.004838844336841415 
0.32  	 -0.005837414342758009 
0.321  	 -0.006835400612104778 
0.322  	 -0.00783270334708653 
0.323  	 -0.008829222818260761 
0.324  	 -0.009824859374510869 
0.325  	 -0.01081951345301084 
0.326  	 -0.01181308558918178 
0.327  	 -0.01280547642663797 
0.328  	 -0.01379658672712273 
0.329  	 -0.01478631738043185 
0.33  	 -0.01577456941432486 
0.331  	 -0.01676124400442183 
0.332  	 -0.01774624248408606 
0.333  	 -0.01872946635429032 
0.334  	 -0.01971081729346703 
0.335  	 -0.02069019716733998 
0.336  	 -0.02166750803873801 
0.337  	 -0.02264265217738832 
0.338  	 -0.02361553206968975 
0.339  	 -0.0245860504284637 
0.34  	 -0.02555411020268317 
0.341  	 -0.02651961458717734 
0.342  	 -0.02748246703231244 
0.343  	 -0.02844257125364626 
0.344  	 -0.0293998312415568 
0.345  	 -0.03035415127084293 
0.346  	 -0.03130543591029707 
0.347  	 -0.0322535900322479 
0.348  	 -0.03319851882207345 
0.349  	 -0.0341401277876821 
0.35  	 -0.03507832276896203 
0.351  	 -0.03601300994719685 
0.352  	 -0.03694409585444767 
0.353  	 -0.03787148738289976 
0.354  	 -0.03879509179417304 
0.355  	 -0.03971481672859598 
0.356  	 -0.04063057021444164 
0.357  	 -0.04154226067712459 
0.358  	 -0.04244979694835826 
0.359  	 -0.04335308827527178 
0.36  	 -0.04425204432948521 
0.361  	 -0.04514657521614232 
0.362  	 -0.04603659148289983 
0.363  	 -0.04692200412887271 
0.364  	 -0.04780272461353425 
0.365  	 -0.04867866486556994 
0.366  	 -0.04954973729168449 
0.367  	 -0.05041585478536115 
0.368  	 -0.05127693073557235 
0.369  	 -0.05213287903544065 
0.37  	 -0.05298361409084934 
0.371  	 -0.05382905082900177 
0.372  	 -0.05466910470692869 
0.373  	 -0.05550369171994238 
0.374  	 -0.056332728410037 
0.375  	 -0.05715613187423438 
0.376  	 -0.05797381977287428 
0.377  	 -0.05878571033784828 
0.378  	 -0.05959172238077642 
0.379  	 -0.06039177530112606 
0.38  	 -0.06118578909427189 
0.381  	 -0.06197368435949633 
0.382  	 -0.06275538230792936 
0.383  	 -0.06353080477042757 
0.384  	 -0.06429987420539089 
0.385  	 -0.06506251370651674 
0.386  	 -0.06581864701049053 
0.387  	 -0.06656819850461192 
0.388  	 -0.06731109323435618 
0.389  	 -0.06804725691086941 
0.39  	 -0.06877661591839741 
0.391  	 -0.0694990973216472 
0.392  	 -0.07021462887308054 
0.393  	 -0.07092313902013862 
0.394  	 -0.07162455691239709 
0.395  	 -0.07231881240865122 
0.396  	 -0.07300583608392995 
0.397  	 -0.07368555923643834 
0.398  	 -0.07435791389442749 
0.399  	 -0.07502283282299191 
0.4  	 -0.07568024953079283 
0.401  	 -0.07633009827670734 
0.402  	 -0.07697231407640244 
0.403  	 -0.07760683270883323 
0.404  	 -0.07823359072266528 
0.405  	 -0.07885252544261956 
0.406  	 -0.07946357497573975 
0.407  	 -0.08006667821758177 
0.408  	 -0.08066177485832406 
0.409  	 -0.08124880538879843 
0.41  	 -0.08182771110644109 
0.411  	 -0.08239843412116259 
0.412  	 -0.08296091736113709 
0.413  	 -0.08351510457850941 
0.414  	 -0.0840609403550195 
0.415  	 -0.08459837010754466 
0.416  	 -0.08512734009355745 
0.417  	 -0.08564779741650012 
0.418  	 -0.08615969003107406 
0.419  	 -0.08666296674844438 
0.42  	 -0.08715757724135882 
0.421  	 -0.08764347204918015 
0.422  	 -0.08812060258283254 
0.423  	 -0.08858892112966023 
0.424  	 -0.08904838085819886 
0.425  	 -0.08949893582285835 
0.426  	 -0.08994054096851778 
0.427  	 -0.09037315213503054 
0.428  	 -0.09079672606164055 
0.429  	 -0.09121122039130804 
0.43  	 -0.0916165936749455 
0.431  	 -0.09201280537556238 
0.432  	 -0.0923998158723188 
0.433  	 -0.09277758646448755 
0.434  	 -0.09314607937532426 
0.435  	 -0.09350525775584491 
0.436  	 -0.09385508568851079 
0.437  	 -0.09419552819082011 
0.438  	 -0.09452655121880633 
0.439  	 -0.09484812167044257 
0.44  	 -0.0951602073889516 
0.441  	 -0.09546277716602164 
0.442  	 -0.09575580074492712 
0.443  	 -0.09603924882355434 
0.444  	 -0.09631309305733167 
0.445  	 -0.09657730606206388 
0.446  	 -0.09683186141667072 
0.447  	 -0.09707673366582883 
0.448  	 -0.0973118983225174 
0.449  	 -0.09753733187046665 
0.45  	 -0.0977530117665097 
0.451  	 -0.09795891644283669 
0.452  	 -0.09815502530915156 
0.453  	 -0.09834131875473108 
0.454  	 -0.09851777815038595 
0.455  	 -0.09868438585032366 
0.456  	 -0.09884112519391307 
0.457  	 -0.0989879805073504 
0.458  	 -0.0991249371052267 
0.459  	 -0.09925198129199632 
0.46  	 -0.09936910036334645 
0.461  	 -0.09947628260746756 
0.462  	 -0.09957351730622455 
0.463  	 -0.09966079473622856 
0.464  	 -0.09973810616980934 
0.465  	 -0.09980544387588795 
0.466  	 -0.0998628011207499 
0.467  	 -0.09991017216871849 
0.468  	 -0.09994755228272841 
0.469  	 -0.0999749377247994 
0.47  	 -0.09999232575641009 
0.471  	 -0.0999997146387718 
0.472  	 -0.09999710363300246 
0.473  	 -0.09998449300020044 
0.474  	 -0.09996188400141855 
0.475  	 -0.0999292788975378 
0.476  	 -0.09988668094904142 
0.477  	 -0.09983409441568876 
0.478  	 -0.09977152455608934 
0.479  	 -0.09969897762717696 
0.48  	 -0.09961646088358407 
0.481  	 -0.09952398257691628 
0.482  	 -0.09942155195492713 
0.483  	 -0.09930917926059354 
0.484  	 -0.09918687573109126 
0.485  	 -0.09905465359667133 
0.486  	 -0.098912526079437 
0.487  	 -0.09876050739202154 
0.488  	 -0.09859861273616705 
0.489  	 -0.09842685830120416 
0.49  	 -0.09824526126243326 
0.491  	 -0.0980538397794069 
0.492  	 -0.09785261299411385 
0.493  	 -0.09764160102906498 
0.494  	 -0.09742082498528093 
0.495  	 -0.09719030694018209 
0.496  	 -0.09695006994538088 
0.497  	 -0.0967001380243766 
0.498  	 -0.09644053617015305 
0.499  	 -0.09617129034267935 
0.5  	 -0.09589242746631385 
0.501  	 -0.09560397542711181 
0.502  	 -0.09530596307003678 
0.503  	 -0.09499842019607609 
0.504  	 -0.0946813775592609 
0.505  	 -0.09435486686359067 
0.506  	 -0.09401892075986285 
0.507  	 -0.0936735728424079 
0.508  	 -0.09331885764572977 
0.509  	 -0.09295481064105252 
0.51  	 -0.09258146823277325 
0.511  	 -0.09219886775482163 
0.512  	 -0.09180704746692669 
0.513  	 -0.09140604655079071 
0.514  	 -0.09099590510617103 
0.515  	 -0.09057666414687045 
0.516  	 -0.09014836559663549 
0.517  	 -0.08971105228496425 
0.518  	 -0.08926476794282347 
0.519  	 -0.08880955719827544 
0.52  	 -0.08834546557201532 
0.521  	 -0.08787253947281899 
0.522  	 -0.0873908261929022 
0.523  	 -0.08690037390319161 
0.524  	 -0.08640123164850744 
0.525  	 -0.0858934493426592 
0.526  	 -0.08537707776345434 
0.527  	 -0.08485216854762041 
0.528  	 -0.08431877418564168 
0.529  	 -0.08377694801650978 
0.53  	 -0.08322674422239008 
0.531  	 -0.08266821782320358 
0.532  	 -0.0821014246711247 
0.533  	 -0.08152642144499635 
0.534  	 -0.08094326564466195 
0.535  	 -0.08035201558521554 
0.536  	 -0.07975273039117042 
0.537  	 -0.07914546999054661 
0.538  	 -0.078530295108878 
0.539  	 -0.07790726726314026 
0.54  	 -0.07727644875559872 
0.541  	 -0.07663790266757844 
0.542  	 -0.0759916928531561 
0.543  	 -0.0753378839327746 
0.544  	 -0.07467654128678124 
0.545  	 -0.07400773104888944 
0.546  	 -0.0733315200995656 
0.547  	 -0.07264797605934124 
0.548  	 -0.07195716728205075 
0.549  	 -0.07125916284799615 
0.55  	 -0.0705540325570392 
0.551  	 -0.06984184692162131 
0.552  	 -0.06912267715971264 
0.553  	 -0.06839659518769008 
0.554  	 -0.06766367361314563 
0.555  	 -0.06692398572762613 
0.556  	 -0.0661776054993037 
0.5570000000000001  	 -0.06542460756557915 
0.5580000000000001  	 -0.06466506722561835 
0.5590000000000001  	 -0.06389906043282231 
0.5600000000000001  	 -0.06312666378723208 
0.5610000000000001  	 -0.06234795452786854 
0.5620000000000001  	 -0.06156301052500857 
0.5630000000000001  	 -0.06077191027239851 
0.5640000000000001  	 -0.0599747328794043 
0.5650000000000001  	 -0.05917155806310094 
0.5660000000000001  	 -0.05836246614030073 
0.5670000000000001  	 -0.05754753801952164 
0.5680000000000001  	 -0.0567268551928968 
0.5690000000000001  	 -0.05590049972802488 
0.5700000000000001  	 -0.0550685542597637 
0.5710000000000001  	 -0.0542311019819669 
0.5720000000000001  	 -0.05338822663916435 
0.5730000000000001  	 -0.05254001251818793 
0.5740000000000001  	 -0.05168654443974288 
0.5750000000000001  	 -0.05082790774992577 
0.5760000000000001  	 -0.04996418831169017 
0.577  	 -0.04909547249626017 
0.578  	 -0.04822184717449324 
0.579  	 -0.04734339970819359 
0.58  	 -0.04646021794137574 
0.581  	 -0.04557239019148055 
0.582  	 -0.04468000524054308 
0.583  	 -0.04378315232631469 
0.584  	 -0.04288192113333959 
0.585  	 -0.04197640178398597 
0.586  	 -0.04106668482943417 
0.587  	 -0.04015286124062155 
0.588  	 -0.03923502239914539 
0.589  	 -0.03831326008812513 
0.59  	 -0.03738766648302368 
0.591  	 -0.03645833414243013 
0.592  	 -0.03552535599880426 
0.593  	 -0.03458882534918289 
0.594  	 -0.03364883584585051 
0.595  	 -0.03270548148697415 
0.596  	 -0.03175885660720348 
0.597  	 -0.03080905586823781 
0.598  	 -0.02985617424935944 
0.599  	 -0.02890030703793611 
0.6  	 -0.02794154981989259 
0.601  	 -0.02697999847015162 
0.602  	 -0.02601574914304689 
0.603  	 -0.02504889826270758 
0.604  	 -0.02407954251341592 
0.605  	 -0.02310777882993922 
0.606  	 -0.02213370438783595 
0.607  	 -0.0211574165937385 
0.608  	 -0.02017901307561289 
0.609  	 -0.0191985916729955 
0.61  	 -0.01821625042720959 
0.611  	 -0.01723208757156111 
0.612  	 -0.01624620152151542 
0.613  	 -0.01525869086485612 
0.614  	 -0.01426965435182586 
0.615  	 -0.01327919088525167 
0.616  	 -0.01228739951065501 
0.617  	 -0.01129437940634674 
0.618  	 -0.01030022987350979 
0.619  	 -0.009305050326268979 
0.62  	 -0.00830894028174964 
0.621  	 -0.007311999350126309 
0.622  	 -0.006314327224661277 
0.623  	 -0.005316023671735613 
0.624  	 -0.004317188520872868 
0.625  	 -0.003317921654755682 
0.626  	 -0.002318322999237945 
0.627  	 -0.001318492513352214 
0.628  	 -0.0003185301793137991 
0.629  	 0.0006814640074770176 
0.63  	 0.001681390048434971 
0.631  	 0.002681147951789324 
0.632  	 0.003680637742582692 
0.633  	 0.004679759472668989 
0.634  	 0.005678413230707806 
0.635  	 0.006676499152155547 
0.636  	 0.007673917429251892 
0.637  	 0.008670568321000133 
0.638  	 0.009666352163141725 
0.639  	 0.01066116937812236 
0.64  	 0.01165492048504936 
0.641  	 0.01264750610964027 
0.642  	 0.01363882699415976 
0.643  	 0.01462878400734549 
0.644  	 0.01561727815432119 
0.645  	 0.01660421058649572 
0.646  	 0.0175894826114484 
0.647  	 0.01857299570279787 
0.648  	 0.01955465151005443 
0.649  	 0.02053435186845546 
0.65  	 0.02151199880878155 
0.651  	 0.02248749456715337 
0.652  	 0.02346074159480808 
0.653  	 0.02443164256785377 
0.654  	 0.02540010039700231 
0.655  	 0.02636601823727792 
0.656  	 0.02732929949770133 
0.657  	 0.0282898478509493 
0.658  	 0.02924756724298697 
0.659  	 0.03020236190267324 
0.66  	 0.03115413635133787 
0.661  	 0.03210279541232898 
0.662  	 0.03304824422053109 
0.663  	 0.03399038823185135 
0.664  	 0.03492913323267357 
0.665  	 0.03586438534928004 
0.666  	 0.03679605105723847 
0.667  	 0.03772403719075444 
0.668  	 0.03864825095198802 
0.669  	 0.03956859992033308 
0.67  	 0.04048499206165983 
0.671  	 0.04139733573751789 
0.672  	 0.04230553971429976 
0.673  	 0.04320951317236472 
0.674  	 0.04410916571512024 
0.675  	 0.04500440737806177 
0.676  	 0.04589514863776911 
0.677  	 0.04678130042085843 
0.678  	 0.04766277411288995 
0.679  	 0.04853948156722911 
0.68  	 0.04941133511386089 
0.681  	 0.05027824756815728 
0.6820000000000001  	 0.05114013223959524 
0.6830000000000001  	 0.05199690294042587 
0.6840000000000001  	 0.05284847399429315 
0.6850000000000001  	 0.05369476024480118 
0.6860000000000001  	 0.0545356770640302 
0.6870000000000001  	 0.05537114036099915 
0.6880000000000001  	 0.05620106659007438 
0.6890000000000001  	 0.05702537275932467 
0.6900000000000001  	 0.05784397643882001 
0.6910000000000001  	 0.05865679576887464 
0.6920000000000001  	 0.05946374946823293 
0.6930000000000001  	 0.0602647568421973 
0.6940000000000001  	 0.06105973779069791 
0.6950000000000001  	 0.06184861281630247 
0.6960000000000001  	 0.06263130303216566 
0.6970000000000001  	 0.06340773016991821 
0.6980000000000001  	 0.06417781658749337 
0.6990000000000001  	 0.06494148527689113 
0.7000000000000001  	 0.06569865987187898 
0.7010000000000001  	 0.06644926465562827 
0.7020000000000001  	 0.06719322456828622 
0.7030000000000001  	 0.06793046521448155 
0.704  	 0.06866091287076379 
0.705  	 0.06938449449297637 
0.706  	 0.07010113772355982 
0.707  	 0.07081077089878833 
0.708  	 0.07151332305593579 
0.709  	 0.07220872394037185 
0.71  	 0.0728969040125876 
0.711  	 0.07357779445514931 
0.712  	 0.07425132717958012 
0.713  	 0.07491743483316894 
0.714  	 0.07557605080570538 
0.715  	 0.07622710923614107 
0.716  	 0.07687054501917559 
0.717  	 0.07750629381176671 
0.718  	 0.07813429203956501 
0.719  	 0.07875447690327105 
0.72  	 0.07936678638491527 
0.721  	 0.07997115925405983 
0.722  	 0.08056753507392134 
0.723  	 0.08115585420741483 
0.724  	 0.0817360578231173 
0.725  	 0.08230808790115056 
0.726  	 0.08287188723898353 
0.727  	 0.0834273994571523 
0.728  	 0.08397456900489796 
0.729  	 0.08451334116572173 
0.73  	 0.08504366206285645 
0.731  	 0.08556547866465436 
0.732  	 0.08607873878989017 
0.733  	 0.086583391112979 
0.734  	 0.08707938516910912 
0.735  	 0.08756667135928824 
0.736  	 0.0880452009553034 
0.737  	 0.08851492610459383 
0.738  	 0.08897579983503597 
0.739  	 0.08942777605964085 
0.74  	 0.0898708095811627 
0.741  	 0.09030485609661848 
0.742  	 0.09072987220171841 
0.743  	 0.09114581539520614 
0.744  	 0.09155264408310892 
0.745  	 0.09195031758289707 
0.746  	 0.0923387961275519 
0.747  	 0.0927180408695427 
0.748  	 0.09308801388471137 
0.749  	 0.09344867817606461 
0.75  	 0.09379999767747389 
0.751  	 0.09414193725728183 
0.752  	 0.09447446272181538 
0.753  	 0.09479754081880526 
0.754  	 0.09511113924071091 
0.755  	 0.09541522662795149 
0.756  	 0.09570977257204173 
0.757  	 0.09599474761863262 
0.758  	 0.09627012327045702 
0.759  	 0.09653587199017918 
0.76  	 0.09679196720314864 
0.761  	 0.0970383833000575 
0.762  	 0.09727509563950137 
0.763  	 0.09750208055044363 
0.764  	 0.09771931533458231 
0.765  	 0.09792677826862001 
0.766  	 0.09812444860643621 
0.767  	 0.09831230658116188 
0.768  	 0.09849033340715609 
0.769  	 0.09865851128188459 
0.77  	 0.09881682338770004 
0.771  	 0.0989652538935238 
0.772  	 0.09910378795642899 
0.773  	 0.09923241172312475 
0.774  	 0.09935111233134158 
0.775  	 0.09945987791111761 
0.776  	 0.09955869758598548 
0.777  	 0.09964756147406006 
0.778  	 0.09972646068902659 
0.779  	 0.09979538734102933 
0.78  	 0.09985433453746051 
0.781  	 0.0999032963836496 
0.782  	 0.09994226798345279 
0.783  	 0.0999712454397426 
0.784  	 0.09999022585479753 
0.785  	 0.09999920733059188 
0.786  	 0.09999818896898556 
0.787  	 0.09998717087181391 
0.788  	 0.09996615414087742 
0.789  	 0.0999351408778317 
0.79  	 0.0998941341839772 
0.791  	 0.09984313815994915 
0.792  	 0.09978215790530744 
0.793  	 0.09971119951802671 
0.794  	 0.09963027009388657 
0.795  	 0.09953937772576199 
0.796  	 0.09943853150281404 
0.797  	 0.09932774150958097 
0.798  	 0.09920701882496979 
0.799  	 0.09907637552114835 
0.8  	 0.09893582466233819 
0.801  	 0.09878538030350802 
0.802  	 0.09862505748896838 
0.803  	 0.09845487225086708 
0.804  	 0.09827484160758619 
0.805  	 0.09808498356203996 
0.806  	 0.09788531709987475 
0.8070000000000001  	 0.09767586218757036 
0.8080000000000001  	 0.0974566397704435 
0.8090000000000001  	 0.09722767177055321 
0.8100000000000001  	 0.0969889810845086 
0.8110000000000001  	 0.09674059158117945 
0.8120000000000001  	 0.09648252809930909 
0.8130000000000001  	 0.09621481644503063 
0.8140000000000001  	 0.09593748338928643 
0.8150000000000001  	 0.09565055666515092 
0.8160000000000001  	 0.09535406496505744 
0.8170000000000001  	 0.09504803793792889 
0.8180000000000001  	 0.094732506186213 
0.8190000000000001  	 0.09440750126282191 
0.8200000000000001  	 0.09407305566797726 
0.8210000000000001  	 0.09372920284595976 
0.8220000000000001  	 0.09337597718176507 
0.8230000000000001  	 0.09301341399766527 
0.8240000000000001  	 0.09264154954967663 
0.8250000000000001  	 0.09226042102393403 
0.8260000000000001  	 0.09187006653297242 
0.8270000000000001  	 0.0914705251119157 
0.8280000000000001  	 0.09106183671457296 
0.8290000000000001  	 0.0906440422094434 
0.8300000000000001  	 0.09021718337562934 
0.8310000000000001  	 0.08978130289865845 
0.8320000000000001  	 0.0893364443662152 
0.833  	 0.08888265226378211 
0.834  	 0.08841997197019127 
0.835  	 0.08794844975308649 
0.836  	 0.08746813276429653 
0.837  	 0.08697906903512 
0.838  	 0.08648130747152227 
0.839  	 0.08597489784924484 
0.84  	 0.08545989080882804 
0.841  	 0.08493633785054673 
0.842  	 0.08440429132926042 
0.843  	 0.08386380444917783 
0.844  	 0.0833149312585366 
0.845  	 0.08275772664419841 
0.846  	 0.08219224632616033 
0.847  	 0.08161854685198294 
0.848  	 0.08103668559113548 
0.849  	 0.08044672072925937 
0.85  	 0.07984871126234903 
0.851  	 0.07924271699085284 
0.852  	 0.07862879851369292 
0.853  	 0.07800701722220543 
0.854  	 0.07737743529400135 
0.855  	 0.07674011568674874 
0.856  	 0.07609512213187744 
0.857  	 0.07544251912820535 
0.858  	 0.07478237193548898 
0.859  	 0.07411474656789752 
0.86  	 0.07343970978741134 
0.861  	 0.07275732909714598 
0.862  	 0.07206767273460181 
0.863  	 0.07137080966484037 
0.864  	 0.0706668095735878 
0.865  	 0.0699557428602668 
0.866  	 0.06923768063095605 
0.867  	 0.06851269469128006 
0.868  	 0.06778085753922868 
0.869  	 0.06704224235790722 
0.87  	 0.06629692300821834 
0.871  	 0.06554497402147573 
0.872  	 0.06478647059195176 
0.873  	 0.06402148856935713 
0.874  	 0.06325010445125663 
0.875  	 0.06247239537541924 
0.876  	 0.06168843911210448 
0.877  	 0.06089831405628535 
0.878  	 0.06010209921980904 
0.879  	 0.05929987422349565 
0.88  	 0.05849171928917617 
0.881  	 0.05767771523167085 
0.882  	 0.05685794345070697 
0.883  	 0.05603248592277948 
0.884  	 0.05520142519295329 
0.885  	 0.05436484436660884 
0.886  	 0.05352282710113163 
0.887  	 0.05267545759754634 
0.888  	 0.05182282059209752 
0.889  	 0.05096500134777504 
0.89  	 0.05010208564578847 
0.891  	 0.04923415977698892 
0.892  	 0.04836131053324 
0.893  	 0.04748362519873872 
0.894  	 0.04660119154128711 
0.895  	 0.04571409780351558 
0.896  	 0.04482243269405849 
0.897  	 0.04392628537868406 
0.898  	 0.04302574547137687 
0.899  	 0.04212090302537722 
0.9  	 0.04121184852417566 
0.901  	 0.04029867287246477 
0.902  	 0.03938146738704876 
0.903  	 0.03846032378771166 
0.904  	 0.03753533418804611 
0.905  	 0.03660659108624111 
0.906  	 0.03567418735583286 
0.907  	 0.03473821623641742 
0.908  	 0.03379877132432676 
0.909  	 0.03285594656326922 
0.91  	 0.03190983623493521 
0.911  	 0.03096053494956915 
0.912  	 0.03000813763650833 
0.913  	 0.02905273953469072 
0.914  	 0.02809443618313018 
0.915  	 0.02713332341136328 
0.916  	 0.02616949732986626 
0.917  	 0.0252030543204441 
0.918  	 0.02423409102659238 
0.919  	 0.02326270434383283 
0.92  	 0.02228899141002459 
0.921  	 0.02131304959564945 
0.922  	 0.02033497649407556 
0.923  	 0.01935486991179802 
0.924  	 0.0183728278586583 
0.925  	 0.01738894853804336 
0.926  	 0.01640333033706535 
0.927  	 0.01541607181672303 
0.928  	 0.01442727170204555 
0.929  	 0.01343702887222073 
0.93  	 0.01244544235070617 
0.931  	 0.01145261129532771 
0.9320000000000001  	 0.01045863498836353 
0.9330000000000001  	 0.009463612826616006 
0.9340000000000001  	 0.008467644311472141 
0.9350000000000001  	 0.007470829038953302 
0.9360000000000001  	 0.006473266689756412 
0.9370000000000001  	 0.005475057019284918 
0.9380000000000001  	 0.004476299847674028 
0.9390000000000001  	 0.003477095049808608 
0.9400000000000001  	 0.002477542545335777 
0.9410000000000001  	 0.001477742288673024 
0.9420000000000001  	 0.0004777942590128512 
0.9430000000000001  	 -0.0005222015496750621 
0.9440000000000001  	 -0.001522145138643352 
0.9450000000000001  	 -0.00252193651436605 
0.9460000000000001  	 -0.003521475698538918 
0.9470000000000001  	 -0.004520662738076486 
0.9480000000000001  	 -0.005519397715107451 
0.9490000000000001  	 -0.006517580756966391 
0.9500000000000001  	 -0.007515112046180931 
0.9510000000000001  	 -0.008511891830453604 
0.9520000000000001  	 -0.009507820432636274 
0.9530000000000001  	 -0.01050279826069884 
0.9540000000000001  	 -0.01149672581768763 
0.9550000000000001  	 -0.01248950371167523 
0.9560000000000001  	 -0.01348103266569955 
0.9570000000000001  	 -0.01447121352769145 
0.9580000000000001  	 -0.01545994728038989 
0.9590000000000001  	 -0.01644713505124354 
0.96  	 -0.01743267812229797 
0.961  	 -0.01841647794006734 
0.962  	 -0.01939843612538972 
0.963  	 -0.02037845448326488 
0.964  	 -0.02135643501267387 
0.965  	 -0.02233227991637839 
0.966  	 -0.02330589161070144 
0.967  	 -0.02427717273528494 
0.968  	 -0.02524602616282581 
0.969  	 -0.02621235500878869 
0.97  	 -0.02717606264109425 
0.971  	 -0.02813705268978233 
0.972  	 -0.02909522905664891 
0.973  	 -0.03005049592485594 
0.974  	 -0.0310027577685123 
0.975  	 -0.03195191936222737 
0.976  	 -0.03289788579063271 
0.977  	 -0.03384056245787381 
0.978  	 -0.0347798550970695 
0.979  	 -0.0357156697797386 
0.98  	 -0.03664791292519284 
0.981  	 -0.03757649130989423 
0.982  	 -0.03850131207677827 
0.983  	 -0.03942228274453895 
0.984  	 -0.04033931121687696 
0.985  	 -0.04125230579170927 
0.986  	 -0.04216117517033922 
0.987  	 -0.04306582846658633 
0.988  	 -0.04396617521587485 
0.989  	 -0.0448621253842803 
0.99  	 -0.04575358937753213 
0.991  	 -0.04664047804997409 
0.992  	 -0.04752270271347799 
0.993  	 -0.04840017514631265 
0.994  	 -0.04927280760196603 
0.995  	 -0.05014051281791974 
0.996  	 -0.05100320402437544 
0.997  	 -0.05186079495293108 
0.998  	 -0.05271319984520861 
0.999  	 -0.05356033346142913 
1  	 -0.05440211108893698 
1.001  	 -0.05523844855067103 
1.002  	 -0.0560692622135816 
1.003  	 -0.05689446899699533 
1.004  	 -0.05771398638092097 
1.005  	 -0.05852773241430364 
1.006  	 -0.05933562572321768 
1.007  	 -0.06013758551900559 
1.008  	 -0.06093353160635609 
1.009  	 -0.06172338439132387 
1.01  	 -0.06250706488928821 
1.011  	 -0.06328449473285296 
1.012  	 -0.06405559617968118 
1.013  	 -0.06482029212027091 
1.014  	 -0.06557850608566536 
1.015  	 -0.06633016225509994 
1.016  	 -0.06707518546358369 
1.017  	 -0.06781350120941716 
1.018  	 -0.06854503566164048 
1.019  	 -0.06926971566741857 
1.02  	 -0.06998746875935423 
1.021  	 -0.07069822316273693 
1.022  	 -0.07140190780271818 
1.023  	 -0.07209845231142058 
1.024  	 -0.07278778703497367 
1.025  	 -0.07346984304047954 
1.026  	 -0.07414455212290604 
1.027  	 -0.07481184681190717 
1.028  	 -0.07547166037857023 
1.029  	 -0.07612392684208802 
1.03  	 -0.07676858097635825 
1.031  	 -0.07740555831650421 
1.032  	 -0.07803479516532316 
1.033  	 -0.07865622859965414 
1.034  	 -0.07926979647667201 
1.035  	 -0.07987543744010005 
1.036  	 -0.08047309092634672 
1.037  	 -0.08106269717056143 
1.038  	 -0.08164419721261124 
1.039  	 -0.08221753290297616 
1.04  	 -0.08278264690856538 
1.041  	 -0.08333948271844893 
1.042  	 -0.08388798464951 
1.043  	 -0.08442809785201254 
1.044  	 -0.08495976831508648 
1.045  	 -0.08548294287212828 
1.046  	 -0.08599756920611862 
1.047  	 -0.08650359585485257 
1.048  	 -0.08700097221608728 
1.049  	 -0.08748964855260079 
1.05  	 -0.08796957599716701 
1.051  	 -0.08844070655744117 
1.052  	 -0.08890299312075993 
1.053  	 -0.08935638945885217 
1.054  	 -0.08980085023246204 
1.055  	 -0.0902363309958823 
1.056  	 -0.09066278820139979 
1.057  	 -0.09108017920364916 
1.058  	 -0.09148846226387806 
1.059  	 -0.0918875965541207 
1.06  	 -0.09227754216128074 
1.061  	 -0.09265826009112221 
1.062  	 -0.09302971227216966 
1.063  	 -0.09339186155951426 
1.064  	 -0.09374467173852934 
1.065  	 -0.09408810752849073 
1.066  	 -0.09442213458610589 
1.067  	 -0.09474671950894724 
1.068  	 -0.09506182983879302 
1.069  	 -0.09536743406487286 
1.07  	 -0.09566350162701885 
1.071  	 -0.09595000291872136 
1.072  	 -0.09622690929009016 
1.073  	 -0.09649419305071873 
1.074  	 -0.09675182747245378 
1.075  	 -0.09699978679206786 
1.076  	 -0.09723804621383564 
1.077  	 -0.09746658191201341 
1.078  	 -0.09768537103322192 
1.079  	 -0.09789439169873125 
1.08  	 -0.09809362300664916 
1.081  	 -0.09828304503401075 
1.082  	 -0.09846263883877127 
1.083  	 -0.09863238646169981 
1.084  	 -0.09879227092817555 
1.085  	 -0.09894227624988511 
1.086  	 -0.09908238742642132 
1.087  	 -0.09921259044678321 
1.088  	 -0.09933287229077736 
1.089  	 -0.09944322093031954 
1.09  	 -0.09954362533063775 
1.091  	 -0.09963407545137565 
1.092  	 -0.09971456224759652 
1.093  	 -0.09978507767068782 
1.094  	 -0.09984561466916603 
1.095  	 -0.09989616718938168 
1.096  	 -0.09993673017612496 
1.097  	 -0.09996729957313094 
1.098  	 -0.09998787232348542 
1.099  	 -0.09999844636993049 
1.1  	 -0.09999902065507035 
1.101  	 -0.09998959512147693 
1.102  	 -0.09997017071169574 
1.103  	 -0.0999407493681516 
1.104  	 -0.0999013340329543 
1.105  	 -0.09985192864760455 
1.106  	 -0.0997925381525997 
1.107  	 -0.09972316848693977 
1.108  	 -0.09964382658753348 
1.109  	 -0.09955452038850472 
1.11  	 -0.09945525882039891 
1.111  	 -0.0993460518092902 
1.112  	 -0.09922691027578862 
1.113  	 -0.0990978461339483 
1.114  	 -0.09895887229007583 
1.115  	 -0.09881000264143981 
1.116  	 -0.09865125207488105 
1.117  	 -0.0984826364653239 
1.118  	 -0.09830417267418878 
1.119  	 -0.09811587854770619 
1.12  	 -0.09791777291513171 
1.121  	 -0.09770987558686361 
1.122  	 -0.09749220735246146 
1.123  	 -0.0972647899785673 
1.124  	 -0.09702764620672898 
1.125  	 -0.09678079975112615 
1.126  	 -0.09652427529619852 
1.127  	 -0.09625809849417799 
1.128  	 -0.09598229596252278 
1.129  	 -0.09569689528125638 
1.13  	 -0.0954019249902089 
1.131  	 -0.09509741458616379 
1.132  	 -0.09478339451990765 
1.133  	 -0.09445989619318543 
1.134  	 -0.09412695195556013 
1.135  	 -0.09378459510117826 
1.136  	 -0.09343285986543973 
1.137  	 -0.09307178142157517 
1.138  	 -0.092701395877128 
1.139  	 -0.09232174027034405 
1.14  	 -0.09193285256646749 
1.141  	 -0.09153477165394491 
1.142  	 -0.0911275373405355 
1.143  	 -0.09071119034933155 
1.144  	 -0.09028577231468492 
1.145  	 -0.08985132577804487 
1.146  	 -0.08940789418370271 
1.147  	 -0.08895552187444859 
1.148  	 -0.08849425408713639 
1.149  	 -0.08802413694816043 
1.15  	 -0.08754521746884276 
1.151  	 -0.08705754354073252 
1.152  	 -0.08656116393081571 
1.153  	 -0.08605612827663998 
1.154  	 -0.08554248708134987 
1.155  	 -0.08502029170863663 
1.156  	 -0.08448959437760271 
1.157  	 -0.0839504481575386 
1.158  	 -0.08340290696261742 
1.159  	 -0.08284702554650195 
1.16  	 -0.08228285949687089 
1.161  	 -0.08171046522985898 
1.162  	 -0.08112989998441589 
1.163  	 -0.08054122181658228 
1.164  	 -0.07994448959368469 
1.165  	 -0.07933976298844771 
1.166  	 -0.07872710247302823 
1.167  	 -0.07810656931296717 
1.168  	 -0.07747822556106337 
1.169  	 -0.07684213405116835 
1.17  	 -0.07619835839190334 
1.171  	 -0.07554696296029732 
1.172  	 -0.07488801289535109 
1.173  	 -0.07422157409152157 
1.174  	 -0.07354771319213424 
1.175  	 -0.072866497582717 
1.176  	 -0.0721779953842635 
1.177  	 -0.0714822754464197 
1.178  	 -0.07077940734059963 
1.179  	 -0.07006946135302801 
1.18  	 -0.06935250847771236 
1.181  	 -0.06862862040934226 
1.182  	 -0.06789786953612167 
1.183  	 -0.06716032893252885 
1.184  	 -0.06641607235200951 
1.185  	 -0.0656651742196014 
1.186  	 -0.06490770962449238 
1.187  	 -0.06414375431251022 
1.188  	 -0.06337338467855004 
1.189  	 -0.0625966777589327 
1.19  	 -0.06181371122370347 
1.191  	 -0.06102456336886285 
1.192  	 -0.06022931310853911 
1.193  	 -0.05942803996709545 
1.194  	 -0.05862082407117828 
1.195  	 -0.05780774614170436 
1.196  	 -0.05698888748578954 
1.197  	 -0.05616432998861642 
1.198  	 -0.05533415610524803 
1.199  	 -0.05449844885238078 
1.2  	 -0.0536572918000435 
1.201  	 -0.05281076906324033 
1.202  	 -0.05195896529353997 
1.203  	 -0.05110196567060893 
1.204  	 -0.05023985589369598 
1.205  	 -0.04937272217305975 
1.206  	 -0.04850065122135033 
1.207  	 -0.04762373024493553 
1.208  	 -0.0467420469351827 
1.209  	 -0.04585568945968794 
1.21  	 -0.04496474645346015 
1.211  	 -0.04406930701005735 
1.212  	 -0.04316946067267817 
1.213  	 -0.04226529742520583 
1.214  	 -0.0413569076832121 
1.215  	 -0.04044438228491401 
1.216  	 -0.03952781248209097 
1.217  	 -0.03860728993095931 
1.218  	 -0.0376829066830075 
1.219  	 -0.03675475517578938 
1.22  	 -0.03582292822368287 
1.221  	 -0.034887519008606 
1.222  	 -0.03394862107070145 
1.223  	 -0.03300632829897991 
1.224  	 -0.03206073492193382 
1.225  	 -0.03111193549811273 
1.226  	 -0.03016002490666836 
1.227  	 -0.02920509833786641 
1.228  	 -0.02824725128356853 
1.229  	 -0.02728657952768124 
1.23  	 -0.0263231791365801 
1.231  	 -0.02535714644950121 
1.232  	 -0.02438857806890825 
1.233  	 -0.02341757085083197 
1.234  	 -0.02244422189518554 
1.235  	 -0.0214686285360527 
1.236  	 -0.02049088833195706 
1.237  	 -0.01951109905610356 
1.238  	 -0.018529358686604 
1.239  	 -0.0175457653966765 
1.24  	 -0.01656041754483094 
1.241  	 -0.0155734136650312 
1.242  	 -0.01458485245684275 
1.243  	 -0.01359483277556245 
1.244  	 -0.01260345362233393 
1.245  	 -0.01161081413424567 
1.246  	 -0.01061701357441981 
1.247  	 -0.009622151322083985 
1.248  	 -0.008626326862634386 
1.249  	 -0.007629639777686928 
1.25  	 -0.006632189735120069 
1.251  	 -0.00563407647910615 
1.252  	 -0.004635399820139722 
1.253  	 -0.003636259625053746 
1.254  	 -0.002636755807035826 
1.255  	 -0.001636988315634137 
1.256  	 -0.0006370571267652136 
1.257  	 0.0003629377672855069 
1.258  	 0.001362896367861946 
1.259  	 0.002362718679937519 
1.26  	 0.00336230472211367 
1.261  	 0.004361554536619875 
1.262  	 0.005360368199306857 
1.263  	 0.006358645829640868 
1.264  	 0.007356287600690768 
1.265  	 0.008353193749110996 
1.266  	 0.009349264585116928 
1.267  	 0.01034440050245573 
1.268  	 0.01133850198836424 
1.269  	 0.01233146963352299 
1.27  	 0.01332320414199422 
1.271  	 0.01431360634115424 
1.272  	 0.01530257719160793 
1.273  	 0.01629001779709457 
1.274  	 0.01727582941437647 
1.275  	 0.01825991346311357 
1.276  	 0.01924217153572057 
1.277  	 0.02022250540720943 
1.278  	 0.02120081704500943 
1.279  	 0.02217700861877221 
1.28  	 0.0231509825101539 
1.281  	 0.02412264132257682 
1.282  	 0.02509188789096996 
1.283  	 0.0260586252914835 
1.284  	 0.02702275685118367 
1.285  	 0.02798418615771745 
1.286  	 0.02894281706895553 
1.287  	 0.02989855372260566 
1.288  	 0.03085130054579907 
1.289  	 0.0318009622646469 
1.29  	 0.0327474439137693 
1.291  	 0.03369065084578961 
1.292  	 0.0346304887408008 
1.293  	 0.03556686361579654 
1.294  	 0.03649968183406983 
1.295  	 0.03742885011457567 
1.296  	 0.038354275541261 
1.297  	 0.03927586557235366 
1.298  	 0.04019352804961919 
1.299  	 0.04110717120757393 
1.3  	 0.04201670368266409 
1.301  	 0.04292203452239964 
1.302  	 0.04382307319445118 
1.303  	 0.04471972959570239 
1.304  	 0.0456119140612605 
1.305  	 0.04649953737342197 
1.306  	 0.0473825107705959 
1.307  	 0.0482607459561779 
1.308  	 0.04913415510738144 
1.309  	 0.05000265088401924 
1.31  	 0.05086614643723752 
1.311  	 0.05172455541820009 
1.312  	 0.0525777919867248 
1.313  	 0.05342577081986521 
1.314  	 0.05426840712044526 
1.315  	 0.05510561662553651 
1.316  	 0.05593731561488668 
1.317  	 0.05676342091928948 
1.318  	 0.05758384992890306 
1.319  	 0.05839852060151012 
1.32  	 0.05920735147072245 
1.321  	 0.06001026165412671 
1.322  	 0.06080717086137423 
1.323  	 0.06159799940220795 
1.324  	 0.06238266819443294 
1.325  	 0.06316109877182387 
1.326  	 0.06393321329197182 
1.327  	 0.06469893454406782 
1.328  	 0.06545818595662527 
1.329  	 0.06621089160513509 
1.33  	 0.06695697621966024 
1.331  	 0.06769636519236043 
1.332  	 0.06842898458495511 
1.333  	 0.06915476113611513 
1.334  	 0.06987362226879032 
1.335  	 0.07058549609746644 
1.336  	 0.07129031143535401 
1.337  	 0.07198799780150617 
1.338  	 0.07267848542786823 
1.339  	 0.07336170526625259 
1.34  	 0.07403758899524486 
1.341  	 0.0747060690270354 
1.342  	 0.07536707851417822 
1.343  	 0.07602055135627506 
1.344  	 0.07666642220658676 
1.345  	 0.07730462647856604 
1.346  	 0.07793510035231799 
1.347  	 0.07855778078098019 
1.348  	 0.07917260549702912 
1.349  	 0.07977951301850518 
1.35  	 0.0803784426551621 
1.351  	 0.08096933451453531 
1.352  	 0.08155212950793139 
1.353  	 0.08212676935633637 
1.354  	 0.08269319659624465 
1.355  	 0.08325135458540397 
1.356  	 0.08380118750848066 
1.357  	 0.0843426403826406 
1.358  	 0.08487565906304764 
1.359  	 0.08540019024827769 
1.36  	 0.08591618148564968 
1.361  	 0.0864235811764695 
1.362  	 0.08692233858119126 
1.363  	 0.08741240382448978 
1.364  	 0.08789372790024945 
1.365  	 0.08836626267646353 
1.366  	 0.08882996090004826 
1.367  	 0.08928477620156772 
1.368  	 0.08973066309987084 
1.369  	 0.0901675770066391 
1.37  	 0.09059547423084627 
1.371  	 0.09101431198312623 
1.372  	 0.09142404838005291 
1.373  	 0.09182464244832803 
1.374  	 0.09221605412887866 
1.375  	 0.09259824428086272 
1.376  	 0.09297117468558379 
1.377  	 0.09333480805031187 
1.378  	 0.09368910801201381 
1.379  	 0.09403403914098842 
1.38  	 0.09436956694441048 
1.381  	 0.0946956578697791 
1.382  	 0.09501227930827351 
1.383  	 0.09531939959801373 
1.384  	 0.09561698802722679 
1.385  	 0.09590501483731756 
1.386  	 0.09618345122584529 
1.387  	 0.09645226934940299 
1.388  	 0.09671144232640237 
1.389  	 0.09696094423976172 
1.39  	 0.09720075013949764 
1.391  	 0.0974308360452199 
1.392  	 0.0976511789485298 
1.393  	 0.09786175681532047 
1.394  	 0.0980625485879809 
1.395  	 0.09825353418750096 
1.396  	 0.09843469451548002 
1.397  	 0.09860601145603613 
1.398  	 0.09876746787761803 
1.399  	 0.09891904763471815 
1.4  	 0.09906073556948707 
1.401  	 0.09919251751324931 
1.402  	 0.09931438028792045 
1.403  	 0.09942631170732448 
1.404  	 0.09952830057841276 
1.405  	 0.09962033670238318 
1.406  	 0.09970241087570003 
1.407  	 0.09977451489101437 
1.408  	 0.09983664153798476 
1.409  	 0.09988878460399828 
1.41  	 0.09993093887479176 
1.411  	 0.0999631001349733 
1.412  	 0.09998526516844364 
1.413  	 0.09999743175871789 
1.414  	 0.09999959868914721 
1.415  	 0.09999176574304031 
1.416  	 0.09997393370368531 
1.417  	 0.09994610435427127 
1.418  	 0.09990828047770997 
1.419  	 0.09986046585635749 
1.42  	 0.09980266527163617 
1.421  	 0.09973488450355629 
1.422  	 0.0996571303301382 
1.423  	 0.0995694105267344 
1.424  	 0.0994717338652522 
1.425  	 0.09936411011327627 
1.426  	 0.09924655003309217 
1.427  	 0.09911906538060994 
1.428  	 0.09898166890418861 
1.429  	 0.09883437434336129 
1.43  	 0.09867719642746137 
1.431  	 0.09851015087414938 
1.432  	 0.09833325438784152 
1.433  	 0.09814652465803898 
1.434  	 0.09794998035755914 
1.435  	 0.09774364114066823 
1.436  	 0.09752752764111608 
1.437  	 0.09730166147007241 
1.438  	 0.09706606521396627 
1.439  	 0.09682076243222675 
1.44  	 0.0965657776549278 
1.441  	 0.09630113638033448 
1.442  	 0.09602686507235386 
1.443  	 0.09574299115788812 
1.444  	 0.09544954302409214 
1.445  	 0.09514655001553474 
1.446  	 0.09483404243126442 
1.447  	 0.09451205152177895 
1.448  	 0.09418060948590115 
1.449  	 0.09383974946755835 
1.45  	 0.09348950555246831 
1.451  	 0.09312991276473062 
1.452  	 0.0927610070633246 
1.453  	 0.09238282533851269 
1.454  	 0.09199540540815249 
1.455  	 0.09159878601391393 
1.456  	 0.09119300681740618 
1.457  	 0.09077810839621048 
1.458  	 0.09035413223982337 
1.459  	 0.08992112074550718 
1.46  	 0.08947911721405043 
1.461  	 0.08902816584543788 
1.462  	 0.08856831173443083 
1.463  	 0.08809960086605687 
1.464  	 0.08762208011101247 
1.465  	 0.08713579722097513 
1.466  	 0.08664080082382861 
1.467  	 0.08613714041880005 
1.468  	 0.0856248663715105 
1.469  	 0.08510402990893742 
1.47  	 0.08457468311429343 
1.471  	 0.08403687892181649 
1.472  	 0.08349067111147807 
1.473  	 0.08293611430360362 
1.474  	 0.08237326395341212 
1.475  	 0.08180217634546942 
1.476  	 0.08122290858806043 
1.477  	 0.08063551860747807 
1.478  	 0.08004006514223122 
1.479  	 0.07943660773716975 
1.48  	 0.07882520673753163 
1.481  	 0.07820592328290721 
1.482  	 0.07757881930112588 
1.483  	 0.07694395750206313 
1.484  	 0.07630140137137015 
1.485  	 0.0756512151641241 
1.486  	 0.07499346389840432 
1.487  	 0.07432821334878884 
1.488  	 0.07365553003977866 
1.489  	 0.07297548123914369 
1.49  	 0.07228813495119761 
1.491  	 0.07159355990999632 
1.492  	 0.07089182557246514 
1.493  	 0.07018300211145291 
1.494  	 0.06946716040871542 
1.495  	 0.06874437204782592 
1.496  	 0.06801470930701856 
1.497  	 0.06727824515195922 
1.498  	 0.0665350532284497 
1.499  	 0.06578520785506291 
1.5  	 0.06502878401571169 
1.501  	 0.06426585735214911 
1.502  	 0.06349650415640629 
1.503  	 0.06272080136316112 
1.504  	 0.06193882654204708 
1.505  	 0.06115065788989408 
1.506  	 0.06035637422291093 
1.507  	 0.05955605496880231 
1.508  	 0.05874978015882668 
1.509  	 0.05793763041979302 
1.51  	 0.05711968696599887 
1.511  	 0.0562960315911074 
1.512  	 0.05546674665997017 
1.513  	 0.05463191510038908 
1.514  	 0.05379162039482439 
1.515  	 0.05294594657204628 
1.516  	 0.05209497819873274 
1.517  	 0.05123880037101135 
1.518  	 0.05037749870595203 
1.519  	 0.04951115933300292 
1.52  	 0.04863986888537997 
1.521  	 0.04776371449140127 
1.522  	 0.04688278376577654 
1.523  	 0.04599716480084409 
1.524  	 0.04510694615776241 
1.525  	 0.04421221685765378 
1.526  	 0.0433130663727031 
1.527  	 0.04240958461720893 
1.528  	 0.0415018619385944 
1.529  	 0.04058998910837078 
1.53  	 0.03967405731306121 
1.531  	 0.03875415814508176 
1.532  	 0.03783038359358317 
1.533  	 0.03690282603525009 
1.534  	 0.03597157822506608 
1.535  	 0.03503673328703544 
1.536  	 0.03409838470487362 
1.537  	 0.03315662631265637 
1.538  	 0.03221155228543811 
1.539  	 0.03126325712983451 
1.54  	 0.03031183567457023 
1.541  	 0.02935738306099843 
1.542  	 0.02839999473358494 
1.543  	 0.02743976643036467 
1.544  	 0.02647679417336759 
1.545  	 0.02551117425901744 
1.546  	 0.02454300324850028 
1.547  	 0.02357237795811106 
1.548  	 0.02259939544956926 
1.549  	 0.02162415302031562 
1.55  	 0.02064674819377966 
1.551  	 0.01966727870963007 
1.552  	 0.01868584251399886 
1.553  	 0.01770253774968773 
1.554  	 0.01671746274635352 
1.555  	 0.0157307160106762 
1.556  	 0.01474239621650635 
1.557  	 0.01375260219500031 
1.558  	 0.01276143292473524 
1.559  	 0.01176898752181219 
1.56  	 0.01077536522994423 
1.561  	 0.009780665410533074 
1.562  	 0.008784987532731039 
1.563  	 0.007788431163496885 
1.564  	 0.006791095957636362 
1.565  	 0.005793081647839659 
1.566  	 0.004794488034705369 
1.567  	 0.003795414976763179 
1.568  	 0.002795962380486148 
1.569  	 0.001796230190301029 
1.57  	 0.0007963183785935567 
1.571  	 -0.0002036730642878237 
1.572  	 -0.001203644140032858 
1.573  	 -0.002203494852366744 
1.574  	 -0.003203125217051633 
1.575  	 -0.00420243527188408 
1.576  	 -0.005201325086691532 
1.577  	 -0.006199694773324385 
1.578  	 -0.007197444495646655 
1.579  	 -0.008194474479516855 
1.58  	 -0.009190685022768165 
1.581  	 -0.01018597650517572 
1.582  	 -0.0111802493984214 
1.583  	 -0.0121734042760439 
1.584  	 -0.01316534182338327 
1.585  	 -0.01415596284751139 
1.586  	 -0.01514516828715152 
1.587  	 -0.01613285922258352 
1.588  	 -0.01711893688553761 
1.589  	 -0.01810330266906871 
1.59  	 -0.01908585813741894 
1.591  	 -0.02006650503586025 
1.592  	 -0.02104514530052019 
1.593  	 -0.02202168106818729 
1.594  	 -0.02299601468609925 
1.595  	 -0.02396804872170554 
1.596  	 -0.02493768597241332 
1.597  	 -0.02590482947530484 
1.598  	 -0.02686938251683646 
1.599  	 -0.02783124864250731 
1.6  	 -0.02879033166650653 
1.601  	 -0.0297465356813308 
1.602  	 -0.03069976506737597 
1.603  	 -0.03164992450249745 
1.604  	 -0.0325969189715432 
1.605  	 -0.03354065377585613 
1.606  	 -0.03448103454274194 
1.607  	 -0.03541796723490723 
1.608  	 -0.03635135815986424 
1.609  	 -0.03728111397929763 
1.61  	 -0.03820714171840092 
1.611  	 -0.03912934877517121 
1.612  	 -0.04004764292967199 
1.613  	 -0.04096193235325241 
1.614  	 -0.04187212561773265 
1.615  	 -0.04277813170454412 
1.616  	 -0.04367986001383378 
1.617  	 -0.04457722037352183 
1.618  	 -0.04547012304831975 
1.619  	 -0.04635847874870481 
1.62  	 -0.04724219863984693 
1.621  	 -0.04812119435049312 
1.622  	 -0.04899537798180544 
1.623  	 -0.04986466211614861 
1.624  	 -0.05072895982583422 
1.625  	 -0.05158818468181094 
1.626  	 -0.05244225076230979 
1.627  	 -0.05329107266143383 
1.628  	 -0.05413456549770111 
1.629  	 -0.0549726449225303 
1.63  	 -0.05580522712867794 
1.631  	 -0.0566322288586166 
1.632  	 -0.05745356741286307 
1.633  	 -0.05826916065824577 
1.634  	 -0.05907892703612042 
1.635  	 -0.05988278557052371 
1.636  	 -0.06068065587627183 
1.637  	 -0.06147245816699964 
1.638  	 -0.06225811326313764 
1.639  	 -0.06303754259983063 
1.64  	 -0.06381066823479502 
1.641  	 -0.06457741285611104 
1.642  	 -0.06533769978995606 
1.643  	 -0.06609145300826971 
1.644  	 -0.06683859713635883 
1.645  	 -0.06757905746043268 
1.646  	 -0.06831275993507646 
1.647  	 -0.06903963119065358 
1.648  	 -0.06975959854064472 
1.649  	 -0.07047258998891461 
1.65  	 -0.07117853423691231 
1.651  	 -0.07187736069080182 
1.652  	 -0.07256899946851984 
1.653  	 -0.07325338140676474 
1.654  	 -0.07393043806791348 
1.655  	 -0.07460010174686368 
1.656  	 -0.07526230547780599 
1.657  	 -0.07591698304091865 
1.658  	 -0.0765640689689914 
1.659  	 -0.07720349855397018 
1.66  	 -0.07783520785342984 
1.661  	 -0.0784591336969664 
1.662  	 -0.07907521369251587 
1.663  	 -0.07968338623259166 
1.664  	 -0.08028359050044702 
1.665  	 -0.08087576647615487 
1.666  	 -0.08145985494261158 
1.667  	 -0.08203579749145701 
1.668  	 -0.08260353652891601 
1.669  	 -0.08316301528155839 
1.67  	 -0.08371417780197468 
1.671  	 -0.08425696897437257 
1.672  	 -0.08479133452008673 
1.673  	 -0.08531722100300827 
1.674  	 -0.08583457583492679 
1.675  	 -0.08634334728079057 
1.676  	 -0.08684348446387863 
1.677  	 -0.08733493737088982 
1.678  	 -0.08781765685694277 
1.679  	 -0.08829159465049102 
1.68  	 -0.08875670335815046 
1.681  	 -0.08921293646943776 
1.682  	 -0.08966024836142181 
1.683  	 -0.09009859430328651 
1.684  	 -0.09052793046080264 
1.685  	 -0.09094821390071252 
1.686  	 -0.09135940259502212 
1.687  	 -0.09176145542520493 
1.688  	 -0.09215433218631272 
1.689  	 -0.09253799359099703 
1.69  	 -0.09291240127343685 
1.691  	 -0.0932775177931762 
1.692  	 -0.0936333066388671 
1.693  	 -0.09397973223192174 
1.694  	 -0.09431675993006924 
1.695  	 -0.0946443560308209 
1.696  	 -0.09496248777483951 
1.697  	 -0.09527112334921567 
1.698  	 -0.09557023189064934 
1.699  	 -0.09585978348853555 
1.7  	 -0.09613974918795569 
1.701  	 -0.09641010099257333 
1.702  	 -0.09667081186743309 
1.703  	 -0.09692185574166494 
1.704  	 -0.09716320751109048 
1.705  	 -0.09739484304073408 
1.706  	 -0.09761673916723561 
1.707  	 -0.0978288737011675 
1.708  	 -0.09803122542925301 
1.709  	 -0.09822377411648807 
1.71  	 -0.09840650050816435 
1.711  	 -0.09857938633179489 
1.712  	 -0.09874241429894154 
1.713  	 -0.09889556810694333 
1.714  	 -0.09903883244054711 
1.715  	 -0.09917219297343895 
1.716  	 -0.09929563636967663 
1.717  	 -0.09940915028502346 
1.718  	 -0.09951272336818245 
1.719  	 -0.09960634526193163 
1.72  	 -0.09969000660415961 
1.721  	 -0.09976369902880193 
1.722  	 -0.09982741516667748 
1.723  	 -0.09988114864622563 
1.724  	 -0.09992489409414314 
1.725  	 -0.09995864713592173 
1.726  	 -0.09998240439628531 
1.727  	 -0.09999616349952765 
1.728  	 -0.0999999230697499 
1.729  	 -0.09999368273099817 
1.73  	 -0.09997744310730111 
1.731  	 -0.09995120582260759 
1.732  	 -0.09991497350062423 
1.733  	 -0.09986874976455297 
1.734  	 -0.09981253923672896 
1.735  	 -0.09974634753815809 
1.736  	 -0.09967018128795513 
1.737  	 -0.09958404810268152 
1.738  	 -0.09948795659558413 
1.739  	 -0.0993819163757335 
1.74  	 -0.09926593804706332 
1.741  	 -0.09914003320730973 
1.742  	 -0.09900421444685181 
1.743  	 -0.09885849534745252 
1.744  	 -0.09870289048090022 
1.745  	 -0.09853741540755195 
1.746  	 -0.09836208667477725 
1.747  	 -0.09817692181530313 
1.748  	 -0.09798193934546139 
1.749  	 -0.09777715876333636 
1.75  	 -0.09756260054681576 
1.751  	 -0.0973382861515423 
1.752  	 -0.09710423800876875 
1.753  	 -0.09686047952311416 
1.754  	 -0.09660703507022414 
1.755  	 -0.09634392999433261 
1.756  	 -0.09607119060572807 
1.757  	 -0.09578884417812193 
1.758  	 -0.09549691894592184 
1.759  	 -0.09519544410140757 
1.76  	 -0.0948844497918124 
1.761  	 -0.0945639671163083 
1.762  	 -0.09423402812289548 
1.763  	 -0.09389466580519847 
1.764  	 -0.09354591409916635 
1.765  	 -0.09318780787967887 
1.766  	 -0.0928203829570598 
1.767  	 -0.09244367607349493 
1.768  	 -0.09205772489935901 
1.769  	 -0.09166256802944753 
1.77  	 -0.09125824497911846 
1.771  	 -0.09084479618033961 
1.772  	 -0.09042226297764662 
1.773  	 -0.08999068762400736 
1.774  	 -0.08955011327659768 
1.775  	 -0.08910058399248534 
1.776  	 -0.08864214472422384 
1.777  	 -0.08817484131535812 
1.778  	 -0.08769872049583982 
1.779  	 -0.08721382987735378 
1.78  	 -0.08672021794855814 
1.781  	 -0.08621793407023408 
1.782  	 -0.08570702847035121 
1.783  	 -0.0851875522390434 
1.784  	 -0.08465955732350126 
1.785  	 -0.084123096522776 
1.786  	 -0.08357822348250098 
1.787  	 -0.0830249926895258 
1.788  	 -0.08246345946646914 
1.789  	 -0.08189367996618495 
1.79  	 -0.08131571116614886 
1.791  	 -0.0807296108627588 
1.792  	 -0.08013543766555692 
1.793  	 -0.079533250991368 
1.794  	 -0.07892311105835724 
1.795  	 -0.07830507888000987 
1.796  	 -0.07767921625902832 
1.797  	 -0.07704558578115354 
1.798  	 -0.07640425080890487 
1.799  	 -0.07575527547524552 
1.8  	 -0.07509872467716761 
1.801  	 -0.07443466406920428 
1.802  	 -0.07376316005686248 
1.803  	 -0.07308427978998408 
1.804  	 -0.07239809115603028 
1.805  	 -0.07170466277329218 
1.806  	 -0.07100406398403043 
1.807  	 -0.0702963648475404 
1.808  	 -0.06958163613314546 
1.809  	 -0.06885994931312196 
1.81  	 -0.06813137655555 
1.811  	 -0.0673959907170987 
1.812  	 -0.06665386533573857 
1.813  	 -0.06590507462338983 
1.814  	 -0.06514969345849919 
1.815  	 -0.0643877973785542 
1.816  	 -0.06361946257252742 
1.817  	 -0.0628447658732597 
1.818  	 -0.06206378474977482 
1.819  	 -0.0612765972995349 
1.82  	 -0.06048328224062841 
1.821  	 -0.05968391890390043 
1.822  	 -0.05887858722501876 
1.823  	 -0.05806736773647965 
1.824  	 -0.05725034155955619 
1.825  	 -0.05642759039618553 
1.826  	 -0.05559919652079778 
1.827  	 -0.05476524277209077 
1.828  	 -0.0539258125447438 
1.829  	 -0.05308098978108067 
1.83  	 -0.05223085896267315 
1.831  	 -0.05137550510189524 
1.832  	 -0.05051501373341961 
1.833  	 -0.04964947090566665 
1.834  	 -0.04877896317219724 
1.835  	 -0.04790357758305961 
1.836  	 -0.0470234016760835 
1.837  	 -0.0461385234681255 
1.838  	 -0.04524903144626934 
1.839  	 -0.04435501455897626 
1.84  	 -0.04345656220718935 
1.841  	 -0.04255376423539573 
1.842  	 -0.04164671092263961 
1.843  	 -0.04073549297349701 
1.844  	 -0.03982020150900287 
1.845  	 -0.03890092805754155 
1.846  	 -0.03797776454569148 
1.847  	 -0.0370508032890352 
1.848  	 -0.03612013698292525 
1.849  	 -0.03518585869321735 
1.85  	 -0.03424806184696125 
1.851  	 -0.03330684022306075 
1.852  	 -0.03236228794289322 
1.853  	 -0.03141449946089988 
1.854  	 -0.03046356955513944 
1.855  	 -0.02950959331780938 
1.856  	 -0.02855266614573878 
1.857  	 -0.02759288373084776 
1.858  	 -0.02663034205057731 
1.859  	 -0.02566513735829401 
1.86  	 -0.02469736617366209 
1.861  	 -0.02372712527299422 
1.862  	 -0.02275451167957124 
1.863  	 -0.02177962265394268 
1.864  	 -0.020802555684198 
1.865  	 -0.01982340847622065 
1.866  	 -0.01884227894391479 
1.867  	 -0.01785926519941638 
1.868  	 -0.01687446554328106 
1.869  	 -0.01588797845465306 
1.87  	 -0.01489990258141953 
1.871  	 -0.01391033673034476 
1.872  	 -0.01291937985718851 
1.873  	 -0.011927131056813 
1.874  	 -0.01093368955327071 
1.875  	 -0.009939154689884818 
1.876  	 -0.008943625919312187 
1.877  	 -0.007947202793600975 
1.878  	 -0.006949984954232696 
1.879  	 -0.005952072122160982 
1.88  	 -0.004953564087836742 
1.881  	 -0.003954560701232029 
1.882  	 -0.002955161861852294 
1.883  	 -0.001955467508749356 
1.884  	 -0.0009555776105247388 
1.885  	 4.440784466461914E-05 
1.886  	 0.001044388859106162 
1.887  	 0.00204426543553247 
1.888  	 0.003043937587118774 
1.889  	 0.004043305347482618 
1.89  	 0.005042268780681477 
1.891  	 0.006040727991203791 
1.892  	 0.007038583133961262 
1.893  	 0.008035734424270448 
1.894  	 0.009032082147833985 
1.895  	 0.0100275266707091 
1.896  	 0.01102196844927373 
1.897  	 0.01201530804017803 
1.898  	 0.01300744611029139 
1.899  	 0.01399828344663322 
1.9  	 0.01498772096629523 
1.901  	 0.01597565972635069 
1.902  	 0.01696200093374653 
1.903  	 0.01794664595518358 
1.904  	 0.01892949632698096 
1.905  	 0.01991045376491982 
1.906  	 0.02088942017407453 
1.907  	 0.02186629765861927 
1.908  	 0.02284098853162035 
1.909  	 0.02381339532480202 
1.91  	 0.02478342079829599 
1.911  	 0.02575096795036255 
1.912  	 0.0267159400270935 
1.913  	 0.02767824053208461 
1.914  	 0.02863777323608796 
1.915  	 0.0295944421866321 
1.916  	 0.03054815171761988 
1.917  	 0.03149880645889259 
1.918  	 0.032446311345768 
1.919  	 0.03339057162854767 
1.92  	 0.03433149288198954 
1.921  	 0.03526898101475302 
1.922  	 0.03620294227880542 
1.923  	 0.03713328327879928 
1.924  	 0.03805991098140923 
1.925  	 0.03898273272463786 
1.926  	 0.0399016562270792 
1.927  	 0.04081658959714943 
1.928  	 0.04172744134227364 
1.929  	 0.04263412037803607 
1.93  	 0.04353653603728933 
1.931  	 0.04443459807921918 
1.932  	 0.0453282166983695 
1.933  	 0.04621730253362368 
1.934  	 0.04710176667713848 
1.935  	 0.04798152068323722 
1.936  	 0.0488564765772518 
1.937  	 0.04972654686432255 
1.938  	 0.05059164453814522 
1.939  	 0.05145168308967394 
1.94  	 0.05230657651576964 
1.941  	 0.05315623932780275 
1.942  	 0.05400058656019949 
1.943  	 0.05483953377894085 
1.944  	 0.05567299709000348 
1.945  	 0.0565008931477514 
1.946  	 0.05732313916326848 
1.947  	 0.05813965291263806 
1.948  	 0.05895035274516622 
1.949  	 0.05975515759154498 
1.95  	 0.06055398697196011 
1.951  	 0.06134676100413981 
1.952  	 0.06213340041134095 
1.953  	 0.06291382653027888 
1.954  	 0.06368796131899154 
1.955  	 0.06445572736464569 
1.956  	 0.06521704789127603 
1.957  	 0.06597184676746487 
1.958  	 0.06672004851395306 
1.959  	 0.06746157831118997 
1.96  	 0.06819636200681356 
1.961  	 0.06892432612306632 
1.962  	 0.06964539786414377 
1.963  	 0.07035950512347244 
1.964  	 0.07106657649092124 
1.965  	 0.07176654125994315 
1.966  	 0.07245932943464407 
1.967  	 0.07314487173678434 
1.968  	 0.07382309961270456 
1.969  	 0.07449394524018278 
1.97  	 0.07515734153521483 
1.971  	 0.07581322215872451 
1.972  	 0.07646152152319555 
1.973  	 0.07710217479923222 
1.974  	 0.07773511792204035 
1.975  	 0.07836028759783553 
1.976  	 0.07897762131017075 
1.977  	 0.07958705732618963 
1.978  	 0.08018853470279821 
1.979  	 0.08078199329275987 
1.98  	 0.08136737375071054 
1.981  	 0.08194461753909207 
1.982  	 0.08251366693400644 
1.983  	 0.08307446503098877 
1.984  	 0.08362695575069629 
1.985  	 0.08417108384451784 
1.986  	 0.08470679490009708 
1.987  	 0.08523403534677526 
1.988  	 0.08575275246094671 
1.989  	 0.08626289437133262 
1.99  	 0.08676441006416674 
1.991  	 0.08725724938829804 
1.992  	 0.08774136306020465 
1.993  	 0.08821670266892263 
1.994  	 0.08868322068088756 
1.995  	 0.08914087044468683 
1.996  	 0.08958960619572529 
1.997  	 0.09002938306080208 
1.998  	 0.09046015706259687 
1.999  	 0.09088188512406876 
2  	 0.09129452507276277 
2.001  	 0.09169803564502801 
2.002  	 0.0920923764901438 
2.003  	 0.0924775081743537 
2.004  	 0.09285339218481049 
2.005  	 0.09321999093342638 
2.006  	 0.09357726776063224 
2.007  	 0.09392518693904259 
2.008  	 0.09426371367702976 
2.009  	 0.09459281412220218 
2.01  	 0.09491245536478947 
2.011  	 0.0952226054409336 
2.012  	 0.09552323333588567 
2.013  	 0.09581430898710647 
2.014  	 0.09609580328727364 
2.015  	 0.09636768808719165 
2.016  	 0.09662993619860701 
2.017  	 0.09688252139692717 
2.018  	 0.09712541842384298 
2.019  	 0.09735860298985381 
2.02  	 0.09758205177669756 
2.021  	 0.09779574243968182 
2.022  	 0.0979996536099183 
2.023  	 0.09819376489645981 
2.024  	 0.09837805688833962 
2.025  	 0.09855251115651198 
2.026  	 0.09871711025569554 
2.027  	 0.09887183772611753 
2.028  	 0.09901667809515978 
2.029  	 0.09915161687890614 
2.03  	 0.09927664058359076 
2.031  	 0.0993917367069472 
2.032  	 0.09949689373945912 
2.033  	 0.0995921011655109 
2.034  	 0.09967734946443933 
2.035  	 0.09975263011148544 
2.036  	 0.09981793557864732 
2.037  	 0.09987325933543267 
2.038  	 0.09991859584951195 
2.039  	 0.09995394058727146 
2.04  	 0.09997929001426692 
2.041  	 0.09999464159557676 
2.042  	 0.09999999379605563 
2.043  	 0.09999534608048796 
2.044  	 0.09998069891364141 
2.045  	 0.09995605376022046 
2.046  	 0.09992141308471991 
2.047  	 0.09987678035117847 
2.048  	 0.0998221600228323 
2.049  	 0.09975755756166871 
2.05  	 0.09968297942787993 
2.051  	 0.09959843307921724 
2.052  	 0.09950392697024509 
2.053  	 0.09939947055149552 
2.054  	 0.09928507426852348 
2.055  	 0.09916074956086182 
2.056  	 0.09902650886087776 
2.057  	 0.09888236559252947 
2.058  	 0.09872833417002363 
2.059  	 0.09856442999637401 
2.06  	 0.09839066946186162 
2.061  	 0.09820706994239499 
2.062  	 0.09801364979777309 
2.063  	 0.09781042836984903 
2.064  	 0.09759742598059656 
2.065  	 0.09737466393007693 
2.066  	 0.09714216449430961 
2.067  	 0.0968999509230442 
2.068  	 0.09664804743743635 
2.069  	 0.09638647922762453 
2.07  	 0.09611527245021166 
2.071  	 0.09583445422564955 
2.072  	 0.09554405263552676 
2.073  	 0.09524409671976009 
2.074  	 0.09493461647369138 
2.075  	 0.09461564284508708 
2.076  	 0.09428720773104439 
2.077  	 0.09394934397480113 
2.078  	 0.09360208536245125 
2.079  	 0.09324546661956634 
2.08  	 0.09287952340772404 
2.081  	 0.09250429232094032 
2.082  	 0.092119810882011 
2.083  	 0.09172611753875975 
2.084  	 0.09132325166019294 
2.085  	 0.09091125353256241 
2.086  	 0.09049016435533791 
2.087  	 0.09006002623708592 
2.088  	 0.08962088219126002 
2.089  	 0.08917277613189896 
2.09  	 0.08871575286923511 
2.091  	 0.08824985810521356 
2.092  	 0.08777513842892312 
2.093  	 0.08729164131193549 
2.094  	 0.08679941510355949 
2.095  	 0.08629850902600535 
2.096  	 0.08578897316946416 
2.097  	 0.08527085848709659 
2.098  	 0.08474421678993915 
2.099  	 0.08420910074172228 
2.1  	 0.08366556385360562 
2.101  	 0.08311366047882467 
2.102  	 0.08255344580725679 
2.103  	 0.0819849758599025 
2.104  	 0.08140830748328302 
2.105  	 0.08082349834375502 
2.106  	 0.08023060692174555 
2.107  	 0.07962969250590231 
2.108  	 0.07902081518716633 
2.109  	 0.07840403585276233 
2.11  	 0.07777941618010951 
2.111  	 0.07714701863065421 
2.112  	 0.07650690644362525 
2.113  	 0.07585914362970748 
2.114  	 0.07520379496464225 
2.115  	 0.07454092598275018 
2.116  	 0.07387060297037729 
2.117  	 0.07319289295926577 
2.118  	 0.07250786371985243 
2.119  	 0.07181558375448988 
2.12  	 0.07111612229059799 
2.121  	 0.07040954927374055 
2.122  	 0.06969593536063015 
2.123  	 0.06897535191206293 
2.124  	 0.06824787098578429 
2.125  	 0.0675135653292801 
2.126  	 0.06677250837250412 
2.127  	 0.06602477422053392 
2.128  	 0.06527043764616265 
2.129  	 0.06450957408241863 
2.13  	 0.06374225961502415 
2.131  	 0.06296857097478602 
2.132  	 0.06218858552992458 
2.133  	 0.0614023812783338 
2.134  	 0.06061003683978339 
2.135  	 0.05981163144805719 
2.136  	 0.05900724494302933 
2.137  	 0.05819695776267943 
2.138  	 0.05738085093505085 
2.139  	 0.05655900607014568 
2.14  	 0.05573150535176585 
2.141  	 0.0548984315292939 
2.142  	 0.05405986790941757 
2.143  	 0.05321589834779943 
2.144  	 0.05236660724069356 
2.145  	 0.0515120795165023 
2.146  	 0.05065240062728569 
2.147  	 0.04978765654021653 
2.148  	 0.04891793372898324 
2.149  	 0.04804331916514154 
2.15  	 0.04716390030941962 
2.151  	 0.04627976510296955 
2.152  	 0.04539100195857553 
2.153  	 0.04449769975181168 
2.154  	 0.04359994781215394 
2.155  	 0.04269783591404751 
2.156  	 0.04179145426793174 
2.157  	 0.04088089351121527 
2.158  	 0.03996624469921497 
2.159  	 0.03904759929604919 
2.16  	 0.03812504916549402 
2.161  	 0.03719868656179307 
2.162  	 0.03626860412043474 
2.163  	 0.03533489484888744 
2.164  	 0.03439765211730157 
2.165  	 0.03345696964916858 
2.166  	 0.03251294151195105 
2.167  	 0.03156566210767636 
2.168  	 0.03061522616349586 
2.169  	 0.02966172872221128 
2.17  	 0.02870526513277285 
2.171  	 0.02774593104074177 
2.172  	 0.02678382237872814 
2.173  	 0.02581903535679677 
2.174  	 0.02485166645284551 
2.175  	 0.02388181240295793 
2.176  	 0.02290957019173219 
2.177  	 0.02193503704257851 
2.178  	 0.02095831040799937 
2.179  	 0.01997948795984498 
2.18  	 0.01899866757954377 
2.181  	 0.01801594734831678 
2.182  	 0.01703142553736855 
2.183  	 0.01604520059805939 
2.184  	 0.01505737115206067 
2.185  	 0.01406803598149522 
2.186  	 0.01307729401905494 
2.187  	 0.01208524433811047 
2.188  	 0.01109198614280248 
2.189  	 0.01009761875812422 
2.19  	 0.009102241619984788 
2.191  	 0.008105954265268538 
2.192  	 0.007108856321879993 
2.193  	 0.006111047498783996 
2.194  	 0.005112627576030643 
2.195  	 0.004113696394779841 
2.196  	 0.00311435384731763 
2.197  	 0.002114699867066328 
2.198  	 0.001114834418590209 
2.199  	 0.0001148574876016112 
2.2  	 -0.0008851309290403876 
2.201  	 -0.001885030833327089 
2.202  	 -0.002884742236100957 
2.203  	 -0.003884165167055157 
2.204  	 -0.004883199684730157 
2.205  	 -0.005881745886505293 
2.206  	 -0.006879703918593216 
2.207  	 -0.007876973986022702 
2.208  	 -0.00887345636261771 
2.209  	 -0.009869051400970623 
2.21  	 -0.01086365954240798 
2.211  	 -0.01185718132694375 
2.212  	 -0.01284951740322814 
2.213  	 -0.0138405685384801 
2.214  	 -0.01483023562841163 
2.215  	 -0.01581841970713881 
2.216  	 -0.01680502195707794 
2.217  	 -0.01778994371882481 
2.218  	 -0.0187730865010247 
2.219  	 -0.01975435199021867 
2.22  	 -0.02073364206067622 
2.221  	 -0.02171085878420499 
2.222  	 -0.02268590443994766 
2.223  	 -0.02365868152415119 
2.224  	 -0.0246290927599185 
2.225  	 -0.02559704110693331 
2.226  	 -0.02656242977116821 
2.227  	 -0.02752516221456163 
2.228  	 -0.02848514216467115 
2.229  	 -0.0294422736243014 
2.23  	 -0.0303964608811047 
2.231  	 -0.03134760851714986 
2.232  	 -0.03229562141846656 
2.233  	 -0.03324040478455435 
2.234  	 -0.03418186413786358 
2.235  	 -0.03511990533324382 
2.236  	 -0.03605443456735789 
2.237  	 -0.03698535838805982 
2.238  	 -0.03791258370374399 
2.239  	 -0.03883601779265181 
2.24  	 -0.03975556831214361 
2.241  	 -0.04067114330793341 
2.242  	 -0.04158265122328524 
2.243  	 -0.04249000090816651 
2.244  	 -0.0433931016283655 
2.245  	 -0.04429186307456245 
2.246  	 -0.0451861953713614 
2.247  	 -0.04607600908627824 
2.248  	 -0.04696121523868363 
2.249  	 -0.04784172530869874 
2.25  	 -0.04871745124605095 
2.251  	 -0.04958830547887631 
2.252  	 -0.05045420092247783 
2.253  	 -0.05131505098803153 
2.254  	 -0.05217076959124883 
2.255  	 -0.05302127116098249 
2.256  	 -0.05386647064778491 
2.257  	 -0.05470628353241051 
2.258  	 -0.0555406258342713 
2.259  	 -0.05636941411983266 
2.26  	 -0.05719256551095639 
2.261  	 -0.05800999769318904 
2.262  	 -0.05882162892399417 
2.263  	 -0.05962737804092447 
2.264  	 -0.06042716446974028 
2.265  	 -0.06122090823246493 
2.266  	 -0.06200852995538329 
2.267  	 -0.06278995087697972 
2.268  	 -0.06356509285581378 
2.269  	 -0.06433387837833247 
2.27  	 -0.0650962305666247 
2.271  	 -0.06585207318610721 
2.272  	 -0.06660133065314765 
2.273  	 -0.06734392804262344 
2.274  	 -0.06807979109541498 
2.275  	 -0.0688088462258297 
2.276  	 -0.06953102052896259 
2.277  	 -0.07024624178798493 
2.278  	 -0.07095443848136654 
2.279  	 -0.07165553979002852 
2.28  	 -0.07234947560442474 
2.281  	 -0.07303617653155106 
2.282  	 -0.0737155739018875 
2.283  	 -0.07438759977626321 
2.284  	 -0.0750521869526512 
2.285  	 -0.07570926897288677 
2.286  	 -0.07635878012931586 
2.287  	 -0.07700065547136414 
2.288  	 -0.07763483081203275 
2.289  	 -0.07826124273431517 
2.29  	 -0.07887982859754165 
2.291  	 -0.07949052654364157 
2.292  	 -0.080093275503329 
2.293  	 -0.08068801520221006 
2.294  	 -0.08127468616681088 
2.295  	 -0.08185322973052352 
2.296  	 -0.0824235880394741 
2.297  	 -0.08298570405830683 
2.298  	 -0.08353952157588805 
2.299  	 -0.08408498521092772 
2.3  	 -0.08462204041751725 
2.301  	 -0.0851506334905828 
2.302  	 -0.08567071157125791 
2.303  	 -0.08618222265216811 
2.304  	 -0.08668511558263137 
2.305  	 -0.08717934007377354 
2.306  	 -0.0876648467035577 
2.307  	 -0.08814158692172515 
2.308  	 -0.08860951305465151 
2.309  	 -0.08906857831011372 
2.31  	 -0.08951873678196819 
2.311  	 -0.08995994345474315 
2.312  	 -0.09039215420813901 
2.313  	 -0.09081532582144092 
2.314  	 -0.09122941597783954 
2.315  	 -0.09163438326866466 
2.316  	 -0.09203018719752465 
2.317  	 -0.09241678818435672 
2.318  	 -0.09279414756938381 
2.319  	 -0.09316222761698217 
2.32  	 -0.09352099151945389 
2.321  	 -0.09387040340070757 
2.322  	 -0.09421042831984612 
2.323  	 -0.09454103227466125 
2.324  	 -0.09486218220503273 
2.325  	 -0.09517384599623535 
2.326  	 -0.09547599248214964 
2.327  	 -0.09576859144837867 
2.328  	 -0.09605161363526975 
2.329  	 -0.09632503074084024 
2.33  	 -0.09658881542360705 
2.331  	 -0.09684294130532191 
2.332  	 -0.09708738297360851 
2.333  	 -0.09732211598450363 
2.334  	 -0.09754711686490171 
2.335  	 -0.09776236311490238 
2.336  	 -0.09796783321005985 
2.337  	 -0.09816350660353595 
2.338  	 -0.09834936372815438 
2.339  	 -0.09852538599835743 
2.34  	 -0.09869155581206487 
2.341  	 -0.09884785655243392 
2.342  	 -0.09899427258952054 
2.343  	 -0.09913078928184317 
2.344  	 -0.09925739297784633 
2.345  	 -0.09937407101726602 
2.346  	 -0.09948081173239533 
2.347  	 -0.09957760444925182 
2.348  	 -0.09966443948864445 
2.349  	 -0.09974130816714168 
2.35  	 -0.09980820279793963 
2.351  	 -0.09986511669163101 
2.352  	 -0.09991204415687391 
2.353  	 -0.09994898050096088 
2.354  	 -0.09997592203028827 
2.355  	 -0.09999286605072563 
2.356  	 -0.09999981086788504 
2.357  	 -0.09999675578729054 
2.358  	 -0.09998370111444767 
2.359  	 -0.09996064815481283 
2.36  	 -0.09992759921366279 
2.361  	 -0.09988455759586407 
2.362  	 -0.09983152760554263 
2.363  	 -0.09976851454565333 
2.364  	 -0.09969552471744958 
2.365  	 -0.0996125654198534 
2.366  	 -0.09951964494872546 
2.367  	 -0.09941677259603539 
2.368  	 -0.09930395864893278 
2.369  	 -0.09918121438871826 
2.37  	 -0.09904855208971559 
2.371  	 -0.09890598501804421 
2.372  	 -0.09875352743029239 
2.373  	 -0.09859119457209176 
2.374  	 -0.09841900267659309 
2.375  	 -0.09823696896284234 
2.376  	 -0.09804511163405916 
2.377  	 -0.09784344987581642 
2.378  	 -0.09763200385412218 
2.379  	 -0.09741079471340228 
2.38  	 -0.09717984457438641 
2.381  	 -0.09693917653189588 
2.382  	 -0.0966888146525347 
2.383  	 -0.09642878397228204 
2.384  	 -0.09615911049398908 
2.385  	 -0.09587982118477906 
2.386  	 -0.09559094397335025 
2.387  	 -0.09529250774718284 
2.388  	 -0.09498454234965098 
2.389  	 -0.09466707857703759 
2.39  	 -0.09434014817545544 
2.391  	 -0.09400378383767238 
2.392  	 -0.0936580191998418 
2.393  	 -0.09330288883813909 
2.394  	 -0.09293842826530493 
2.395  	 -0.09256467392709269 
2.396  	 -0.09218166319862459 
2.397  	 -0.0917894343806544 
2.398  	 -0.09138802669573726 
2.399  	 -0.0909774802843068 
2.4  	 -0.09055783620066239 
2.401  	 -0.09012913640886237 
2.402  	 -0.08969142377852883 
2.403  	 -0.0892447420805602 
2.404  	 -0.08878913598275388 
2.405  	 -0.08832465104533965 
2.406  	 -0.08785133371642485 
2.407  	 -0.08736923132734763 
2.408  	 -0.08687839208794512 
2.409  	 -0.08637886508173187 
2.41  	 -0.08587070026099296 
2.411  	 -0.08535394844178662 
2.412  	 -0.08482866129886417 
2.413  	 -0.08429489136050176 
2.414  	 -0.0837526920032492 
2.415  	 -0.08320211744658999 
2.416  	 -0.08264322274752078 
2.417  	 -0.08207606379504595 
2.418  	 -0.08150069730458831 
2.419  	 -0.08091718081231702 
2.42  	 -0.08032557266939548 
2.421  	 -0.07972593203614453 
2.422  	 -0.07911831887612802 
2.423  	 -0.07850279395015584 
2.424  	 -0.07787941881020742 
2.425  	 -0.07724825579327682 
2.426  	 -0.07660936801514068 
2.427  	 -0.07596281936404396 
2.428  	 -0.07530867449431274 
2.429  	 -0.07464699881988911 
2.43  	 -0.07397785850778935 
2.431  	 -0.07330132047148658 
2.432  	 -0.07261745236422112 
2.433  	 -0.07192632257223361 
2.434  	 -0.07122800020792676 
2.435  	 -0.0705225551029561 
2.436  	 -0.06981005780124373 
2.437  	 -0.0690905795519261 
2.438  	 -0.06836419230222805 
2.439  	 -0.06763096869027029 
2.44  	 -0.06689098203780243 
2.441  	 -0.06614430634287309 
2.442  	 -0.06539101627242902 
2.443  	 -0.06463118715485056 
2.444  	 -0.06386489497241576 
2.445  	 -0.06309221635370402 
2.446  	 -0.06231322856593358 
2.447  	 -0.06152800950723433 
2.448  	 -0.06073663769885726 
2.449  	 -0.05993919227732428 
2.45  	 -0.05913575298651244 
2.451  	 -0.05832640016968158 
2.452  	 -0.05751121476143922 
2.453  	 -0.05669027827964655 
2.454  	 -0.05586367281726709 
2.455  	 -0.05503148103415938 
2.456  	 -0.05419378614880768 
2.457  	 -0.05335067193000214 
2.458  	 -0.05250222268846233 
2.459  	 -0.0516485232684057 
2.46  	 -0.05078965903906221 
2.461  	 -0.0499257158861397 
2.462  	 -0.04905678020323289 
2.463  	 -0.04818293888318627 
2.464  	 -0.04730427930940395 
2.465  	 -0.04642088934711081 
2.466  	 -0.04553285733456625 
2.467  	 -0.0446402720742328 
2.468  	 -0.04374322282389204 
2.469  	 -0.04284179928772144 
2.47  	 -0.04193609160732281 
2.471  	 -0.04102619035271072 
2.472  	 -0.04011218651325174 
2.473  	 -0.03919417148856814 
2.474  	 -0.03827223707939674 
2.475  	 -0.03734647547841147 
2.476  	 -0.03641697926100033 
2.477  	 -0.03548384137601013 
2.478  	 -0.0345471551364521 
2.479  	 -0.03360701421016996 
2.48  	 -0.03266351261047223 
2.481  	 -0.03171674468673327 
2.482  	 -0.03076680511495585 
2.483  	 -0.02981378888830585 
2.484  	 -0.02885779130761209 
2.485  	 -0.02789890797183566 
2.486  	 -0.02693723476851037 
2.487  	 -0.02597286786415653 
2.488  	 -0.02500590369466027 
2.489  	 -0.02403643895563238 
2.49  	 -0.02306457059273923 
2.491  	 -0.02209039579200755 
2.492  	 -0.02111401197010493 
2.493  	 -0.0201355167646006 
2.494  	 -0.01915500802419901 
2.495  	 -0.01817258379895744 
2.496  	 -0.0171883423304801 
2.497  	 -0.01620238204209328 
2.498  	 -0.01521480152900349 
2.499  	 -0.01422569954844047 
2.5  	 -0.0132351750097773 
2.501  	 -0.01224332696464244 
2.502  	 -0.01125025459701315 
2.503  	 -0.01025605721330004 
2.504  	 -0.009260834232412285 
2.505  	 -0.008264685175818628 
2.506  	 -0.007267709657593895 
2.507  	 -0.006270007374460516 
2.508  	 -0.005271678095814679 
2.509  	 -0.004272821653751957 
2.51  	 -0.003273537933084532 
2.511  	 -0.002273926861352093 
2.512  	 -0.001274088398828097 
2.513  	 -0.0002741225285263094 
2.514  	 0.000725870753800251 
2.515  	 0.001725791449656322 
2.516  	 0.002725539567805226 
2.517  	 0.003725015134268626 
2.518  	 0.004724118202323478 
2.519  	 0.005722748862494139 
2.52  	 0.006720807252547492 
2.521  	 0.0077181935674766 
2.522  	 0.008714808069480766 
2.523  	 0.009710551097939946 
2.524  	 0.01070532307938179 
2.525  	 0.0116990245374364 
2.526  	 0.01269155610278679 
2.527  	 0.01368281852310316 
2.528  	 0.01467271267296917 
2.529  	 0.01566113956379511 
2.53  	 0.01664800035371627 
2.531  	 0.01763319635747466 
2.532  	 0.01861662905629157 
2.533  	 0.01959820010771667 
2.534  	 0.02057781135546346 
2.535  	 0.02155536483922213 
2.536  	 0.02253076280445963 
2.537  	 0.02350390771219225 
2.538  	 0.02447470224874087 
2.539  	 0.02544304933545945 
2.54  	 0.02640885213844694 
2.541  	 0.02737201407822824 
2.542  	 0.02833243883941165 
2.543  	 0.02929003038032107 
2.544  	 0.03024469294260107 
2.545  	 0.0311963310607903 
2.546  	 0.03214484957187064 
2.547  	 0.03309015362478109 
2.548  	 0.03403214868990375 
2.549  	 0.03497074056851746 
2.55  	 0.03590583540221717 
2.551  	 0.03683733968229741 
2.552  	 0.03776516025910712 
2.553  	 0.03868920435136209 
2.554  	 0.03960937955542283 
2.555  	 0.04052559385453541 
2.556  	 0.04143775562803408 
2.557  	 0.04234577366050096 
2.558  	 0.04324955715089015 
2.559  	 0.04414901572160542 
2.56  	 0.04504405942753893 
2.561  	 0.04593459876506629 
2.562  	 0.04682054468099585 
2.563  	 0.04770180858147492 
2.564  	 0.04857830234084659 
2.565  	 0.04944993831046597 
2.566  	 0.05031662932746244 
2.567  	 0.05117828872345717 
2.568  	 0.05203483033322737 
2.569  	 0.05288616850332646 
2.57  	 0.05373221810064719 
2.571  	 0.05457289452093454 
2.572  	 0.05540811369724677 
2.573  	 0.05623779210836284 
2.574  	 0.05706184678713244 
2.575  	 0.05788019532877502 
2.576  	 0.05869275589911804 
2.577  	 0.05949944724278133 
2.578  	 0.06030018869130306 
2.579  	 0.06109490017120622 
2.58  	 0.06188350221200393 
2.581  	 0.06266591595414986 
2.582  	 0.06344206315692207 
2.583  	 0.06421186620624679 
2.584  	 0.06497524812246035 
2.585  	 0.06573213256800776 
2.586  	 0.06648244385507472 
2.587  	 0.06722610695315827 
2.588  	 0.06796304749656809 
2.589  	 0.06869319179186366 
2.59  	 0.0694164668252242 
2.591  	 0.07013280026974959 
2.592  	 0.07084212049269129 
2.593  	 0.07154435656261864 
2.594  	 0.0722394382565098 
2.595  	 0.07292729606677516 
2.596  	 0.07360786120820588 
2.597  	 0.07428106562485547 
2.598  	 0.07494684199684326 
2.599  	 0.07560512374708733 
2.6  	 0.07625584504796028 
2.601  	 0.07689894082787475 
2.602  	 0.07753434677778892 
2.603  	 0.07816199935763704 
2.604  	 0.07878183580268396 
2.605  	 0.07939379412980213 
2.606  	 0.07999781314366838 
2.607  	 0.08059383244288511 
2.608  	 0.08118179242601886 
2.609  	 0.08176163429756104 
2.61  	 0.08233330007380796 
2.611  	 0.08289673258865875 
2.612  	 0.08345187549933064 
2.613  	 0.08399867329199562 
2.614  	 0.08453707128733023 
2.615  	 0.08506701564598346 
2.616  	 0.08558845337396082 
2.617  	 0.08610133232792445 
2.618  	 0.08660560122040599 
2.619  	 0.08710120962493674 
2.62  	 0.08758810798108911 
2.621  	 0.08806624759943305 
2.622  	 0.08853558066640532 
2.623  	 0.08899606024909071 
2.624  	 0.08944764029991398 
2.625  	 0.08989027566124673 
2.626  	 0.09032392206992167 
2.627  	 0.09074853616165959 
2.628  	 0.09116407547540457 
2.629  	 0.09157049845757184 
2.63  	 0.09196776446620185 
2.631  	 0.09235583377502506 
2.632  	 0.09273466757743343 
2.633  	 0.09310422799036268 
2.634  	 0.09346447805807963 
2.635  	 0.09381538175587759 
2.636  	 0.09415690399367904 
2.637  	 0.09448901061954508 
2.638  	 0.09481166842308963 
2.639  	 0.09512484513880143 
2.64  	 0.09542850944926981 
2.641  	 0.09572263098831663 
2.642  	 0.09600718034403323 
2.643  	 0.09628212906172134 
2.644  	 0.09654744964673791 
2.645  	 0.09680311556724576 
2.646  	 0.09704910125686596 
2.647  	 0.09728538211723446 
2.648  	 0.09751193452046203 
2.649  	 0.09772873581149732 
2.65  	 0.09793576431039171 
2.651  	 0.09813299931446801 
2.652  	 0.09832042110039008 
2.653  	 0.09849801092613547 
2.654  	 0.09866575103286963 
2.655  	 0.09882362464672183 
2.656  	 0.09897161598046197 
2.657  	 0.09910971023508014 
2.658  	 0.09923789360126596 
2.659  	 0.09935615326078973 
2.66  	 0.09946447738778381 
2.661  	 0.09956285514992594 
2.662  	 0.09965127670952184 
2.663  	 0.0997297332244893 
2.664  	 0.09979821684924207 
2.665  	 0.09985672073547486 
2.666  	 0.09990523903284776 
2.667  	 0.09994376688957145 
2.668  	 0.09997230045289238 
2.669  	 0.09999083686947799 
2.67  	 0.09999937428570208 
2.671  	 0.09999791184783013 
2.672  	 0.0999864497021047 
2.673  	 0.09996498899473084 
2.674  	 0.09993353187176139 
2.675  	 0.0998920814788824 
2.676  	 0.09984064196109868 
2.677  	 0.0997792184623191 
2.678  	 0.09970781712484235 
2.679  	 0.09962644508874267 
2.68  	 0.09953511049115592 
2.681  	 0.09943382246546567 
2.682  	 0.09932259114039015 
2.683  	 0.09920142763896909 
2.684  	 0.09907034407745172 
2.685  	 0.098929353564085 
2.686  	 0.09877847019780273 
2.687  	 0.09861770906681568 
2.688  	 0.0984470862471032 
2.689  	 0.09826661880080501 
2.69  	 0.09807632477451529 
2.691  	 0.09787622319747813 
2.692  	 0.09766633407968432 
2.693  	 0.09744667840987103 
2.694  	 0.09721727815342207 
2.695  	 0.0969781562501718 
2.696  	 0.09672933661211136 
2.697  	 0.09647084412099732 
2.698  	 0.09620270462586319 
2.699  	 0.09592494494043523 
2.7  	 0.09563759284045031 
2.701  	 0.09534067706087906 
2.702  	 0.09503422729305215 
2.703  	 0.09471827418169085 
2.704  	 0.09439284932184278 
2.705  	 0.0940579852557232 
2.706  	 0.09371371546945946 
2.707  	 0.09336007438974314 
2.708  	 0.09299709738038765 
2.709  	 0.09262482073879158 
2.71  	 0.09224328169230858 
2.711  	 0.09185251839452564 
2.712  	 0.09145256992144662 
2.713  	 0.09104347626758567 
2.714  	 0.09062527834196742 
2.715  	 0.09019801796403579 
2.716  	 0.08976173785947221 
2.717  	 0.08931648165592419 
2.718  	 0.08886229387864074 
2.719  	 0.08839921994602108 
2.72  	 0.08792730616507227 
2.721  	 0.08744659972677979 
2.722  	 0.08695714870138656 
2.723  	 0.08645900203358725 
2.724  	 0.08595220953763315 
2.725  	 0.08543682189235224 
2.726  	 0.08491289063607922 
2.727  	 0.08438046816150291 
2.728  	 0.08383960771042727 
2.729  	 0.08329036336844689 
2.73  	 0.08273279005953788 
2.731  	 0.08216694354056686 
2.732  	 0.08159288039571382 
2.733  	 0.08101065803081503 
2.734  	 0.08042033466762204 
2.735  	 0.07982196933797901 
2.736  	 0.07921562187791983 
2.737  	 0.0786013529216861 
2.738  	 0.0779792238956611 
2.739  	 0.0773492970122288 
2.74  	 0.07671163526355279 
2.741  	 0.0760663024152768 
2.742  	 0.07541336300014745 
2.743  	 0.07475288231156256 
2.744  	 0.07408492639704013 
2.745  	 0.07340956205161524 
2.746  	 0.07272685681115987 
2.747  	 0.07203687894562888 
2.748  	 0.07133969745223338 
2.749  	 0.07063538204854269 
2.75  	 0.06992400316550977 
2.751  	 0.06920563194043013 
2.752  	 0.06848034020982709 
2.753  	 0.06774820050227033 
2.754  	 0.06700928603112 
2.755  	 0.06626367068720744 
2.756  	 0.06551142903144518 
2.757  	 0.06475263628737297 
2.758  	 0.06398736833363239 
2.759  	 0.0632157016963808 
2.76  	 0.06243771354163914 
2.761  	 0.06165348166757485 
2.762  	 0.06086308449672127 
2.763  	 0.06006660106813734 
2.764  	 0.05926411102950167 
2.765  	 0.05845569462914962 
2.766  	 0.05764143270804788 
2.767  	 0.0568214066917097 
2.768  	 0.05599569858205277 
2.769  	 0.05516439094920115 
2.77  	 0.0543275669232248 
2.771  	 0.05348531018582863 
2.772  	 0.05263770496198483 
2.773  	 0.05178483601150973 
2.774  	 0.05092678862058708 
2.775  	 0.05006364859324151 
2.776  	 0.04919550224275587 
2.777  	 0.04832243638304209 
2.778  	 0.04744453831995887 
2.779  	 0.04656189584258064 
2.78  	 0.04567459721441897 
2.781  	 0.04478273116459853 
2.782  	 0.04388638687898044 
2.783  	 0.04298565399124634 
2.784  	 0.04208062257393372 
2.785  	 0.04117138312943142 
2.786  	 0.04025802658092555 
2.787  	 0.03934064426330983 
2.788  	 0.03841932791405089 
2.789  	 0.03749416966401719 
2.79  	 0.03656526202826214 
2.791  	 0.03563269789677487 
2.792  	 0.03469657052519175 
2.793  	 0.03375697352547015 
2.794  	 0.03281400085652639 
2.795  	 0.03186774681484222 
2.796  	 0.03091830602503259 
2.797  	 0.02996577343038563 
2.798  	 0.02901024428336737 
2.799  	 0.02805181413609589 
2.8  	 0.02709057883078656 
2.801  	 0.02612663449017024 
2.802  	 0.02516007750787702 
2.803  	 0.02419100453879934 
2.804  	 0.02321951248942687 
2.805  	 0.02224569850815534 
2.806  	 0.02126965997557067 
2.807  	 0.02029149449471344 
2.808  	 0.01931129988131592 
2.809  	 0.01832917415402296 
2.81  	 0.01734521552458921 
2.811  	 0.0163595223880573 
2.812  	 0.01537219331291878 
2.813  	 0.01438332703125977 
2.814  	 0.01339302242888372 
2.815  	 0.01240137853542558 
2.816  	 0.01140849451444836 
2.817  	 0.01041446965352603 
2.818  	 0.009419403354317747 
2.819  	 0.00842339512262351 
2.82  	 0.007426544558436131 
2.821  	 0.006428951345981675 
2.822  	 0.005430715243750416 
2.823  	 0.004431936074520008 
2.824  	 0.003432713715375772 
2.825  	 0.002433148087720227 
2.826  	 0.001433339147283528 
2.827  	 0.0004333868741269002 
2.828  	 -0.0005666087373559854 
2.829  	 -0.001566547688438018 
2.83  	 -0.002566329986055949 
2.831  	 -0.003565855652813876 
2.832  	 -0.004565024736978412 
2.833  	 -0.005563737322473426 
2.834  	 -0.006561893538872269 
2.835  	 -0.007559393571385806 
2.836  	 -0.008556137670841324 
2.837  	 -0.009552026163660202 
2.838  	 -0.01054695946182271 
2.839  	 -0.01154083807282779 
2.84  	 -0.01253356260964291 
2.841  	 -0.01352503380064238 
2.842  	 -0.0145151524995319 
2.843  	 -0.01550381969526739 
2.844  	 -0.01649093652195316 
2.845  	 -0.01747640426872984 
2.846  	 -0.01846012438964257 
2.847  	 -0.01944199851349972 
2.848  	 -0.02042192845370712 
2.849  	 -0.02139981621808808 
2.85  	 -0.02237556401867964 
2.851  	 -0.02334907428151559 
2.852  	 -0.02432024965638122 
2.853  	 -0.02528899302654802 
2.854  	 -0.02625520751848591 
2.855  	 -0.02721879651155157 
2.856  	 -0.02817966364764798 
2.857  	 -0.02913771284086294 
2.858  	 -0.03009284828707517 
2.859  	 -0.03104497447353564 
2.86  	 -0.03199399618841948 
2.861  	 -0.03293981853034672 
2.862  	 -0.03388234691787002 
2.863  	 -0.03482148709893673 
2.864  	 -0.03575714516031168 
2.865  	 -0.03668922753696812 
2.866  	 -0.0376176410214448 
2.867  	 -0.03854229277316758 
2.868  	 -0.03946309032773119 
2.869  	 -0.04037994160614816 
2.87  	 -0.04129275492405434 
2.871  	 -0.0422014390008783 
2.872  	 -0.04310590296896994 
2.873  	 -0.04400605638268679 
2.874  	 -0.04490180922743631 
2.875  	 -0.04579307192868115 
2.876  	 -0.04667975536089389 
2.877  	 -0.04756177085647082 
2.878  	 -0.04843903021459617 
2.879  	 -0.04931144571006577 
2.88  	 -0.05017893010205711 
2.881  	 -0.05104139664285449 
2.882  	 -0.05189875908652133 
2.883  	 -0.05275093169752834 
2.884  	 -0.05359782925932486 
2.885  	 -0.05443936708286016 
2.886  	 -0.05527546101505285 
2.887  	 -0.05610602744720708 
2.888  	 -0.05693098332337115 
2.889  	 -0.05775024614864552 
2.89  	 -0.05856373399743005 
2.891  	 -0.05937136552161751 
2.892  	 -0.06017305995872877 
2.893  	 -0.06096873713998879 
2.894  	 -0.06175831749834135 
2.895  	 -0.06254172207640916 
2.896  	 -0.06331887253438755 
2.897  	 -0.06408969115787803 
2.898  	 -0.06485410086566037 
2.899  	 -0.06561202521740132 
2.9  	 -0.06636338842129676 
2.901  	 -0.06710811534165297 
2.902  	 -0.06784613150639826 
2.903  	 -0.0685773631145309 
2.904  	 -0.06930173704349971 
2.905  	 -0.07001918085651593 
2.906  	 -0.07072962280979511 
2.907  	 -0.07143299185973448 
2.908  	 -0.07212921767001516 
2.909  	 -0.07281823061863682 
2.91  	 -0.07349996180487776 
2.911  	 -0.07417434305618802 
2.912  	 -0.07484130693500438 
2.913  	 -0.07550078674549526 
2.914  	 -0.07615271654022825 
2.915  	 -0.0767970311267676 
2.916  	 -0.0774336660741918 
2.917  	 -0.07806255771953642 
2.918  	 -0.07868364317416079 
2.919  	 -0.07929686033003745 
2.92  	 -0.07990214786596139 
2.921  	 -0.08049944525368383 
2.922  	 -0.08108869276396356 
2.923  	 -0.08166983147254037 
2.924  	 -0.0822428032660279 
2.925  	 -0.08280755084772466 
2.926  	 -0.0833640177433423 
2.927  	 -0.08391214830665542 
2.928  	 -0.08445188772506461 
2.929  	 -0.08498318202507762 
2.93  	 -0.08550597807770703 
2.931  	 -0.08602022360378359 
2.932  	 -0.08652586717918288 
2.933  	 -0.08702285823996908 
2.934  	 -0.08751114708745007 
2.935  	 -0.08799068489314787 
2.936  	 -0.08846142370368169 
2.937  	 -0.08892331644556307 
2.938  	 -0.0893763169299021 
2.939  	 -0.08982037985702813 
2.94  	 -0.09025546082101854 
2.941  	 -0.09068151631413979 
2.942  	 -0.09109850373119699 
2.943  	 -0.09150638137379626 
2.944  	 -0.0919051084545132 
2.945  	 -0.09229464510097218 
2.946  	 -0.09267495235983299 
2.947  	 -0.09304599220068656 
2.948  	 -0.09340772751985826 
2.949  	 -0.09376012214411737 
2.95  	 -0.09410314083429536 
2.951  	 -0.09443674928880895 
2.952  	 -0.09476091414709055 
2.953  	 -0.09507560299292463 
2.954  	 -0.09538078435768903 
2.955  	 -0.09567642772350116 
2.956  	 -0.09596250352627105 
2.957  	 -0.09623898315865689 
2.958  	 -0.09650583897292575 
2.959  	 -0.09676304428371849 
2.96  	 -0.09701057337071854 
2.961  	 -0.09724840148122332 
2.962  	 -0.09747650483262012 
2.963  	 -0.0976948606147638 
2.964  	 -0.09790344699225806 
2.965  	 -0.09810224310663901 
2.966  	 -0.09829122907846104 
2.967  	 -0.09847038600928416 
2.968  	 -0.09863969598356476 
2.969  	 -0.09879914207044646 
2.97  	 -0.09894870832545356 
2.971  	 -0.09908837979208501 
2.972  	 -0.09921814250331062 
2.973  	 -0.09933798348296742 
2.974  	 -0.09944789074705739 
2.975  	 -0.09954785330494552 
2.976  	 -0.09963786116045943 
2.977  	 -0.0997179053128886 
2.978  	 -0.09978797775788446 
2.979  	 -0.09984807148826089 
2.98  	 -0.09989818049469495 
2.981  	 -0.09993829976632773 
2.982  	 -0.09996842529126554 
2.983  	 -0.09998855405698094 
2.984  	 -0.09999868405061418 
2.985  	 -0.09999881425917431 
2.986  	 -0.09998894466964059 
2.987  	 -0.09996907626896374 
2.988  	 -0.0999392110439673 
2.989  	 -0.09989935198114885 
2.99  	 -0.09984950306638146 
2.991  	 -0.09978966928451509 
2.992  	 -0.09971985661887803 
2.993  	 -0.09964007205067871 
2.994  	 -0.0995503235583074 
2.995  	 -0.0994506201165386 
2.996  	 -0.09934097169563341 
2.997  	 -0.09922138926034255 
2.998  	 -0.09909188476880976 
2.999  	 -0.09895247117137648 
3  	 -0.09880316240928619 
3.001  	 -0.09864397341329066 
3.002  	 -0.09847492010215672 
3.003  	 -0.09829601938107485 
3.004  	 -0.09810728913996795 
3.005  	 -0.09790874825170287 
3.006  	 -0.0977004165702028 
3.007  	 -0.09748231492846263 
3.008  	 -0.09725446513646459 
3.009  	 -0.09701688997899793 
3.01  	 -0.09676961321338053 
3.011  	 -0.09651265956708294 
3.012  	 -0.09624605473525551 
3.013  	 -0.09596982537815942 
3.014  	 -0.09568399911850001 
3.015  	 -0.09538860453866514 
3.016  	 -0.09508367117786676 
3.017  	 -0.0947692295291867 
3.018  	 -0.0944453110365276 
3.019  	 -0.09411194809146925 
3.02  	 -0.09376917403002812 
3.021  	 -0.09341702312932458 
3.022  	 -0.09305553060415535 
3.023  	 -0.09268473260347188 
3.024  	 -0.09230466620676492 
3.025  	 -0.09191536942035773 
3.026  	 -0.09151688117360425 
3.027  	 -0.09110924131499722 
3.028  	 -0.09069249060818296 
3.029  	 -0.09026667072788469 
3.03  	 -0.08983182425573533 
3.031  	 -0.08938799467602028 
3.032  	 -0.08893522637132739 
3.033  	 -0.0884735646181098 
3.034  	 -0.08800305558215782 
3.035  	 -0.08752374631398357 
3.036  	 -0.08703568474411413 
3.037  	 -0.0865389196782998 
3.038  	 -0.08603350079263279 
3.039  	 -0.08551947862858122 
3.04  	 -0.08499690458793281 
3.041  	 -0.08446583092765593 
3.042  	 -0.08392631075467423 
3.043  	 -0.08337839802055563 
3.044  	 -0.08282214751611654 
3.045  	 -0.08225761486594425 
3.046  	 -0.08168485652283297 
3.047  	 -0.08110392976213987 
3.048  	 -0.08051489267605716 
3.049  	 -0.07991780416780236 
3.05  	 -0.0793127239457283 
3.051  	 -0.07869971251735382 
3.052  	 -0.07807883118331048 
3.053  	 -0.07745014203121406 
3.054  	 -0.07681370792945609 
3.055  	 -0.07616959252091661 
3.056  	 -0.07551786021659926 
3.057  	 -0.07485857618919182 
3.058  	 -0.07419180636654715 
3.059  	 -0.07351761742509215 
3.06  	 -0.07283607678315934 
3.061  	 -0.07214725259424476 
3.062  	 -0.07145121374019275 
3.063  	 -0.07074802982430972 
3.064  	 -0.07003777116440074 
3.065  	 -0.06932050878573995 
3.066  	 -0.06859631441396695 
3.067  	 -0.06786526046791649 
3.068  	 -0.06712742005237343 
3.069  	 -0.06638286695076448 
3.07  	 -0.06563167561777877 
3.071  	 -0.06487392117192471 
3.072  	 -0.06410967938801487 
3.073  	 -0.06333902668959053 
3.074  	 -0.06256204014127983 
3.075  	 -0.0617787974410896 
3.076  	 -0.06098937691263742 
3.077  	 -0.06019385749731856 
3.078  	 -0.05939231874641135 
3.079  	 -0.05858484081312237 
3.08  	 -0.05777150444457318 
3.081  	 -0.05695239097372229 
3.082  	 -0.05612758231123392 
3.083  	 -0.05529716093728724 
3.084  	 -0.05446120989332795 
3.085  	 -0.05361981277376322 
3.086  	 -0.05277305371760443 
3.087  	 -0.051921017400051 
3.088  	 -0.05106378902402491 
3.089  	 -0.05020145431164975 
3.09  	 -0.04933409949567783 
3.091  	 -0.04846181131086734 
3.092  	 -0.04758467698531108 
3.093  	 -0.04670278423171006 
3.094  	 -0.04581622123860474 
3.095  	 -0.04492507666155498 
3.096  	 -0.04402943961427713 
3.097  	 -0.04312939965972893 
3.098  	 -0.04222504680115581 
3.099  	 -0.04131647147308935 
3.1  	 -0.04040376453230651 
3.101  	 -0.03948701724874012 
3.102  	 -0.03856632129635428 
3.103  	 -0.03764176874397729 
3.104  	 -0.03671345204609427 
3.105  	 -0.03578146403360075 
3.106  	 -0.03484589790452199 
3.107  	 -0.0339068472146906 
3.108  	 -0.03296440586839335 
3.109  	 -0.03201866810897983 
3.11  	 -0.03106972850943756 
3.111  	 -0.03011768196293503 
3.112  	 -0.02916262367333486 
3.113  	 -0.02820464914566946 
3.114  	 -0.02724385417659295 
3.115  	 -0.02628033484480193 
3.116  	 -0.02531418750142696 
3.117  	 -0.02434550876039659 
3.118  	 -0.0233743954887784 
3.119  	 -0.02240094479708957 
3.12  	 -0.02142525402958842 
3.121  	 -0.02044742075453898 
3.122  	 -0.01946754275445356 
3.123  	 -0.01848571801631488 
3.124  	 -0.01750204472177998 
3.125  	 -0.0165166212373579 
3.126  	 -0.01552954610457589 
3.127  	 -0.01454091803012396 
3.128  	 -0.01355083587598711 
3.129  	 -0.01255939864955499 
3.13  	 -0.01156670549372405 
3.131  	 -0.01057285567698191 
3.132  	 -0.009577948583483473 
3.133  	 -0.008582083703108279 
3.134  	 -0.007585360621514135 
3.135  	 -0.00658787901017895 
3.136  	 -0.005589738616432985 
3.137  	 -0.004591039253483121 
3.138  	 -0.003591880790434116 
3.139  	 -0.002592363142298938 
3.14  	 -0.001592586260009825 
3.141  	 -0.0005926501204222167 
