0.001  	 0.001000158329166666 
0.002  	 0.002000233303887983 
0.003  	 0.003000124899442333 
0.004  	 0.003999733107781052 
0.005  	 0.004998957947531088 
0.006  	 0.005997699473995174 
0.007  	 0.006995857789148486 
0.008  	 0.007993333051630806 
0.009000000000000001  	 0.008990025486733187 
0.01  	 0.009985835396378113 
0.011  	 0.01098066316909216 
0.012  	 0.01197440928997017 
0.013  	 0.01296697435062992 
0.014  	 0.01395825905915633 
0.015  	 0.01494816425003413 
0.016  	 0.01593659089406814 
0.017  	 0.01692344010828998 
0.018  	 0.01790861316585041 
0.019  	 0.01889201150589617 
0.02  	 0.01987353674343036 
0.021  	 0.02085309067915549 
0.022  	 0.02183057530929803 
0.023  	 0.02280589283541357 
0.024  	 0.02377894567417169 
0.025  	 0.02474963646711941 
0.026  	 0.0257178680904223 
0.027  	 0.02668354366458232 
0.028  	 0.02764656656413143 
0.029  	 0.02860684042729982 
0.03  	 0.02956426916565808 
0.031  	 0.03051875697373207 
0.032  	 0.03147020833858975 
0.033  	 0.03241852804939881 
0.034  	 0.03336362120695437 
0.035  	 0.0343053932331755 
0.036  	 0.03524374988057 
0.037  	 0.03617859724166603 
0.038  	 0.03710984175841014 
0.039  	 0.03803739023153025 
0.04  	 0.03896114982986315 
0.041  	 0.03988102809964516 
0.042  	 0.04079693297376528 
0.043  	 0.04170877278097981 
0.044  	 0.04261645625508753 
0.045  	 0.0435198925440645 
0.046  	 0.04441899121915762 
0.047  	 0.045313662283936 
0.048  	 0.04620381618329924 
0.049  	 0.04708936381244168 
0.05  	 0.04797021652577185 
0.051  	 0.04884628614578607 
0.052  	 0.0497174849718954 
0.053  	 0.05058372578920501 
0.054  	 0.05144492187724522 
0.055  	 0.05230098701865309 
0.056  	 0.05315183550780397 
0.057  	 0.0539973821593919 
0.058  	 0.05483754231695821 
0.059  	 0.05567223186136729 
0.06  	 0.05650136721922884 
0.061  	 0.05732486537126556 
0.062  	 0.05814264386062571 
0.063  	 0.05895462080113943 
0.064  	 0.05976071488551819 
0.065  	 0.06056084539349643 
0.066  	 0.0613549321999147 
0.067  	 0.06214289578274335 
0.068  	 0.062924657231046 
0.06900000000000001  	 0.06370013825288215 
0.07000000000000001  	 0.06446926118314789 
0.07100000000000001  	 0.06523194899135409 
0.07200000000000001  	 0.0659881252893413 
0.073  	 0.0667377143389304 
0.074  	 0.06748064105950854 
0.075  	 0.06821683103554931 
0.076  	 0.06894621052406653 
0.077  	 0.06966870646200103 
0.078  	 0.07038424647353936 
0.079  	 0.07109275887736399 
0.08  	 0.07179417269383422 
0.081  	 0.07248841765209686 
0.082  	 0.07317542419712637 
0.083  	 0.07385512349669331 
0.08400000000000001  	 0.07452744744826073 
0.08500000000000001  	 0.07519232868580768 
0.08600000000000001  	 0.07584970058657914 
0.08700000000000001  	 0.07649949727776179 
0.08799999999999999  	 0.07714165364308476 
0.089  	 0.07777610532934498 
0.09  	 0.07840278875285621 
0.091  	 0.07902164110582124 
0.092  	 0.07963260036262662 
0.093  	 0.08023560528605922 
0.094  	 0.08083059543344409 
0.095  	 0.08141751116270293 
0.096  	 0.08199629363833261 
0.097  	 0.08256688483730304 
0.098  	 0.08312922755487401 
0.099  	 0.08368326541033015 
0.1  	 0.08422894285263371 
0.101  	 0.08476620516599431 
0.102  	 0.08529499847535534 
0.103  	 0.08581526975179633 
0.104  	 0.08632696681785083 
0.105  	 0.08683003835273911 
0.106  	 0.08732443389751539 
0.107  	 0.08781010386012887 
0.108  	 0.08828699952039822 
0.109  	 0.08875507303489885 
0.11  	 0.08921427744176269 
0.111  	 0.08966456666538976 
0.112  	 0.09010589552107127 
0.113  	 0.09053821971952369 
0.114  	 0.09096149587133326 
0.115  	 0.09137568149131062 
0.116  	 0.09178073500275512 
0.117  	 0.09217661574162829 
0.118  	 0.09256328396063608 
0.119  	 0.09294070083321952 
0.12  	 0.09330882845745335 
0.121  	 0.09366762985985222 
0.122  	 0.0940170689990841 
0.123  	 0.09435711076959054 
0.124  	 0.09468772100511338 
0.125  	 0.09500886648212761 
0.126  	 0.09532051492317989 
0.127  	 0.09562263500013266 
0.128  	 0.09591519633731323 
0.129  	 0.09619816951456775 
0.13  	 0.09647152607021961 
0.131  	 0.09673523850393199 
0.132  	 0.09698928027947447 
0.133  	 0.09723362582739302 
0.134  	 0.09746825054758355 
0.135  	 0.09769313081176849 
0.136  	 0.09790824396587612 
0.137  	 0.09811356833232265 
0.138  	 0.09830908321219659 
0.139  	 0.09849476888734522 
0.14  	 0.09867060662236318 
0.141  	 0.09883657866648263 
0.142  	 0.09899266825536503 
0.143  	 0.09913885961279428 
0.144  	 0.09927513795227112 
0.145  	 0.09940148947850845 
0.146  	 0.09951790138882764 
0.147  	 0.09962436187445554 
0.148  	 0.09972086012172215 
0.149  	 0.09980738631315872 
0.15  	 0.09988393162849624 
0.151  	 0.09995048824556428 
0.152  	 0.10000704934109 
0.153  	 0.1000536090913971 
0.154  	 0.1000901626730051 
0.155  	 0.1001167062631285 
0.156  	 0.1001332370400755 
0.157  	 0.1001397531835471 
0.158  	 0.1001362538748362 
0.159  	 0.1001227392969253 
0.16  	 0.1000992106344859 
0.161  	 0.1000656700737761 
0.162  	 0.1000221208024387 
0.163  	 0.09996856700919933 
0.164  	 0.099905013883464 
0.165  	 0.0998314676148168 
0.166  	 0.09974793539241758 
0.167  	 0.09965442540429954 
0.168  	 0.09955094683656696 
0.169  	 0.09943750987249307 
0.17  	 0.09931412569151823 
0.171  	 0.09918080646814841 
0.172  	 0.09903756537075407 
0.173  	 0.09888441656026982 
0.174  	 0.09872137518879452 
0.175  	 0.09854845739809243 
0.176  	 0.09836568031799527 
0.177  	 0.09817306206470541 
0.178  	 0.09797062173900049 
0.179  	 0.09775837942433935 
0.18  	 0.0975363561848698 
0.181  	 0.09730457406333828 
0.182  	 0.09706305607890146 
0.183  	 0.0968118262248403 
0.184  	 0.09655090946617657 
0.185  	 0.09628033173719215 
0.186  	 0.09600011993885135 
0.187  	 0.09571030193612654 
0.188  	 0.09541090655522722 
0.189  	 0.09510196358073304 
0.19  	 0.09478350375263084 
0.191  	 0.09445555876325604 
0.192  	 0.09411816125413883 
0.193  	 0.09377134481275534 
0.194  	 0.09341514396918411 
0.195  	 0.09304959419266826 
0.196  	 0.09267473188808362 
0.197  	 0.09229059439231337 
0.198  	 0.0918972199705292 
0.199  	 0.09149464781237972 
0.2  	 0.09108291802808627 
0.201  	 0.09066207164444663 
0.202  	 0.09023215060074695 
0.203  	 0.08979319774458239 
0.204  	 0.08934525682758682 
0.205  	 0.08888837250107205 
0.206  	 0.088422590311577 
0.207  	 0.08794795669632718 
0.208  	 0.08746451897860522 
0.209  	 0.08697232536303243 
0.21  	 0.08647142493076235 
0.211  	 0.08596186763458646 
0.212  	 0.08544370429395264 
0.213  	 0.08491698658989684 
0.214  	 0.08438176705988858 
0.215  	 0.08383809909259061 
0.216  	 0.08328603692253345 
0.217  	 0.08272563562470506 
0.218  	 0.08215695110905663 
0.219  	 0.08158004011492453 
0.22  	 0.08099496020536935 
0.221  	 0.08040176976143239 
0.222  	 0.07980052797631026 
0.223  	 0.07919129484944823 
0.224  	 0.0785741311805527 
0.225  	 0.07794909856352369 
0.226  	 0.07731625938030763 
0.227  	 0.07667567679467138 
0.228  	 0.07602741474589789 
0.229  	 0.07537153794240416 
0.23  	 0.0747081118552822 
0.231  	 0.07403720271176364 
0.232  	 0.07335887748860853 
0.233  	 0.07267320390541909 
0.234  	 0.07198025041787913 
0.235  	 0.07128008621091959 
0.236  	 0.07057278119181118 
0.237  	 0.06985840598318453 
0.238  	 0.06913703191597879 
0.239  	 0.06840873102231919 
0.24  	 0.06767357602832437 
0.241  	 0.06693164034684422 
0.242  	 0.06618299807012887 
0.243  	 0.0654277239624296 
0.244  	 0.06466589345253246 
0.245  	 0.06389758262622527 
0.246  	 0.06312286821869881 
0.247  	 0.06234182760688285 
0.248  	 0.06155453880171804 
0.249  	 0.06076108044036405 
0.25  	 0.05996153177834511 
0.251  	 0.0591559726816335 
0.252  	 0.05834448361867187 
0.253  	 0.05752714565233513 
0.254  	 0.05670404043183287 
0.255  	 0.05587525018455283 
0.256  	 0.05504085770784659 
0.257  	 0.05420094636075795 
0.258  	 0.05335560005569513 
0.259  	 0.05250490325004738 
0.26  	 0.05164894093774703 
0.261  	 0.05078779864077769 
0.262  	 0.04992156240062948 
0.263  	 0.0490503187697022 
0.264  	 0.04817415480265724 
0.265  	 0.04729315804771912 
0.266  	 0.04640741653792745 
0.267  	 0.04551701878234042 
0.268  	 0.04462205375719034 
0.269  	 0.04372261089699244 
0.27  	 0.04281878008560764 
0.271  	 0.04191065164726022 
0.272  	 0.04099831633751133 
0.273  	 0.04008186533418917 
0.274  	 0.03916139022827682 
0.275  	 0.03823698301475857 
0.276  	 0.03730873608342571 
0.277  	 0.03637674220964267 
0.278  	 0.03544109454507442 
0.279  	 0.03450188660837616 
0.28  	 0.03355921227584602 
0.281  	 0.03261316577204197 
0.282  	 0.03166384166036365 
0.283  	 0.03071133483360018 
0.284  	 0.02975574050444489 
0.285  	 0.02879715419597785 
0.286  	 0.02783567173211726 
0.287  	 0.02687138922804052 
0.288  	 0.02590440308057607 
0.289  	 0.02493480995856688 
0.29  	 0.02396270679320656 
0.291  	 0.02298819076834908 
0.292  	 0.02201135931079307 
0.293  	 0.02103231008054163 
0.294  	 0.0200511409610387 
0.295  	 0.01906795004938287 
0.296  	 0.01808283564651966 
0.297  	 0.01709589624741334 
0.298  	 0.01610723053119901 
0.299  	 0.01511693735131629 
0.3  	 0.01412511572562526 
0.301  	 0.01313186482650584 
0.302  	 0.01213728397094162 
0.303  	 0.01114147261058893 
0.304  	 0.01014453032183239 
0.305  	 0.009146556795827755 
0.306  	 0.008147651828533152 
0.307  	 0.007147915310729631 
0.308  	 0.006147447218032096 
0.309  	 0.005146347600891579 
0.31  	 0.004144716574589852 
0.311  	 0.003142654309227399 
0.312  	 0.002140261019705732 
0.313  	 0.001137636955705063 
0.314  	 0.000134882391658326 
0.315  	 -0.00086790238327744 
0.316  	 -0.001870617075251348 
0.317  	 -0.002873161395749559 
0.318  	 -0.003875435071625811 
0.319  	 -0.004877337855130574 
0.32  	 -0.005878769533937839 
0.321  	 -0.006879629941168529 
0.322  	 -0.007879818965409527 
0.323  	 -0.008879236560727328 
0.324  	 -0.009877782756675311 
0.325  	 -0.01087535766829362 
0.326  	 -0.01187186150610068 
0.327  	 -0.01286719458607529 
0.328  	 -0.0138612573396284 
0.329  	 -0.01485395032356344 
0.33  	 -0.01584517423002431 
0.331  	 -0.01683482989643 
0.332  	 -0.01782281831539486 
0.333  	 -0.01880904064463346 
0.334  	 -0.01979339821684915 
0.335  	 -0.02077579254960528 
0.336  	 -0.02175612535517806 
0.337  	 -0.02273429855039017 
0.338  	 -0.02371021426642402 
0.339  	 -0.02468377485861375 
0.34  	 -0.02565488291621499 
0.341  	 -0.02662344127215139 
0.342  	 -0.02758935301273689 
0.343  	 -0.02855252148737291 
0.344  	 -0.02951285031821925 
0.345  	 -0.03047024340983803 
0.346  	 -0.03142460495880939 
0.347  	 -0.03237583946331826 
0.348  	 -0.03332385173271109 
0.349  	 -0.03426854689702158 
0.35  	 -0.03520983041646453 
0.351  	 -0.03614760809089686 
0.352  	 -0.03708178606924474 
0.353  	 -0.038012270858896 
0.354  	 -0.03893896933505689 
0.355  	 -0.03986178875007211 
0.356  	 -0.04078063674270739 
0.357  	 -0.04169542134739348 
0.358  	 -0.04260605100343078 
0.359  	 -0.04351243456415359 
0.36  	 -0.04441448130605315 
0.361  	 -0.04531210093785848 
0.362  	 -0.04620520360957411 
0.363  	 -0.04709369992147391 
0.364  	 -0.04797750093304994 
0.365  	 -0.04885651817191559 
0.366  	 -0.04973066364266205 
0.367  	 -0.05059984983566714 
0.368  	 -0.05146398973585579 
0.369  	 -0.05232299683141118 
0.37  	 -0.05317678512243568 
0.371  	 -0.05402526912956071 
0.372  	 -0.05486836390250474 
0.373  	 -0.05570598502857849 
0.374  	 -0.05653804864113645 
0.375  	 -0.05736447142797405 
0.376  	 -0.0581851706396694 
0.377  	 -0.0590000640978689 
0.378  	 -0.05980907020351597 
0.379  	 -0.06061210794502186 
0.38  	 -0.0614090969063779 
0.381  	 -0.06219995727520828 
0.382  	 -0.06298460985076267 
0.383  	 -0.06376297605184769 
0.384  	 -0.06453497792469666 
0.385  	 -0.06530053815077662 
0.386  	 -0.06605958005453202 
0.387  	 -0.06681202761106424 
0.388  	 -0.06755780545374608 
0.389  	 -0.06829683888177064 
0.39  	 -0.06902905386763365 
0.391  	 -0.06975437706454865 
0.392  	 -0.07047273581379415 
0.393  	 -0.07118405815199216 
0.394  	 -0.07188827281831724 
0.395  	 -0.07258530926163541 
0.396  	 -0.07327509764757224 
0.397  	 -0.07395756886550936 
0.398  	 -0.07463265453550863 
0.399  	 -0.07530028701516346 
0.4  	 -0.07596039940637639 
0.401  	 -0.07661292556206234 
0.402  	 -0.07725780009277695 
0.403  	 -0.07789495837326918 
0.404  	 -0.07852433654895755 
0.405  	 -0.07914587154232949 
0.406  	 -0.07975950105926309 
0.407  	 -0.0803651635952705 
0.408  	 -0.08096279844166254 
0.409  	 -0.08155234569163382 
0.41  	 -0.08213374624626769 
0.411  	 -0.08270694182046061 
0.412  	 -0.08327187494876508 
0.413  	 -0.08382848899115082 
0.414  	 -0.08437672813868341 
0.415  	 -0.08491653741911991 
0.416  	 -0.08544786270242091 
0.417  	 -0.08597065070617849 
0.418  	 -0.08648484900095933 
0.419  	 -0.08699040601556285 
0.42  	 -0.0874872710421933 
0.421  	 -0.08797539424154587 
0.422  	 -0.08845472664780579 
0.423  	 -0.08892522017356036 
0.424  	 -0.08938682761462299 
0.425  	 -0.08983950265476917 
0.426  	 -0.09028319987038359 
0.427  	 -0.09071787473501813 
0.428  	 -0.09114348362386016 
0.429  	 -0.09155998381811072 
0.43  	 -0.09196733350927223 
0.431  	 -0.09236549180334518 
0.432  	 -0.09275441872493337 
0.433  	 -0.09313407522125745 
0.434  	 -0.09350442316607621 
0.435  	 -0.09386542536351519 
0.436  	 -0.09421704555180246 
0.437  	 -0.09455924840691086 
0.438  	 -0.09489199954610666 
0.439  	 -0.09521526553140407 
0.44  	 -0.09552901387292526 
0.441  	 -0.09583321303216576 
0.442  	 -0.09612783242516459 
0.443  	 -0.09641284242557914 
0.444  	 -0.09668821436766417 
0.445  	 -0.09695392054915487 
0.446  	 -0.09720993423405365 
0.447  	 -0.09745622965532018 
0.448  	 -0.09769278201746473 
0.449  	 -0.0979195674990443 
0.45  	 -0.09813656325506137 
0.451  	 -0.09834374741926503 
0.452  	 -0.09854109910635431 
0.453  	 -0.09872859841408334 
0.454  	 -0.09890622642526836 
0.455  	 -0.09907396520969611 
0.456  	 -0.09923179782593358 
0.457  	 -0.09937970832303895 
0.458  	 -0.09951768174217346 
0.459  	 -0.09964570411811399 
0.46  	 -0.09976376248066648 
0.461  	 -0.09987184485597969 
0.462  	 -0.09996994026775938 
0.463  	 -0.1000580387383828 
0.464  	 -0.1001361312899131 
0.465  	 -0.1002042099450142 
0.466  	 -0.1002622677277652 
0.467  	 -0.1003102986643747 
0.468  	 -0.1003482977837951 
0.469  	 -0.1003762611182363 
0.47  	 -0.1003941857035798 
0.471  	 -0.1004020695796912 
0.472  	 -0.1003999117906334 
0.473  	 -0.100387712384779 
0.474  	 -0.1003654724148218 
0.475  	 -0.1003331939376888 
0.476  	 -0.1002908800143509 
0.477  	 -0.1002385347095334 
0.478  	 -0.1001761630913266 
0.479  	 -0.1001037712306951 
0.48  	 -0.1000213662008879 
0.481  	 -0.09992895607674729 
0.482  	 -0.09982654993391796 
0.483  	 -0.09971415784795619 
0.484  	 -0.09959179089333865 
0.485  	 -0.09945946114237147 
0.486  	 -0.09931718166399947 
0.487  	 -0.09916496652251564 
0.488  	 -0.0990028307761711 
0.489  	 -0.09883079047568566 
0.49  	 -0.09864886266265897 
0.491  	 -0.09845706536788267 
0.492  	 -0.09825541760955346 
0.493  	 -0.09804393939138753 
0.494  	 -0.0978226517006362 
0.495  	 -0.09759157650600335 
0.496  	 -0.09735073675546452 
0.497  	 -0.0971001563739881 
0.498  	 -0.09683986026115872 
0.499  	 -0.09656987428870319 
0.5  	 -0.09629022529791909 
0.501  	 -0.09600094109700638 
0.502  	 -0.09570205045830231 
0.503  	 -0.09539358311541975 
0.504  	 -0.0950755697602894 
0.505  	 -0.09474804204010615 
0.506  	 -0.09441103255417969 
0.507  	 -0.09406457485069004 
0.508  	 -0.09370870342334793 
0.509  	 -0.0933434537079607 
0.51  	 -0.09296886207890387 
0.511  	 -0.09258496584549876 
0.512  	 -0.09219180324829657 
0.513  	 -0.09178941345526921 
0.514  	 -0.09137783655790743 
0.515  	 -0.09095711356722634 
0.516  	 -0.09052728640967904 
0.517  	 -0.09008839792297857 
0.518  	 -0.08964049185182868 
0.519  	 -0.08918361284356373 
0.52  	 -0.08871780644369835 
0.521  	 -0.08824311909138714 
0.522  	 -0.0877595981147949 
0.523  	 -0.08726729172637791 
0.524  	 -0.08676624901807664 
0.525  	 -0.08625651995642047 
0.526  	 -0.08573815537754481 
0.527  	 -0.0852112069821212 
0.528  	 -0.08467572733020082 
0.529  	 -0.08413176983597198 
0.53  	 -0.08357938876243215 
0.531  	 -0.08301863921597488 
0.532  	 -0.0824495771408924 
0.533  	 -0.08187225931379427 
0.534  	 -0.08128674333794267 
0.535  	 -0.08069308763750498 
0.536  	 -0.08009135145172411 
0.537  	 -0.07948159482900724 
0.538  	 -0.07886387862093351 
0.539  	 -0.0782382644761813 
0.54  	 -0.07760481483437567 
0.541  	 -0.0769635929198566 
0.542  	 -0.07631466273536863 
0.543  	 -0.07565808905567258 
0.544  	 -0.07499393742107986 
0.545  	 -0.07432227413091028 
0.546  	 -0.07364316623687359 
0.547  	 -0.07295668153637588 
0.548  	 -0.07226288856575119 
0.549  	 -0.07156185659341908 
0.55  	 -0.07085365561296894 
0.551  	 -0.07013835633617156 
0.552  	 -0.06941603018591887 
0.553  	 -0.06868674928909234 
0.554  	 -0.06795058646936089 
0.555  	 -0.06720761523990902 
0.556  	 -0.06645790979609578 
0.5570000000000001  	 -0.06570154500804547 
0.5580000000000001  	 -0.06493859641317065 
0.5590000000000001  	 -0.06416914020862841 
0.5600000000000001  	 -0.06339325324371034 
0.5610000000000001  	 -0.06261101301216737 
0.5620000000000001  	 -0.06182249764446982 
0.5630000000000001  	 -0.06102778590000379 
0.5640000000000001  	 -0.06022695715920446 
0.5650000000000001  	 -0.05942009141562709 
0.5660000000000001  	 -0.0586072692679567 
0.5670000000000001  	 -0.05778857191195694 
0.5680000000000001  	 -0.05696408113235927 
0.5690000000000001  	 -0.05613387929469291 
0.5700000000000001  	 -0.05529804933705676 
0.5710000000000001  	 -0.05445667476183377 
0.5720000000000001  	 -0.0536098396273488 
0.5730000000000001  	 -0.05275762853947074 
0.5740000000000001  	 -0.0519001266431597 
0.5750000000000001  	 -0.05103741961396017 
0.5760000000000001  	 -0.05016959364944094 
0.577  	 -0.04929673546058267 
0.578  	 -0.04841893226311403 
0.579  	 -0.04753627176879711 
0.58  	 -0.04664884217666315 
0.581  	 -0.04575673216419938 
0.582  	 -0.04486003087848781 
0.583  	 -0.04395882792729696 
0.584  	 -0.04305321337012736 
0.585  	 -0.04214327770921168 
0.586  	 -0.04122911188047046 
0.587  	 -0.04031080724442434 
0.588  	 -0.0393884555770636 
0.589  	 -0.03846214906067607 
0.59  	 -0.03753198027463418 
0.591  	 -0.03659804218614222 
0.592  	 -0.03566042814094459 
0.593  	 -0.03471923185399605 
0.594  	 -0.03377454740009493 
0.595  	 -0.03282646920448012 
0.596  	 -0.03187509203339295 
0.597  	 -0.03092051098460467 
0.598  	 -0.02996282147791078 
0.599  	 -0.02900211924559287 
0.6  	 -0.02803850032284906 
0.601  	 -0.02707206103819408 
0.602  	 -0.02610289800382971 
0.603  	 -0.02513110810598681 
0.604  	 -0.02415678849523972 
0.605  	 -0.02318003657679405 
0.606  	 -0.02220095000074891 
0.607  	 -0.02121962665233439 
0.608  	 -0.02023616464212544 
0.609  	 -0.01925066229623298 
0.61  	 -0.01826321814647337 
0.611  	 -0.01727393092051708 
0.612  	 -0.01628289953201761 
0.613  	 -0.0152902230707217 
0.614  	 -0.01429600079256165 
0.615  	 -0.01330033210973103 
0.616  	 -0.01230331658074438 
0.617  	 -0.01130505390048232 
0.618  	 -0.01030564389022269 
0.619  	 -0.00930518648765899 
0.62  	 -0.008303781736906931 
0.621  	 -0.007301529778500256 
0.622  	 -0.006298530839376681 
0.623  	 -0.005294885222855065 
0.624  	 -0.004290693298604761 
0.625  	 -0.003286055492608165 
0.626  	 -0.002281072277117473 
0.627  	 -0.001275844160606629 
0.628  	 -0.0002704716777194936 
0.629  	 0.0007349446207847742 
0.63  	 0.00174030417808812 
0.631  	 0.002745506441370762 
0.632  	 0.003750450871868138 
0.633  	 0.004755036954926603 
0.634  	 0.005759164210056889 
0.635  	 0.006762732200984317 
0.636  	 0.007765640545694749 
0.637  	 0.008767788926475284 
0.638  	 0.009769077099948691 
0.639  	 0.01076940490710057 
0.64  	 0.01176867228329826 
0.641  	 0.01276677926830044 
0.642  	 0.01376362601625648 
0.643  	 0.01475911280569453 
0.644  	 0.01575314004949731 
0.645  	 0.01674560830486464 
0.646  	 0.01773641828326169 
0.647  	 0.01872547086035199 
0.648  	 0.01971266708591418 
0.649  	 0.02069790819374148 
0.65  	 0.02168109561152296 
0.651  	 0.02266213097070555 
0.652  	 0.02364091611633587 
0.653  	 0.02461735311688082 
0.654  	 0.02559134427402603 
0.655  	 0.0265627921324511 
0.656  	 0.02753159948958077 
0.657  	 0.02849766940531087 
0.658  	 0.02946090521170831 
0.659  	 0.03042121052268388 
0.66  	 0.03137848924363713 
0.661  	 0.0323326455810722 
0.662  	 0.03328358405218369 
0.663  	 0.03423120949441164 
0.664  	 0.03517542707496464 
0.665  	 0.03611614230031013 
0.666  	 0.03705326102563086 
0.667  	 0.03798668946424669 
0.668  	 0.03891633419700077 
0.669  	 0.03984210218160898 
0.67  	 0.04076390076197195 
0.671  	 0.04168163767744861 
0.672  	 0.04259522107209026 
0.673  	 0.04350455950383439 
0.674  	 0.04440956195365724 
0.675  	 0.04531013783468417 
0.676  	 0.04620619700125703 
0.677  	 0.04709764975795748 
0.678  	 0.04798440686858546 
0.679  	 0.04886637956509189 
0.68  	 0.04974347955646469 
0.681  	 0.05061561903756723 
0.6820000000000001  	 0.05148271069792831 
0.6830000000000001  	 0.05234466773048288 
0.6840000000000001  	 0.05320140384026251 
0.6850000000000001  	 0.05405283325303474 
0.6860000000000001  	 0.05489887072389062 
0.6870000000000001  	 0.05573943154577932 
0.6880000000000001  	 0.05657443155798916 
0.6890000000000001  	 0.05740378715457414 
0.6900000000000001  	 0.05822741529272508 
0.6910000000000001  	 0.05904523350108466 
0.6920000000000001  	 0.05985715988800529 
0.6930000000000001  	 0.06066311314974937 
0.6940000000000001  	 0.06146301257863063 
0.6950000000000001  	 0.06225677807109619 
0.6960000000000001  	 0.06304433013574826 
0.6970000000000001  	 0.06382558990130467 
0.6980000000000001  	 0.06460047912449769 
0.6990000000000001  	 0.06536892019791 
0.7000000000000001  	 0.06613083615774729 
0.7010000000000001  	 0.06688615069154653 
0.7020000000000001  	 0.06763478814581941 
0.7030000000000001  	 0.06837667353362976 
0.704  	 0.06911173254210461 
0.705  	 0.06983989153987782 
0.706  	 0.07056107758446585 
0.707  	 0.07127521842957457 
0.708  	 0.07198224253233668 
0.709  	 0.07268207906047883 
0.71  	 0.07337465789941784 
0.711  	 0.07405990965928526 
0.712  	 0.07473776568187947 
0.713  	 0.07540815804754483 
0.714  	 0.07607101958197707 
0.715  	 0.07672628386295414 
0.716  	 0.07737388522699208 
0.717  	 0.07801375877592502 
0.718  	 0.07864584038340884 
0.719  	 0.07927006670134762 
0.72  	 0.07988637516624247 
0.721  	 0.08049470400546198 
0.722  	 0.08109499224343357 
0.723  	 0.08168717970775538 
0.724  	 0.08227120703522782 
0.725  	 0.08284701567780432 
0.726  	 0.08341454790846067 
0.727  	 0.08397374682698232 
0.728  	 0.08452455636566908 
0.729  	 0.08506692129495667 
0.73  	 0.08560078722895455 
0.731  	 0.08612610063089936 
0.732  	 0.08664280881852369 
0.733  	 0.08715085996933937 
0.734  	 0.08765020312583481 
0.735  	 0.08814078820058607 
0.736  	 0.08862256598128085 
0.737  	 0.0890954881356551 
0.738  	 0.08955950721634172 
0.739  	 0.09001457666563074 
0.74  	 0.09046065082014075 
0.741  	 0.09089768491540076 
0.742  	 0.09132563509034246 
0.743  	 0.09174445839170201 
0.744  	 0.0921541127783312 
0.745  	 0.09255455712541746 
0.746  	 0.09294575122861228 
0.747  	 0.09332765580806754 
0.748  	 0.09370023251237967 
0.749  	 0.09406344392244077 
0.75  	 0.09441725355519673 
0.751  	 0.09476162586731164 
0.752  	 0.09509652625873846 
0.753  	 0.09542192107619521 
0.754  	 0.09573777761654667 
0.755  	 0.09604406413009105 
0.756  	 0.09634074982375132 
0.757  	 0.09662780486417101 
0.758  	 0.096905200380714 
0.759  	 0.09717290846836807 
0.76  	 0.09743090219055199 
0.761  	 0.09767915558182572 
0.762  	 0.09791764365050355 
0.763  	 0.09814634238116995 
0.764  	 0.09836522873709773 
0.765  	 0.09857428066256838 
0.766  	 0.0987734770850944 
0.767  	 0.09896279791754325 
0.768  	 0.09914222406016282 
0.769  	 0.09931173740250815 
0.77  	 0.09947132082526929 
0.771  	 0.09962095820199998 
0.772  	 0.09976063440074717 
0.773  	 0.099890335285581 
0.774  	 0.1000100477180252 
0.775  	 0.1001197595583879 
0.776  	 0.1002194596669922 
0.777  	 0.1003091379053073 
0.778  	 0.1003887851369789 
0.779  	 0.10045839322876 
0.78  	 0.1005179550513408 
0.781  	 0.1005674644800787 
0.782  	 0.1006069163956274 
0.783  	 0.1006363066844658 
0.784  	 0.1006556322393264 
0.785  	 0.1006648909595225 
0.786  	 0.100664081751175 
0.787  	 0.1006532045273392 
0.788  	 0.1006322602080298 
0.789  	 0.1006012507201456 
0.79  	 0.1005601789972938 
0.791  	 0.1005090489795137 
0.792  	 0.1004478656128984 
0.793  	 0.1003766348491181 
0.794  	 0.1002953636448408 
0.795  	 0.1002040599610535 
0.796  	 0.1001027327622828 
0.797  	 0.09999139201571489 
0.798  	 0.09987004869021565 
0.799  	 0.09973871475525001 
0.8  	 0.09959740317970162 
0.801  	 0.09944612793059243 
0.802  	 0.09928490397170241 
0.803  	 0.09911374726208952 
0.804  	 0.09893267475451019 
0.805  	 0.0987417043937403 
0.806  	 0.09854085511479702 
0.8070000000000001  	 0.09833014684106142 
0.8080000000000001  	 0.09810960048230244 
0.8090000000000001  	 0.09787923793260189 
0.8100000000000001  	 0.09763908206818121 
0.8110000000000001  	 0.0973891567451298 
0.8120000000000001  	 0.09712948679703537 
0.8130000000000001  	 0.09686009803251656 
0.8140000000000001  	 0.09658101723265787 
0.8150000000000001  	 0.09629227214834732 
0.8160000000000001  	 0.09599389149751715 
0.8170000000000001  	 0.09568590496228767 
0.8180000000000001  	 0.09536834318601464 
0.8190000000000001  	 0.09504123777024052 
0.8200000000000001  	 0.09470462127154977 
0.8210000000000001  	 0.09435852719832856 
0.8220000000000001  	 0.09400299000742934 
0.8230000000000001  	 0.09363804510074041 
0.8240000000000001  	 0.09326372882166087 
0.8250000000000001  	 0.09288007845148147 
0.8260000000000001  	 0.09248713220567152 
0.8270000000000001  	 0.09208492923007229 
0.8280000000000001  	 0.09167350959699733 
0.8290000000000001  	 0.09125291430124005 
0.8300000000000001  	 0.09082318525598901 
0.8310000000000001  	 0.09038436528865117 
0.8320000000000001  	 0.08993649813658379 
0.833  	 0.08947962844273516 
0.834  	 0.08901380175119467 
0.835  	 0.08853906450265273 
0.836  	 0.08805546402977092 
0.837  	 0.08756304855246283 
0.838  	 0.0870618671730861 
0.839  	 0.08655196987154615 
0.84  	 0.08603340750031199 
0.841  	 0.08550623177934476 
0.842  	 0.08497049529093932 
0.843  	 0.08442625147447964 
0.844  	 0.08387355462110828 
0.845  	 0.08331245986831057 
0.846  	 0.08274302319441415 
0.847  	 0.08216530141300431 
0.848  	 0.08157935216725555 
0.849  	 0.08098523392418029 
0.85  	 0.08038300596879491 
0.851  	 0.079772728398204 
0.852  	 0.07915446211560317 
0.853  	 0.07852826882420132 
0.854  	 0.07789421102106255 
0.855  	 0.0772523519908688 
0.856  	 0.07660275579960348 
0.857  	 0.07594548728815687 
0.858  	 0.07528061206585393 
0.859  	 0.07460819650390518 
0.86  	 0.07392830772878119 
0.861  	 0.07324101361551147 
0.862  	 0.07254638278090839 
0.863  	 0.07184448457671676 
0.864  	 0.07113538908268983 
0.865  	 0.07041916709959237 
0.866  	 0.06969589014213141 
0.867  	 0.06896563043181564 
0.868  	 0.06822846088974384 
0.869  	 0.0674844551293233 
0.87  	 0.06673368744891885 
0.871  	 0.06597623282443328 
0.872  	 0.06521216690181987 
0.873  	 0.06444156598952773 
0.874  	 0.06366450705088082 
0.875  	 0.06288106769639135 
0.876  	 0.0620913261760082 
0.877  	 0.06129536137130147 
0.878  	 0.0604932527875835 
0.879  	 0.05968508054596753 
0.88  	 0.05887092537536461 
0.881  	 0.0580508686044195 
0.882  	 0.05722499215338659 
0.883  	 0.05639337852594638 
0.884  	 0.05555611080096359 
0.885  	 0.05471327262418748 
0.886  	 0.05386494819989549 
0.887  	 0.05301122228248072 
0.888  	 0.05215218016798436 
0.889  	 0.05128790768557375 
0.89  	 0.050418491188967 
0.891  	 0.04954401754780501 
0.892  	 0.04866457413897168 
0.893  	 0.04778024883786339 
0.894  	 0.0468911300096083 
0.895  	 0.04599730650023664 
0.896  	 0.04509886762780269 
0.897  	 0.04419590317345949 
0.898  	 0.04328850337248696 
0.899  	 0.04237675890527456 
0.9  	 0.04146076088825922 
0.901  	 0.0405406008648195 
0.902  	 0.03961637079612697 
0.903  	 0.0386881630519556 
0.904  	 0.03775607040145006 
0.905  	 0.03682018600385411 
0.906  	 0.0358806033991996 
0.907  	 0.03493741649895741 
0.908  	 0.03399071957665096 
0.909  	 0.03304060725843343 
0.91  	 0.03208717451362953 
0.911  	 0.03113051664524276 
0.912  	 0.03017072928042917 
0.913  	 0.02920790836093859 
0.914  	 0.02824215013352408 
0.915  	 0.02727355114032091 
0.916  	 0.02630220820919571 
0.917  	 0.02532821844406687 
0.918  	 0.02435167921519731 
0.919  	 0.02337268814946026 
0.92  	 0.02239134312057936 
0.921  	 0.02140774223934383 
0.922  	 0.02042198384379981 
0.923  	 0.01943416648941876 
0.924  	 0.01844438893924401 
0.925  	 0.01745275015401634 
0.926  	 0.01645934928227961 
0.927  	 0.01546428565046753 
0.928  	 0.01446765875297233 
0.929  	 0.0134695682421966 
0.93  	 0.01247011391858912 
0.931  	 0.01146939572066564 
0.9320000000000001  	 0.01046751371501581 
0.9330000000000001  	 0.00946456808629704 
0.9340000000000001  	 0.008460659127216419 
0.9350000000000001  	 0.007455887228501671 
0.9360000000000001  	 0.006450352868862121 
0.9370000000000001  	 0.005444156604940693 
0.9380000000000001  	 0.004437399061257965 
0.9390000000000001  	 0.003430180920149246 
0.9400000000000001  	 0.002422602911695717 
0.9410000000000001  	 0.001414765803650626 
0.9420000000000001  	 0.0004067703913615398 
0.9430000000000001  	 -0.0006012825123103227 
0.9440000000000001  	 -0.001609292087072682 
0.9450000000000001  	 -0.002617157515285697 
0.9460000000000001  	 -0.003624777992045376 
0.9470000000000001  	 -0.004632052735265866 
0.9480000000000001  	 -0.005638880995759647 
0.9490000000000001  	 -0.006645162067314589 
0.9500000000000001  	 -0.007650795296766884 
0.9510000000000001  	 -0.008655680094068844 
0.9520000000000001  	 -0.009659715942350546 
0.9530000000000001  	 -0.01066280240797434 
0.9540000000000001  	 -0.01166483915058117 
0.9550000000000001  	 -0.01266572593312779 
0.9560000000000001  	 -0.01366536263191374 
0.9570000000000001  	 -0.01466364924659721 
0.9580000000000001  	 -0.01566048591019871 
0.9590000000000001  	 -0.0166557728990916 
0.96  	 -0.01764941064297835 
0.961  	 -0.0186412997348518 
0.962  	 -0.01963134094094007 
0.963  	 -0.02061943521063446 
0.964  	 -0.02160548368639909 
0.965  	 -0.02258938771366145 
0.966  	 -0.02357104885068284 
0.967  	 -0.0245503688784076 
0.968  	 -0.02552724981029031 
0.969  	 -0.02650159390209985 
0.97  	 -0.02747330366169946 
0.971  	 -0.02844228185880165 
0.972  	 -0.02940843153469716 
0.973  	 -0.03037165601195688 
0.974  	 -0.03133185890410584 
0.975  	 -0.0322889441252682 
0.976  	 -0.0332428158997824 
0.977  	 -0.03419337877178539 
0.978  	 -0.0351405376147651 
0.979  	 -0.03608419764108004 
0.98  	 -0.03702426441144525 
0.981  	 -0.03796064384438353 
0.982  	 -0.03889324222564101 
0.983  	 -0.03982196621756622 
0.984  	 -0.04074672286845162 
0.985  	 -0.04166741962183662 
0.986  	 -0.04258396432577136 
0.987  	 -0.04349626524204003 
0.988  	 -0.04440423105534312 
0.989  	 -0.04530777088243738 
0.99  	 -0.04620679428123283 
0.991  	 -0.04710121125984575 
0.992  	 -0.04799093228560679 
0.993  	 -0.04887586829402331 
0.994  	 -0.04975593069769506 
0.995  	 -0.05063103139518227 
0.996  	 -0.05150108277982529 
0.997  	 -0.0523659977485149 
0.998  	 -0.05322568971041239 
0.999  	 -0.05408007259561855 
1  	 -0.05492906086379074 
1.001  	 -0.05577256951270707 
1.002  	 -0.05661051408677696 
1.003  	 -0.05744281068549716 
1.004  	 -0.05826937597185235 
1.005  	 -0.0590901271806596 
1.006  	 -0.05990498212685573 
1.007  	 -0.06071385921372674 
1.008  	 -0.06151667744107864 
1.009  	 -0.06231335641334867 
1.01  	 -0.06310381634765622 
1.011  	 -0.0638879780817926 
1.012  	 -0.06466576308214886 
1.013  	 -0.06543709345158087 
1.014  	 -0.0662018919372109 
1.015  	 -0.06696008193816484 
1.016  	 -0.06771158751324441 
1.017  	 -0.06845633338853346 
1.018  	 -0.06919424496493769 
1.019  	 -0.06992524832565696 
1.02  	 -0.07064927024358957 
1.021  	 -0.07136623818866761 
1.022  	 -0.07207608033512271 
1.023  	 -0.07277872556868155 
1.024  	 -0.07347410349369021 
1.025  	 -0.07416214444016692 
1.026  	 -0.07484277947078215 
1.027  	 -0.07551594038776577 
1.028  	 -0.07618155973974015 
1.029  	 -0.07683957082847886 
1.03  	 -0.07748990771559008 
1.031  	 -0.07813250522912417 
1.032  	 -0.07876729897010466 
1.033  	 -0.07939422531898208 
1.034  	 -0.08001322144200988 
1.035  	 -0.08062422529754197 
1.036  	 -0.081227175642251 
1.037  	 -0.08182201203726702 
1.038  	 -0.08240867485423574 
1.039  	 -0.08298710528129577 
1.04  	 -0.08355724532897442 
1.041  	 -0.08411903783600123 
1.042  	 -0.08467242647503888 
1.043  	 -0.0852173557583306 
1.044  	 -0.08575377104326395 
1.045  	 -0.08628161853784999 
1.046  	 -0.08680084530611747 
1.047  	 -0.08731139927342159 
1.048  	 -0.08781322923166668 
1.049  	 -0.08830628484444218 
1.05  	 -0.08879051665207169 
1.051  	 -0.0892658760765743 
1.052  	 -0.08973231542653788 
1.053  	 -0.09018978790190375 
1.054  	 -0.09063824759866231 
1.055  	 -0.09107764951345904 
1.056  	 -0.09150794954811066 
1.057  	 -0.09192910451403069 
1.058  	 -0.09234107213656416 
1.059  	 -0.09274381105923098 
1.06  	 -0.09313728084787758 
1.061  	 -0.09352144199473632 
1.062  	 -0.09389625592239235 
1.063  	 -0.09426168498765748 
1.064  	 -0.09461769248535064 
1.065  	 -0.09496424265198466 
1.066  	 -0.09530130066935891 
1.067  	 -0.09562883266805733 
1.068  	 -0.09594680573085183 
1.069  	 -0.0962551878960104 
1.07  	 -0.09655394816050965 
1.071  	 -0.09684305648315167 
1.072  	 -0.09712248378758462 
1.073  	 -0.09739220196522692 
1.074  	 -0.09765218387809471 
1.075  	 -0.09790240336153223 
1.076  	 -0.09814283522684497 
1.077  	 -0.09837345526383517 
1.078  	 -0.09859424024323957 
1.079  	 -0.09880516791906903 
1.08  	 -0.09900621703084993 
1.081  	 -0.09919736730576692 
1.082  	 -0.09937859946070704 
1.083  	 -0.09954989520420482 
1.084  	 -0.09971123723828826 
1.085  	 -0.09986260926022546 
1.086  	 -0.1000039959641717 
1.087  	 -0.1001353830427171 
1.088  	 -0.1002567571883339 
1.089  	 -0.1003681060947243 
1.09  	 -0.1004694184580681 
1.091  	 -0.1005606839781695 
1.092  	 -0.1006418933595048 
1.093  	 -0.1007130383121679 
1.094  	 -0.1007741115527172 
1.095  	 -0.1008251068049199 
1.096  	 -0.1008660188003971 
1.097  	 -0.1008968432791675 
1.098  	 -0.10091757699009 
1.099  	 -0.1009282176912059 
1.1  	 -0.1009287641499798 
1.101  	 -0.1009192161434399 
1.102  	 -0.1008995744582172 
1.103  	 -0.1008698408904831 
1.104  	 -0.1008300182457873 
1.105  	 -0.1007801103387937 
1.106  	 -0.1007201219929156 
1.107  	 -0.1006500590398502 
1.108  	 -0.1005699283190124 
1.109  	 -0.100479737676867 
1.11  	 -0.1003794959661613 
1.111  	 -0.1002692130450562 
1.112  	 -0.1001488997761567 
1.113  	 -0.100018568025443 
1.114  	 -0.0998782306610996 
1.115  	 -0.09972790155224547 
1.116  	 -0.09956759556756349 
1.117  	 -0.09939732857383003 
1.118  	 -0.09921711743434464 
1.119  	 -0.09902698000726005 
1.12  	 -0.09882693514381274 
1.121  	 -0.09861700268645401 
1.122  	 -0.09839720346688195 
1.123  	 -0.09816755930397447 
1.124  	 -0.09792809300162351 
1.125  	 -0.09767882834647071 
1.126  	 -0.09741979010554475 
1.127  	 -0.09715100402380061 
1.128  	 -0.09687249682156102 
1.129  	 -0.09658429619186015 
1.13  	 -0.09628643079769024 
1.131  	 -0.0959789302691509 
1.132  	 -0.0956618252005018 
1.133  	 -0.09533514714711887 
1.134  	 -0.09499892862235421 
1.135  	 -0.09465320309430027 
1.136  	 -0.09429800498245845 
1.137  	 -0.09393336965431241 
1.138  	 -0.09355933342180663 
1.139  	 -0.09317593353773031 
1.14  	 -0.09278320819200728 
1.141  	 -0.09238119650789195 
1.142  	 -0.091969938538072 
1.143  	 -0.09154947526067793 
1.144  	 -0.09111984857520002 
1.145  	 -0.09068110129831311 
1.146  	 -0.09023327715960955 
1.147  	 -0.08977642079724074 
1.148  	 -0.08931057775346779 
1.149  	 -0.08883579447012163 
1.15  	 -0.0883521182839731 
1.151  	 -0.08785959742201344 
1.152  	 -0.08735828099664567 
1.153  	 -0.08684821900078735 
1.154  	 -0.08632946230288516 
1.155  	 -0.08580206264184186 
1.156  	 -0.08526607262185609 
1.157  	 -0.08472154570717558 
1.158  	 -0.08416853621676414 
1.159  	 -0.08360709931888323 
1.16  	 -0.08303729102558841 
1.161  	 -0.08245916818714126 
1.162  	 -0.08187278848633753 
1.163  	 -0.08127821043275173 
1.164  	 -0.08067549335689909 
1.165  	 -0.08006469740431527 
1.166  	 -0.07944588352955437 
1.167  	 -0.07881911349010606 
1.168  	 -0.07818444984023228 
1.169  	 -0.07754195592472399 
1.17  	 -0.07689169587257896 
1.171  	 -0.07623373459060094 
1.172  	 -0.07556813775692087 
1.173  	 -0.07489497181444089 
1.174  	 -0.07421430396420181 
1.175  	 -0.0735262021586745 
1.176  	 -0.07283073509497617 
1.177  	 -0.07212797220801195 
1.178  	 -0.07141798366354261 
1.179  	 -0.07070084035117907 
1.18  	 -0.06997661387730435 
1.181  	 -0.06924537655792379 
1.182  	 -0.06850720141144413 
1.183  	 -0.06776216215138221 
1.184  	 -0.06701033317900405 
1.185  	 -0.06625178957589502 
1.186  	 -0.06548660709646183 
1.187  	 -0.06471486216036709 
1.188  	 -0.06393663184489727 
1.189  	 -0.06315199387726469 
1.19  	 -0.0623610266268444 
1.191  	 -0.0615638090973467 
1.192  	 -0.06076042091892616 
1.193  	 -0.05995094234022769 
1.194  	 -0.05913545422037082 
1.195  	 -0.05831403802087258 
1.196  	 -0.05748677579751021 
1.197  	 -0.05665375019212412 
1.198  	 -0.05581504442436221 
1.199  	 -0.05497074228336617 
1.2  	 -0.0541209281194008 
1.201  	 -0.05326568683542698 
1.202  	 -0.05240510387861921 
1.203  	 -0.05153926523182867 
1.204  	 -0.05066825740499246 
1.205  	 -0.04979216742649008 
1.206  	 -0.04891108283444778 
1.207  	 -0.04802509166799193 
1.208  	 -0.04713428245845205 
1.209  	 -0.04623874422051445 
1.21  	 -0.04533856644332748 
1.211  	 -0.04443383908155901 
1.212  	 -0.04352465254640742 
1.213  	 -0.04261109769656654 
1.214  	 -0.04169326582914591 
1.215  	 -0.04077124867054687 
1.216  	 -0.03984513836729564 
1.217  	 -0.03891502747683422 
1.218  	 -0.03798100895827004 
1.219  	 -0.03704317616308524 
1.22  	 -0.03610162282580662 
1.221  	 -0.03515644305463711 
1.222  	 -0.03420773132204961 
1.223  	 -0.03325558245534442 
1.224  	 -0.03230009162717085 
1.225  	 -0.03134135434601425 
1.226  	 -0.03037946644664921 
1.227  	 -0.02941452408056007 
1.228  	 -0.02844662370632944 
1.229  	 -0.02747586207999603 
1.23  	 -0.02650233624538241 
1.231  	 -0.0255261435243939 
1.232  	 -0.02454738150728949 
1.233  	 -0.02356614804292576 
1.234  	 -0.0225825412289747 
1.235  	 -0.0215966594021166 
1.236  	 -0.02060860112820878 
1.237  	 -0.01961846519243126 
1.238  	 -0.01862635058941035 
1.239  	 -0.0176323565133211 
1.24  	 -0.01663658234796967 
1.241  	 -0.01563912765685648 
1.242  	 -0.01464009217322133 
1.243  	 -0.01363957579007133 
1.244  	 -0.01263767855019262 
1.245  	 -0.01163450063614709 
1.246  	 -0.01063014236025481 
1.247  	 -0.009624704154563372 
1.248  	 -0.008618286560805136 
1.249  	 -0.007610990220343255 
1.25  	 -0.006602915864107617 
1.251  	 -0.005594164302521656 
1.252  	 -0.004584836415421032 
1.253  	 -0.003575033141965213 
1.254  	 -0.002564855470542946 
1.255  	 -0.001554404428672643 
1.256  	 -0.000543781072898679 
1.257  	 0.0004669135213153741 
1.258  	 0.001477578269695583 
1.259  	 0.002488112089267532 
1.26  	 0.003498413908466243 
1.261  	 0.00450838267724512 
1.262  	 0.005517917377182918 
1.263  	 0.006526917031587707 
1.264  	 0.007535280715596837 
1.265  	 0.008542907566271889 
1.266  	 0.009549696792687594 
1.267  	 0.01055554768601373 
1.268  	 0.01156035962958894 
1.269  	 0.0125640321089856 
1.27  	 0.01356646472206445 
1.271  	 0.01456755718901837 
1.272  	 0.01556720936240394 
1.273  	 0.01656532123715996 
1.274  	 0.01756179296061198 
1.275  	 0.0185565248424616 
1.276  	 0.01954941736475987 
1.277  	 0.02054037119186348 
1.278  	 0.02152928718037296 
1.279  	 0.02251606638905179 
1.28  	 0.02350061008872545 
1.281  	 0.02448281977215947 
1.282  	 0.02546259716391537 
1.283  	 0.02643984423018366 
1.284  	 0.02741446318859278 
1.285  	 0.0283863565179931 
1.286  	 0.02935542696821489 
1.287  	 0.03032157756979947 
1.288  	 0.03128471164370229 
1.289  	 0.03224473281096728 
1.29  	 0.03320154500237121 
1.291  	 0.03415505246803736 
1.292  	 0.03510515978701728 
1.293  	 0.03605177187683997 
1.294  	 0.03699479400302717 
1.295  	 0.0379341317885742 
1.296  	 0.03886969122339509 
1.297  	 0.03980137867373115 
1.298  	 0.04072910089152218 
1.299  	 0.04165276502373911 
1.3  	 0.04257227862167741 
1.301  	 0.04348754965021015 
1.302  	 0.04439848649699986 
1.303  	 0.04530499798166827 
1.304  	 0.04620699336492302 
1.305  	 0.04710438235764031 
1.306  	 0.04799707512990282 
1.307  	 0.04888498231999177 
1.308  	 0.04976801504333226 
1.309  	 0.05064608490139116 
1.31  	 0.05151910399052641 
1.311  	 0.0523869849107871 
1.312  	 0.05324964077466314 
1.313  	 0.05410698521578405 
1.314  	 0.05495893239756557 
1.315  	 0.05580539702180354 
1.316  	 0.05664629433721406 
1.317  	 0.05748154014791906 
1.318  	 0.0583110508218765 
1.319  	 0.05913474329925427 
1.32  	 0.05995253510074706 
1.321  	 0.06076434433583528 
1.322  	 0.06157008971098519 
1.323  	 0.06236969053778953 
1.324  	 0.06316306674104771 
1.325  	 0.06395013886678484 
1.326  	 0.06473082809020872 
1.327  	 0.06550505622360407 
1.328  	 0.06627274572416318 
1.329  	 0.06703381970175215 
1.33  	 0.067788201926612 
1.331  	 0.06853581683699389 
1.332  	 0.06927658954672761 
1.333  	 0.07001044585272263 
1.334  	 0.07073731224240103 
1.335  	 0.07145711590106137 
1.336  	 0.07216978471917301 
1.337  	 0.07287524729959993 
1.338  	 0.07357343296475344 
1.339  	 0.07426427176367308 
1.34  	 0.07494769447903493 
1.341  	 0.07562363263408671 
1.342  	 0.07629201849950881 
1.343  	 0.07695278510020082 
1.344  	 0.07760586622199264 
1.345  	 0.07825119641827968 
1.346  	 0.07888871101658132 
1.347  	 0.07951834612502207 
1.348  	 0.08014003863873483 
1.349  	 0.08075372624618549 
1.35  	 0.08135934743541827 
1.351  	 0.08195684150022127 
1.352  	 0.08254614854621142 
1.353  	 0.08312720949683849 
1.354  	 0.08369996609930723 
1.355  	 0.08426436093041736 
1.356  	 0.08482033740232063 
1.357  	 0.08536783976819441 
1.358  	 0.0859068131278313 
1.359  	 0.08643720343314411 
1.36  	 0.08695895749358576 
1.361  	 0.08747202298148346 
1.362  	 0.0879763484372867 
1.363  	 0.0884718832747285 
1.364  	 0.08895857778589938 
1.365  	 0.08943638314623362 
1.366  	 0.08990525141940718 
1.367  	 0.09036513556214693 
1.368  	 0.09081598942895057 
1.369  	 0.09125776777671696 
1.37  	 0.09169042626928613 
1.371  	 0.09211392148188872 
1.372  	 0.09252821090550439 
1.373  	 0.0929332529511286 
1.374  	 0.09332900695394758 
1.375  	 0.0937154331774208 
1.376  	 0.09409249281727078 
1.377  	 0.09446014800537963 
1.378  	 0.09481836181359216 
1.379  	 0.09516709825742482 
1.38  	 0.09550632229968059 
1.381  	 0.09583599985396896 
1.382  	 0.09615609778813097 
1.383  	 0.09646658392756892 
1.384  	 0.09676742705848025 
1.385  	 0.09705859693099546 
1.386  	 0.09734006426221962 
1.387  	 0.09761180073917732 
1.388  	 0.09787377902166049 
1.389  	 0.09812597274497914 
1.39  	 0.0983683565226145 
1.391  	 0.09860090594877437 
1.392  	 0.09882359760085047 
1.393  	 0.09903640904177742 
1.394  	 0.09923931882229327 
1.395  	 0.09943230648310124 
1.396  	 0.09961535255693243 
1.397  	 0.09978843857050949 
1.398  	 0.09995154704641071 
1.399  	 0.1001046615048347 
1.4  	 0.1002477664652653 
1.401  	 0.1003808474480365 
1.402  	 0.1005038909757973 
1.403  	 0.1006168845748763 
1.404  	 0.1007198167765462 
1.405  	 0.1008126771181876 
1.406  	 0.1008954561443519 
1.407  	 0.1009681454077241 
1.408  	 0.1010307374699845 
1.409  	 0.1010832259025692 
1.41  	 0.10112560528733 
1.411  	 0.1011578712170933 
1.412  	 0.1011800202961176 
1.413  	 0.1011920501404501 
1.414  	 0.1011939593781818 
1.415  	 0.1011857476496019 
1.416  	 0.1011674156072503 
1.417  	 0.1011389649158695 
1.418  	 0.1011003982522549 
1.419  	 0.1010517193050037 
1.42  	 0.1009929327741635 
1.421  	 0.1009240443707782 
1.422  	 0.1008450608163344 
1.423  	 0.1007559898421057 
1.424  	 0.1006568401883963 
1.425  	 0.1005476216036835 
1.426  	 0.1004283448436599 
1.427  	 0.1002990216701742 
1.428  	 0.1001596648500714 
1.429  	 0.1000102881539333 
1.43  	 0.09985090635471712 
1.431  	 0.09968153522629553 
1.432  	 0.09950219154189506 
1.433  	 0.09931289307243552 
1.434  	 0.09911365858476913 
1.435  	 0.09890450783982019 
1.436  	 0.09868546159062523 
1.437  	 0.09845654158027393 
1.438  	 0.09821777053975099 
1.439  	 0.0979691721856791 
1.44  	 0.09771077121796341 
1.441  	 0.09744259331733746 
1.442  	 0.09716466514281109 
1.443  	 0.09687701432902047 
1.444  	 0.09657966948348042 
1.445  	 0.09627266018373942 
1.446  	 0.09595601697443761 
1.447  	 0.09562977136426791 
1.448  	 0.09529395582284078 
1.449  	 0.09494860377745273 
1.45  	 0.09459374960975905 
1.451  	 0.09422942865235101 
1.452  	 0.09385567718523789 
1.453  	 0.09347253243223422 
1.454  	 0.09308003255725252 
1.455  	 0.09267821666050199 
1.456  	 0.09226712477459352 
1.457  	 0.09184679786055129 
1.458  	 0.0914172778037315 
1.459  	 0.09097860740964865 
1.46  	 0.09053083039970956 
1.461  	 0.0900739914068559 
1.462  	 0.0896081359711153 
1.463  	 0.08913331053506185 
1.464  	 0.08864956243918606 
1.465  	 0.0881569399171751 
1.466  	 0.08765549209110354 
1.467  	 0.08714526896653517 
1.468  	 0.08662632142753639 
1.469  	 0.08609870123160165 
1.47  	 0.08556246100449147 
1.471  	 0.08501765423498342 
1.472  	 0.08446433526953691 
1.473  	 0.08390255930687188 
1.474  	 0.08333238239246234 
1.475  	 0.082753861412945 
1.476  	 0.08216705409044375 
1.477  	 0.08157201897681049 
1.478  	 0.08096881544778281 
1.479  	 0.08035750369705925 
1.48  	 0.07973814473029261 
1.481  	 0.07911080035900193 
1.482  	 0.07847553319440384 
1.483  	 0.07783240664116373 
1.484  	 0.07718148489106755 
1.485  	 0.07652283291661474 
1.486  	 0.07585651646453295 
1.487  	 0.07518260204921526 
1.488  	 0.07450115694608044 
1.489  	 0.07381224918485707 
1.49  	 0.0731159475427921 
1.491  	 0.07241232153778443 
1.492  	 0.07170144142144441 
1.493  	 0.07098337817207979 
1.494  	 0.07025820348760892 
1.495  	 0.06952598977840173 
1.496  	 0.06878681016004953 
1.497  	 0.06804073844606401 
1.498  	 0.06728784914050633 
1.499  	 0.06652821743054707 
1.5  	 0.06576191917895777 
1.501  	 0.0649890309165346 
1.502  	 0.06420962983445533 
1.503  	 0.0634237937765699 
1.504  	 0.06263160123162574 
1.505  	 0.06183313132542841 
1.506  	 0.06102846381293837 
1.507  	 0.0602176790703047 
1.508  	 0.05940085808683662 
1.509  	 0.05857808245691343 
1.51  	 0.05774943437183393 
1.511  	 0.05691499661160594 
1.512  	 0.05607485253667675 
1.513  	 0.05522908607960547 
1.514  	 0.05437778173667801 
1.515  	 0.05352102455946547 
1.516  	 0.05265890014632692 
1.517  	 0.05179149463385732 
1.518  	 0.05091889468828146 
1.519  	 0.05004118749679481 
1.52  	 0.04915846075885212 
1.521  	 0.0482708026774046 
1.522  	 0.04737830195008663 
1.523  	 0.04648104776035286 
1.524  	 0.04557912976856653 
1.525  	 0.04467263810303999 
1.526  	 0.04376166335102823 
1.527  	 0.04284629654967635 
1.528  	 0.04192662917692194 
1.529  	 0.04100275314235321 
1.53  	 0.0400747607780237 
1.531  	 0.03914274482922472 
1.532  	 0.03820679844521623 
1.533  	 0.03726701516991712 
1.534  	 0.03632348893255603 
1.535  	 0.03537631403828325 
1.536  	 0.03442558515874505 
1.537  	 0.03347139732262112 
1.538  	 0.0325138459061261 
1.539  	 0.03155302662347632 
1.54  	 0.03058903551732244 
1.541  	 0.02962196894914916 
1.542  	 0.02865192358964288 
1.543  	 0.02767899640902822 
1.544  	 0.02670328466737449 
1.545  	 0.02572488590487295 
1.546  	 0.02474389793208595 
1.547  	 0.02376041882016881 
1.548  	 0.02277454689106548 
1.549  	 0.02178638070767902 
1.55  	 0.02079601906401771 
1.551  	 0.01980356097531799 
1.552  	 0.01880910566814504 
1.553  	 0.01781275257047204 
1.554  	 0.01681460130173921 
1.555  	 0.01581475166289346 
1.556  	 0.01481330362640973 
1.557  	 0.01381035732629504 
1.558  	 0.01280601304807618 
1.559  	 0.01180037121877212 
1.56  	 0.01079353239685204 
1.561  	 0.009785597262180116 
1.562  	 0.008776666605947952 
1.563  	 0.007766841320595719 
1.564  	 0.006756222389723004 
1.565  	 0.005744910877990372 
1.566  	 0.00473300792101265 
1.567  	 0.003720614715244949 
1.568  	 0.00270783250786243 
1.569  	 0.001694762586634828 
1.57  	 0.00068150626979675 
1.571  	 -0.0003318351040852464 
1.572  	 -0.001345160186247773 
1.573  	 -0.002358367627866923 
1.574  	 -0.003371356090194759 
1.575  	 -0.004384024254694957 
1.576  	 -0.005396270833176602 
1.577  	 -0.006407994577925119 
1.578  	 -0.007419094291829321 
1.579  	 -0.008429468838503564 
1.58  	 -0.009439017152404005 
1.581  	 -0.01044763824893793 
1.582  	 -0.01145523123456517 
1.583  	 -0.01246169531689057 
1.584  	 -0.0134669298147465 
1.585  	 -0.01447083416826443 
1.586  	 -0.01547330794893453 
1.587  	 -0.01647425086965231 
1.588  	 -0.01747356279475127 
1.589  	 -0.01847114375002055 
1.59  	 -0.01946689393270667 
1.591  	 -0.02046071372149824 
1.592  	 -0.02145250368649265 
1.593  	 -0.02244216459914387 
1.594  	 -0.02342959744219023 
1.595  	 -0.0244147034195612 
1.596  	 -0.0253973839662623 
1.597  	 -0.02637754075823697 
1.598  	 -0.02735507572220459 
1.599  	 -0.0283298910454735 
1.6  	 -0.02930188918572819 
1.601  	 -0.03027097288078959 
1.602  	 -0.03123704515834748 
1.603  	 -0.03220000934566409 
1.604  	 -0.03315976907924792 
1.605  	 -0.03411622831449675 
1.606  	 -0.03506929133530894 
1.607  	 -0.03601886276366207 
1.608  	 -0.03696484756915783 
1.609  	 -0.03790715107853239 
1.61  	 -0.0388456789851312 
1.611  	 -0.03978033735834723 
1.612  	 -0.04071103265302181 
1.613  	 -0.04163767171880704 
1.614  	 -0.04256016180948888 
1.615  	 -0.04347841059227 
1.616  	 -0.04439232615701139 
1.617  	 -0.04530181702543191 
1.618  	 -0.04620679216026473 
1.619  	 -0.04710716097436986 
1.62  	 -0.04800283333980182 
1.621  	 -0.04889371959683152 
1.622  	 -0.04977973056292145 
1.623  	 -0.0506607775416533 
1.624  	 -0.05153677233160709 
1.625  	 -0.05240762723519102 
1.626  	 -0.05327325506742098 
1.627  	 -0.05413356916464898 
1.628  	 -0.05498848339323957 
1.629  	 -0.05583791215819343 
1.63  	 -0.0566817704117172 
1.631  	 -0.05751997366173871 
1.632  	 -0.05835243798036682 
1.633  	 -0.05917908001229492 
1.634  	 -0.05999981698314735 
1.635  	 -0.06081456670776782 
1.636  	 -0.06162324759844905 
1.637  	 -0.0624257786731028 
1.638  	 -0.06322207956336949 
1.639  	 -0.06401207052266647 
1.64  	 -0.06479567243417438 
1.641  	 -0.06557280681876054 
1.642  	 -0.06634339584283878 
1.643  	 -0.06710736232616475 
1.644  	 -0.06786462974956609 
1.645  	 -0.06861512226260655 
1.646  	 -0.06935876469118345 
1.647  	 -0.0700954825450575 
1.648  	 -0.07082520202531442 
1.649  	 -0.07154785003175754 
1.65  	 -0.0722633541702306 
1.651  	 -0.0729716427598701 
1.652  	 -0.07367264484028646 
1.653  	 -0.07436629017867313 
1.654  	 -0.07505250927684314 
1.655  	 -0.07573123337819225 
1.656  	 -0.07640239447458812 
1.657  	 -0.07706592531318462 
1.658  	 -0.07772175940316081 
1.659  	 -0.07836983102238375 
1.66  	 -0.0790100752239946 
1.661  	 -0.07964242784291725 
1.662  	 -0.08026682550228889 
1.663  	 -0.08088320561981183 
1.664  	 -0.08149150641402596 
1.665  	 -0.08209166691050125 
1.666  	 -0.08268362694794962 
1.667  	 -0.08326732718425554 
1.668  	 -0.08384270910242489 
1.669  	 -0.08440971501645131 
1.67  	 -0.08496828807709958 
1.671  	 -0.08551837227760541 
1.672  	 -0.08605991245929102 
1.673  	 -0.08659285431709608 
1.674  	 -0.08711714440502323 
1.675  	 -0.0876327301414979 
1.676  	 -0.08813955981464172 
1.677  	 -0.088637582587459 
1.678  	 -0.08912674850293587 
1.679  	 -0.08960700848905136 
1.68  	 -0.09007831436370023 
1.681  	 -0.09054061883952673 
1.682  	 -0.090993875528669 
1.683  	 -0.09143803894741363 
1.684  	 -0.09187306452075979 
1.685  	 -0.09229890858689258 
1.686  	 -0.09271552840156519 
1.687  	 -0.09312288214238923 
1.688  	 -0.09352092891303306 
1.689  	 -0.09390962874732744 
1.69  	 -0.0942889426132784 
1.691  	 -0.09465883241698653 
1.692  	 -0.09501926100647265 
1.693  	 -0.09537019217540935 
1.694  	 -0.09571159066675787 
1.695  	 -0.09604342217631029 
1.696  	 -0.0963656533561363 
1.697  	 -0.09667825181793452 
1.698  	 -0.09698118613628783 
1.699  	 -0.09727442585182246 
1.7  	 -0.09755794147427051 
1.701  	 -0.09783170448543561 
1.702  	 -0.09809568734206144 
1.703  	 -0.09834986347860265 
1.704  	 -0.09859420730989825 
1.705  	 -0.09882869423374681 
1.706  	 -0.09905330063338347 
1.707  	 -0.09926800387985844 
1.708  	 -0.09947278233431672 
1.709  	 -0.09966761535017883 
1.71  	 -0.09985248327522234 
1.711  	 -0.100027367453564 
1.712  	 -0.1001922502275421 
1.713  	 -0.1003471149394996 
1.714  	 -0.1004919459334662 
1.715  	 -0.1006267285567413 
1.716  	 -0.1007514491613762 
1.717  	 -0.1008660951055557 
1.718  	 -0.1009706547548795 
1.719  	 -0.1010651174835424 
1.72  	 -0.101149473675414 
1.721  	 -0.1012237147250171 
1.722  	 -0.1012878330384055 
1.723  	 -0.1013418220339403 
1.724  	 -0.1013856761429651 
1.725  	 -0.1014193908103795 
1.726  	 -0.101442962495112 
1.727  	 -0.1014563886704909 
1.728  	 -0.1014596678245141 
1.729  	 -0.1014527994600168 
1.73  	 -0.1014357840947385 
1.731  	 -0.1014086232612882 
1.732  	 -0.1013713195070079 
1.733  	 -0.1013238763937346 
1.734  	 -0.1012662984974612 
1.735  	 -0.1011985914078958 
1.736  	 -0.1011207617279191 
1.737  	 -0.1010328170729415 
1.738  	 -0.100934766070158 
1.739  	 -0.1008266183577021 
1.74  	 -0.100708384583699 
1.741  	 -0.1005800764052172 
1.742  	 -0.1004417064871195 
1.743  	 -0.1002932885008134 
1.744  	 -0.1001348371228999 
1.745  	 -0.09996636803372295 
1.746  	 -0.09978789791581781 
1.747  	 -0.09959944445225895 
1.748  	 -0.09940102632490838 
1.749  	 -0.09919266321256381 
1.75  	 -0.09897437578900702 
1.751  	 -0.09874618572095276 
1.752  	 -0.09850811566589832 
1.753  	 -0.09826018926987391 
1.754  	 -0.0980024311650942 
1.755  	 -0.09773486696751112 
1.756  	 -0.09745752327426827 
1.757  	 -0.09717042766105716 
1.758  	 -0.09687360867937551 
1.759  	 -0.09656709585368795 
1.76  	 -0.09625091967848924 
1.761  	 -0.09592511161527063 
1.762  	 -0.09558970408938927 
1.763  	 -0.09524473048684123 
1.764  	 -0.09489022515093841 
1.765  	 -0.09452622337888962 
1.766  	 -0.09415276141828621 
1.767  	 -0.09376987646349259 
1.768  	 -0.09337760665194197 
1.769  	 -0.09297599106033778 
1.77  	 -0.09256506970076099 
1.771  	 -0.09214488351668389 
1.772  	 -0.09171547437889063 
1.773  	 -0.09127688508130495 
1.774  	 -0.09082915933672547 
1.775  	 -0.09037234177246908 
1.776  	 -0.08990647792592273 
1.777  	 -0.08943161424000411 
1.778  	 -0.0889477980585318 
1.779  	 -0.08845507762150512 
1.78  	 -0.08795350206029427 
1.781  	 -0.08744312139274135 
1.782  	 -0.08692398651817253 
1.783  	 -0.086396149212322 
1.784  	 -0.08585966212216821 
1.785  	 -0.08531457876068287 
1.786  	 -0.08476095350149321 
1.787  	 -0.08419884157345814 
1.788  	 -0.08362829905515876 
1.789  	 -0.08304938286930375 
1.79  	 -0.0824621507770503 
1.791  	 -0.08186666137224102 
1.792  	 -0.08126297407555759 
1.793  	 -0.08065114912859145 
1.794  	 -0.08003124758783244 
1.795  	 -0.07940333131857572 
1.796  	 -0.0787674629887478 
1.797  	 -0.07812370606265212 
1.798  	 -0.07747212479463486 
1.799  	 -0.07681278422267171 
1.8  	 -0.07614575016187608 
1.801  	 -0.07547108919792953 
1.802  	 -0.07478886868043495 
1.803  	 -0.07409915671619334 
1.804  	 -0.07340202216240461 
1.805  	 -0.07269753461979334 
1.806  	 -0.07198576442565993 
1.807  	 -0.07126678264685814 
1.808  	 -0.07054066107269934 
1.809  	 -0.06980747220778456 
1.81  	 -0.0690672892647648 
1.811  	 -0.06832018615703037 
1.812  	 -0.06756623749133012 
1.813  	 -0.06680551856032109 
1.814  	 -0.06603810533504956 
1.815  	 -0.06526407445736396 
1.816  	 -0.06448350323226075 
1.817  	 -0.0636964696201637 
1.818  	 -0.06290305222913757 
1.819  	 -0.06210333030703681 
1.82  	 -0.06129738373359026 
1.821  	 -0.06048529301242239 
1.822  	 -0.05966713926301209 
1.823  	 -0.05884300421258971 
1.824  	 -0.05801297018797318 
1.825  	 -0.05717712010734398 
1.826  	 -0.05633553747196394 
1.827  	 -0.05548830635783345 
1.828  	 -0.05463551140729217 
1.829  	 -0.05377723782056284 
1.83  	 -0.05291357134723925 
1.831  	 -0.05204459827771908 
1.832  	 -0.0511704054345825 
1.833  	 -0.05029108016391742 
1.834  	 -0.04940671032659223 
1.835  	 -0.04851738428947688 
1.836  	 -0.04762319091661327 
1.837  	 -0.04672421956033571 
1.838  	 -0.0458205600523424 
1.839  	 -0.04491230269471887 
1.84  	 -0.04399953825091414 
1.841  	 -0.04308235793667066 
1.842  	 -0.04216085341090881 
1.843  	 -0.04123511676656699 
1.844  	 -0.04030524052139806 
1.845  	 -0.03937131760872319 
1.846  	 -0.03843344136814401 
1.847  	 -0.03749170553621393 
1.848  	 -0.03654620423706964 
1.849  	 -0.03559703197302361 
1.85  	 -0.03464428361511875 
1.851  	 -0.03368805439364587 
1.852  	 -0.03272843988862523 
1.853  	 -0.03176553602025275 
1.854  	 -0.03079943903931222 
1.855  	 -0.02983024551755418 
1.856  	 -0.02885805233804257 
1.857  	 -0.0278829566854701 
1.858  	 -0.02690505603644323 
1.859  	 -0.02592444814973788 
1.86  	 -0.02494123105652667 
1.861  	 -0.02395550305057884 
1.862  	 -0.02296736267843362 
1.863  	 -0.02197690872954833 
1.864  	 -0.02098424022642184 
1.865  	 -0.01998945641469466 
1.866  	 -0.01899265675322654 
1.867  	 -0.01799394090415257 
1.868  	 -0.01699340872291874 
1.869  	 -0.01599116024829808 
1.87  	 -0.01498729569238823 
1.871  	 -0.01398191543059154 
1.872  	 -0.01297511999157867 
1.873  	 -0.01196701004723668 
1.874  	 -0.01095768640260264 
1.875  	 -0.009947249985783731 
1.876  	 -0.00893580183786493 
1.877  	 -0.007923443102805147 
1.878  	 -0.006910275017322959 
1.879  	 -0.005896398900772879 
1.88  	 -0.004881916145013197 
1.881  	 -0.003866928204266395 
1.882  	 -0.002851536584973158 
1.883  	 -0.001835842835640998 
1.884  	 -0.0008199485366884893 
1.885  	 0.0001960447097138424 
1.886  	 0.001212035289804987 
1.887  	 0.00222792158839624 
1.888  	 0.003243601999034309 
1.889  	 0.004258974934163708 
1.89  	 0.005273938835287443 
1.891  	 0.00628839218312495 
1.892  	 0.007302233507766287 
1.893  	 0.008315361398821551 
1.894  	 0.009327674515564519 
1.895  	 0.01033907159706949 
1.896  	 0.01134945147234029 
1.897  	 0.01235871307043051 
1.898  	 0.01336675543055384 
1.899  	 0.01437347771218359 
1.9  	 0.01537877920514034 
1.901  	 0.01638255933966676 
1.902  	 0.01738471769648847 
1.903  	 0.01838515401686008 
1.904  	 0.01938376821259535 
1.905  	 0.02038046037608043 
1.906  	 0.02137513079026921 
1.907  	 0.02236767993865976 
1.908  	 0.02335800851525093 
1.909  	 0.02434601743447803 
1.91  	 0.02533160784112663 
1.911  	 0.02631468112022345 
1.912  	 0.02729513890690348 
1.913  	 0.02827288309625217 
1.914  	 0.0292478158531218 
1.915  	 0.03021983962192104 
1.916  	 0.03118885713637676 
1.917  	 0.03215477142926697 
1.918  	 0.03311748584212406 
1.919  	 0.03407690403490739 
1.92  	 0.03503292999564405 
1.921  	 0.03598546805003711 
1.922  	 0.03693442287104014 
1.923  	 0.03787969948839728 
1.924  	 0.03882120329814766 
1.925  	 0.03975884007209344 
1.926  	 0.04069251596723034 
1.927  	 0.04162213753513992 
1.928  	 0.0425476117313424 
1.929  	 0.04346884592460941 
1.93  	 0.04438574790623537 
1.931  	 0.04529822589926694 
1.932  	 0.04620618856768934 
1.933  	 0.04710954502556874 
1.934  	 0.04800820484614982 
1.935  	 0.04890207807090754 
1.936  	 0.04979107521855217 
1.937  	 0.05067510729398687 
1.938  	 0.05155408579721664 
1.939  	 0.05242792273220804 
1.94  	 0.05329653061569856 
1.941  	 0.05415982248595487 
1.942  	 0.0550177119114791 
1.943  	 0.05587011299966217 
1.944  	 0.05671694040538341 
1.945  	 0.05755810933955555 
1.946  	 0.05839353557761426 
1.947  	 0.0592231354679513 
1.948  	 0.06004682594029063 
1.949  	 0.06086452451400639 
1.95  	 0.06167614930638213 
1.951  	 0.06248161904081035 
1.952  	 0.06328085305493153 
1.953  	 0.0640737713087119 
1.954  	 0.06486029439245911 
1.955  	 0.06564034353477489 
1.956  	 0.06641384061044421 
1.957  	 0.06718070814825969 
1.958  	 0.06794086933878091 
1.959  	 0.06869424804202759 
1.96  	 0.06944076879510598 
1.961  	 0.07018035681976761 
1.962  	 0.07091293802989973 
1.963  	 0.07163843903894661 
1.964  	 0.07235678716726103 
1.965  	 0.07306791044938522 
1.966  	 0.07377173764126042 
1.967  	 0.07446819822736445 
1.968  	 0.0751572224277765 
1.969  	 0.07583874120516856 
1.97  	 0.07651268627172256 
1.971  	 0.07717899009597275 
1.972  	 0.07783758590957256 
1.973  	 0.07848840771398519 
1.974  	 0.07913139028709733 
1.975  	 0.07976646918975538 
1.976  	 0.08039358077222343 
1.977  	 0.0810126621805624 
1.978  	 0.08162365136292968 
1.979  	 0.08222648707579873 
1.98  	 0.08282110889009783 
1.981  	 0.08340745719726754 
1.982  	 0.08398547321523615 
1.983  	 0.08455509899431268 
1.984  	 0.08511627742299656 
1.985  	 0.08566895223370372 
1.986  	 0.08621306800840825 
1.987  	 0.08674857018419932 
1.988  	 0.08727540505875254 
1.989  	 0.08779351979571544 
1.99  	 0.08830286243000629 
1.991  	 0.08880338187302608 
1.992  	 0.08929502791778271 
1.993  	 0.08977775124392723 
1.994  	 0.09025150342270143 
1.995  	 0.09071623692179634 
1.996  	 0.09117190511012119 
1.997  	 0.09161846226248223 
1.998  	 0.09205586356417114 
1.999  	 0.09248406511546238 
2  	 0.09290302393601906 
2.001  	 0.09331269796920703 
2.002  	 0.09371304608631666 
2.003  	 0.09410402809069171 
2.004  	 0.0944856047217653 
2.005  	 0.09485773765900211 
2.006  	 0.09522038952574677 
2.007  	 0.0955735238929778 
2.008  	 0.09591710528296694 
2.009  	 0.09625109917284337 
2.01  	 0.09657547199806236 
2.011  	 0.09689019115577835 
2.012  	 0.09719522500812172 
2.013  	 0.09749054288537919 
2.014  	 0.0977761150890774 
2.015  	 0.09805191289496946 
2.016  	 0.09831790855592408 
2.017  	 0.09857407530471693 
2.018  	 0.09882038735672423 
2.019  	 0.09905681991251794 
2.02  	 0.09928334916036256 
2.021  	 0.09949995227861312 
2.022  	 0.09970660743801422 
2.023  	 0.0999032938038999 
2.024  	 0.1000899915382939 
2.025  	 0.1002666818019106 
2.026  	 0.1004333467560556 
2.027  	 0.1005899695644269 
2.028  	 0.1007365343948151 
2.029  	 0.1008730264207042 
2.03  	 0.1009994318227706 
2.031  	 0.1011157377902825 
2.032  	 0.1012219325223978 
2.033  	 0.1013180052293613 
2.034  	 0.1014039461336005 
2.035  	 0.1014797464707208 
2.036  	 0.1015453984903986 
2.037  	 0.1016008954571734 
2.038  	 0.1016462316511388 
2.039  	 0.1016814023685307 
2.04  	 0.1017064039222154 
2.041  	 0.1017212336420754 
2.042  	 0.1017258898752925 
2.043  	 0.1017203719865312 
2.044  	 0.1017046803580185 
2.045  	 0.1016788163895227 
2.046  	 0.1016427824982308 
2.047  	 0.1015965821185231 
2.048  	 0.1015402197016471 
2.049  	 0.1014737007152892 
2.05  	 0.1013970316430447 
2.051  	 0.1013102199837863 
2.052  	 0.1012132742509309 
2.053  	 0.1011062039716053 
2.054  	 0.1009890196857102 
2.055  	 0.1008617329448826 
2.056  	 0.1007243563113578 
2.057  	 0.1005769033567294 
2.058  	 0.1004193886606092 
2.059  	 0.1002518278091852 
2.06  	 0.1000742373936802 
2.061  	 0.09988663500870876 
2.062  	 0.09968903925053424 
2.063  	 0.0994814697152257 
2.064  	 0.09926394699671454 
2.065  	 0.09903649268475148 
2.066  	 0.09879912936276385 
2.067  	 0.0985518806056134 
2.068  	 0.09829477097725506 
2.069  	 0.09802782602829657 
2.07  	 0.09775107229345951 
2.071  	 0.09746453728894182 
2.072  	 0.09716824950968206 
2.073  	 0.09686223842652586 
2.074  	 0.09654653448329457 
2.075  	 0.09622116909375669 
2.076  	 0.0958861746385021 
2.077  	 0.09554158446171968 
2.078  	 0.09518743286787834 
2.079  	 0.09482375511831213 
2.08  	 0.09445058742770947 
2.081  	 0.09406796696050698 
2.082  	 0.09367593182718835 
2.083  	 0.09327452108048837 
2.084  	 0.09286377471150283 
2.085  	 0.09244373364570438 
2.086  	 0.09201443973886496 
2.087  	 0.09157593577288502 
2.088  	 0.0911282654515301 
2.089  	 0.09067147339607519 
2.09  	 0.09020560514085713 
2.091  	 0.08973070712873571 
2.092  	 0.08924682670646379 
2.093  	 0.08875401211996697 
2.094  	 0.08825231250953321 
2.095  	 0.08774177790491289 
2.096  	 0.08722245922032996 
2.097  	 0.08669440824940443 
2.098  	 0.0861576776599868 
2.099  	 0.08561232098890509 
2.1  	 0.08505839263662474 
2.101  	 0.08449594786182216 
2.102  	 0.08392504277587225 
2.103  	 0.08334573433725061 
2.104  	 0.08275808034585093 
2.105  	 0.08216213943721809 
2.106  	 0.08155797107669764 
2.107  	 0.08094563555350212 
2.108  	 0.08032519397469497 
2.109  	 0.07969670825909245 
2.11  	 0.07906024113108434 
2.111  	 0.07841585611437395 
2.112  	 0.07776361752563803 
2.113  	 0.07710359046810736 
2.114  	 0.07643584082506845 
2.115  	 0.07576043525328724 
2.116  	 0.07507744117635522 
2.117  	 0.0743869267779588 
2.118  	 0.07368896099507255 
2.119  	 0.07298361351107696 
2.12  	 0.07227095474880146 
2.121  	 0.07155105586349332 
2.122  	 0.07082398873571323 
2.123  	 0.07008982596415821 
2.124  	 0.06934864085841255 
2.125  	 0.06860050743162756 
2.126  	 0.06784550039313079 
2.127  	 0.06708369514096557 
2.128  	 0.06631516775436143 
2.129  	 0.06553999498613639 
2.13  	 0.06475825425503164 
2.131  	 0.0639700236379796 
2.132  	 0.06317538186230594 
2.133  	 0.06237440829786643 
2.134  	 0.06156718294911943 
2.135  	 0.06075378644713476 
2.136  	 0.05993430004153978 
2.137  	 0.05910880559240341 
2.138  	 0.05827738556205905 
2.139  	 0.05744012300686704 
2.14  	 0.05659710156891767 
2.141  	 0.05574840546767536 
2.142  	 0.05489411949156506 
2.143  	 0.05403432898950151 
2.144  	 0.05316911986236233 
2.145  	 0.05229857855440583 
2.146  	 0.05142279204463426 
2.147  	 0.05054184783810339 
2.148  	 0.0496558339571795 
2.149  	 0.04876483893274426 
2.15  	 0.04786895179534881 
2.151  	 0.04696826206631757 
2.152  	 0.04606285974880289 
2.153  	 0.04515283531879138 
2.154  	 0.0442382797160627 
2.155  	 0.04331928433510192 
2.156  	 0.04239594101596618 
2.157  	 0.04146834203510669 
2.158  	 0.04053658009614688 
2.159  	 0.0396007483206177 
2.16  	 0.03866094023865093 
2.161  	 0.03771724977963156 
2.162  	 0.03676977126280998 
2.163  	 0.03581859938787507 
2.164  	 0.03486382922548907 
2.165  	 0.0339055562077852 
2.166  	 0.03294387611882898 
2.167  	 0.03197888508504413 
2.168  	 0.03101067956560417 
2.169  	 0.0300393563427905 
2.17  	 0.02906501251231799 
2.171  	 0.02808774547362917 
2.172  	 0.02710765292015775 
2.173  	 0.02612483282956265 
2.174  	 0.02513938345393343 
2.175  	 0.02415140330996811 
2.176  	 0.02316099116912431 
2.177  	 0.02216824604774484 
2.178  	 0.02117326719715855 
2.179  	 0.02017615409375753 
2.18  	 0.01917700642905172 
2.181  	 0.01817592409970167 
2.182  	 0.01717300719753079 
2.183  	 0.0161683559995178 
2.184  	 0.01516207095777053 
2.185  	 0.01415425268948207 
2.186  	 0.01314500196687017 
2.187  	 0.01213441970710104 
2.188  	 0.01112260696219843 
2.189  	 0.0101096649089391 
2.19  	 0.009095694838735591 
2.191  	 0.008080798147507414 
2.192  	 0.00706507632554159 
2.193  	 0.006048630947343584 
2.194  	 0.005031563661479653 
2.195  	 0.004013976180411616 
2.196  	 0.002995970270325061 
2.197  	 0.001977647740952011 
2.198  	 0.0009591104353890651 
2.199  	 -5.953978008796466E-05 
2.2  	 -0.001078201026211912 
2.201  	 -0.002096771420913575 
2.202  	 -0.003115149089511492 
2.203  	 -0.004133232174901147 
2.204  	 -0.005150918847742582 
2.205  	 -0.006168107316645409 
2.206  	 -0.007184695838350194 
2.207  	 -0.008200582727905194 
2.208  	 -0.009215666368837437 
2.209  	 -0.01022984522331712 
2.21  	 -0.0112430178423143 
2.211  	 -0.01225508287574691 
2.212  	 -0.013265939082619 
2.213  	 -0.01427548534114825 
2.214  	 -0.01528362065888177 
2.215  	 -0.01629024418279907 
2.216  	 -0.01729525520940131 
2.217  	 -0.01829855319478571 
2.218  	 -0.0193000377647042 
2.219  	 -0.0202996087246053 
2.22  	 -0.02129716606965809 
2.221  	 -0.0222926099947575 
2.222  	 -0.02328584090450972 
2.223  	 -0.02427675942319676 
2.224  	 -0.02526526640471935 
2.225  	 -0.02625126294251687 
2.226  	 -0.02723465037946359 
2.227  	 -0.02821533031774012 
2.228  	 -0.02919320462867907 
2.229  	 -0.03016817546258394 
2.23  	 -0.03114014525852029 
2.231  	 -0.03210901675407823 
2.232  	 -0.03307469299510515 
2.233  	 -0.03403707734540778 
2.234  	 -0.03499607349642272 
2.235  	 -0.03595158547685422 
2.236  	 -0.03690351766227845 
2.237  	 -0.0378517747847133 
2.238  	 -0.03879626194215257 
2.239  	 -0.03973688460806381 
2.24  	 -0.0406735486408487 
2.241  	 -0.04160616029326517 
2.242  	 -0.04253462622181011 
2.243  	 -0.04345885349606202 
2.244  	 -0.04437874960798232 
2.245  	 -0.04529422248117474 
2.246  	 -0.04620518048010156 
2.247  	 -0.047111532419256 
2.248  	 -0.04801318757228968 
2.249  	 -0.0489100556810944 
2.25  	 -0.04980204696483716 
2.251  	 -0.0506890721289476 
2.252  	 -0.05157104237405703 
2.253  	 -0.05244786940488797 
2.254  	 -0.05331946543909355 
2.255  	 -0.05418574321604562 
2.256  	 -0.05504661600557095 
2.257  	 -0.05590199761663441 
2.258  	 -0.0567518024059685 
2.259  	 -0.05759594528664809 
2.26  	 -0.05843434173660979 
2.261  	 -0.05926690780711488 
2.262  	 -0.06009356013115512 
2.263  	 -0.06091421593180039 
2.264  	 -0.06172879303048763 
2.265  	 -0.0625372098552499 
2.266  	 -0.06333938544888501 
2.267  	 -0.06413523947706279 
2.268  	 -0.06492469223637014 
2.269  	 -0.06570766466229319 
2.27  	 -0.06648407833713567 
2.271  	 -0.06725385549787263 
2.272  	 -0.06801691904393897 
2.273  	 -0.06877319254495173 
2.274  	 -0.06952260024836553 
2.275  	 -0.07026506708706029 
2.276  	 -0.07100051868686061 
2.277  	 -0.07172888137398586 
2.278  	 -0.07245008218243047 
2.279  	 -0.07316404886127345 
2.28  	 -0.07387070988191653 
2.281  	 -0.07456999444525025 
2.282  	 -0.07526183248874711 
2.283  	 -0.07594615469348123 
2.284  	 -0.07662289249107376 
2.285  	 -0.07729197807056329 
2.286  	 -0.07795334438520063 
2.287  	 -0.07860692515916737 
2.288  	 -0.07925265489421728 
2.289  	 -0.07989046887624017 
2.29  	 -0.08052030318174742 
2.291  	 -0.08114209468427851 
2.292  	 -0.08175578106072792 
2.293  	 -0.08236130079759189 
2.294  	 -0.08295859319713419 
2.295  	 -0.08354759838347049 
2.296  	 -0.08412825730857058 
2.297  	 -0.08470051175817792 
2.298  	 -0.08526430435764587 
2.299  	 -0.08581957857769013 
2.3  	 -0.08636627874005655 
2.301  	 -0.08690435002310415 
2.302  	 -0.08743373846730233 
2.303  	 -0.08795439098064213 
2.304  	 -0.08846625534396067 
2.305  	 -0.08896928021617853 
2.306  	 -0.08946341513944922 
2.307  	 -0.08994861054422056 
2.308  	 -0.0904248177542072 
2.309  	 -0.09089198899127394 
2.31  	 -0.09135007738022924 
2.311  	 -0.09179903695352855 
2.312  	 -0.09223882265588694 
2.313  	 -0.09266939034880056 
2.314  	 -0.09309069681497646 
2.315  	 -0.09350269976267034 
2.316  	 -0.09390535782993188 
2.317  	 -0.09429863058875708 
2.318  	 -0.09468247854914721 
2.319  	 -0.09505686316307418 
2.32  	 -0.0954217468283516 
2.321  	 -0.09577709289241133 
2.322  	 -0.09612286565598525 
2.323  	 -0.09645903037669157 
2.324  	 -0.09678555327252558 
2.325  	 -0.09710240152525446 
2.326  	 -0.09740954328371559 
2.327  	 -0.0977069476670184 
2.328  	 -0.09799458476764907 
2.329  	 -0.09827242565447798 
2.33  	 -0.09854044237566963 
2.331  	 -0.09879860796149448 
2.332  	 -0.09904689642704284 
2.333  	 -0.09928528277484013 
2.334  	 -0.09951374299736349 
2.335  	 -0.09973225407945945 
2.336  	 -0.09994079400066232 
2.337  	 -0.1001393417374132 
2.338  	 -0.1003278772651793 
2.339  	 -0.1005063815604734 
2.34  	 -0.100674836602773 
2.341  	 -0.1008332253763396 
2.342  	 -0.1009815318719373 
2.343  	 -0.1011197410884506 
2.344  	 -0.1012478390344016 
2.345  	 -0.1013658127293664 
2.346  	 -0.1014736502052898 
2.347  	 -0.1015713405076998 
2.348  	 -0.1016588736968193 
2.349  	 -0.101736240848578 
2.35  	 -0.1018034340555213 
2.351  	 -0.1018604464276183 
2.352  	 -0.101907272092968 
2.353  	 -0.1019439061984033 
2.354  	 -0.1019703449099937 
2.355  	 -0.1019865854134454 
2.356  	 -0.1019926259144002 
2.357  	 -0.1019884656386314 
2.358  	 -0.1019741048321388 
2.359  	 -0.101949544761141 
2.36  	 -0.1019147877119652 
2.361  	 -0.1018698369908365 
2.362  	 -0.1018146969235633 
2.363  	 -0.1017493728551224 
2.364  	 -0.101673871149141 
2.365  	 -0.101588199187277 
2.366  	 -0.1014923653684986 
2.367  	 -0.10138637910826 
2.368  	 -0.1012702508375777 
2.369  	 -0.1011439920020037 
2.37  	 -0.1010076150604976 
2.371  	 -0.1008611334841976 
2.372  	 -0.1007045617550901 
2.373  	 -0.1005379153645778 
2.374  	 -0.1003612108119476 
2.375  	 -0.1001744656027369 
2.376  	 -0.09997769824699942 
2.377  	 -0.09977092825747123 
2.378  	 -0.09955417614763529 
2.379  	 -0.09932746342968671 
2.38  	 -0.09909081261239787 
2.381  	 -0.09884424719888374 
2.382  	 -0.0985877916842678 
2.383  	 -0.09832147155324868 
2.384  	 -0.09804531327756776 
2.385  	 -0.09775934431337809 
2.386  	 -0.0974635930985147 
2.387  	 -0.09715808904966679 
2.388  	 -0.09684286255945185 
2.389  	 -0.09651794499339225 
2.39  	 -0.09618336868679439 
2.391  	 -0.09583916694153082 
2.392  	 -0.09548537402272564 
2.393  	 -0.09512202515534356 
2.394  	 -0.09474915652068276 
2.395  	 -0.09436680525277222 
2.396  	 -0.09397500943467355 
2.397  	 -0.09357380809468796 
2.398  	 -0.09316324120246854 
2.399  	 -0.09274334966503835 
2.4  	 -0.09231417532271473 
2.401  	 -0.09187576094494015 
2.402  	 -0.09142815022602011 
2.403  	 -0.09097138778076837 
2.404  	 -0.09050551914006018 
2.405  	 -0.09003059074629373 
2.406  	 -0.08954664994876035 
2.407  	 -0.089053744998924 
2.408  	 -0.08855192504561034 
2.409  	 -0.08804124013010607 
2.41  	 -0.08752174118116891 
2.411  	 -0.08699348000994868 
2.412  	 -0.08645650930482007 
2.413  	 -0.08591088262612764 
2.414  	 -0.08535665440084346 
2.415  	 -0.08479387991713797 
2.416  	 -0.08422261531886467 
2.417  	 -0.08364291759995915 
2.418  	 -0.08305484459875291 
2.419  	 -0.08245845499220272 
2.42  	 -0.081853808290036 
2.421  	 -0.08124096482881271 
2.422  	 -0.08061998576590465 
2.423  	 -0.07999093307339232 
2.424  	 -0.07935386953188039 
2.425  	 -0.07870885872423213 
2.426  	 -0.07805596502922341 
2.427  	 -0.07739525361511719 
2.428  	 -0.07672679043315876 
2.429  	 -0.07605064221099264 
2.43  	 -0.07536687644600169 
2.431  	 -0.07467556139856917 
2.432  	 -0.07397676608526428 
2.433  	 -0.07327056027195214 
2.434  	 -0.07255701446682845 
2.435  	 -0.07183619991338006 
2.436  	 -0.07110818858327164 
2.437  	 -0.07037305316915961 
2.438  	 -0.06963086707743368 
2.439  	 -0.06888170442088699 
2.44  	 -0.06812564001131542 
2.441  	 -0.06736274935204688 
2.442  	 -0.06659310863040133 
2.443  	 -0.0658167947100822 
2.444  	 -0.06503388512350017 
2.445  	 -0.06424445806402973 
2.446  	 -0.06344859237819975 
2.447  	 -0.06264636755781838 
2.448  	 -0.06183786373203342 
2.449  	 -0.06102316165932873 
2.45  	 -0.06020234271945762 
2.451  	 -0.05937548890531394 
2.452  	 -0.05854268281474172 
2.453  	 -0.05770400764228414 
2.454  	 -0.05685954717087276 
2.455  	 -0.05600938576345766 
2.456  	 -0.05515360835457949 
2.457  	 -0.05429230044188424 
2.458  	 -0.05342554807758147 
2.459  	 -0.05255343785984697 
2.46  	 -0.05167605692417074 
2.461  	 -0.05079349293465092 
2.462  	 -0.0499058340752349 
2.463  	 -0.04901316904090813 
2.464  	 -0.04811558702883179 
2.465  	 -0.04721317772943 
2.466  	 -0.04630603131742758 
2.467  	 -0.04539423844283926 
2.468  	 -0.04447789022191114 
2.469  	 -0.0435570782280154 
2.47  	 -0.04263189448249916 
2.471  	 -0.0417024314454883 
2.472  	 -0.04076878200664737 
2.473  	 -0.03983103947589627 
2.474  	 -0.03888929757408481 
2.475  	 -0.03794365042362598 
2.476  	 -0.0369941925390889 
2.477  	 -0.03604101881775246 
2.478  	 -0.0350842245301204 
2.479  	 -0.03412390531039904 
2.48  	 -0.03316015714693837 
2.481  	 -0.03219307637263759 
2.482  	 -0.03122275965531609 
2.483  	 -0.03024930398805067 
2.484  	 -0.02927280667948017 
2.485  	 -0.02829336534407827 
2.486  	 -0.02731107789239564 
2.487  	 -0.02632604252127226 
2.488  	 -0.02533835770402094 
2.489  	 -0.02434812218058309 
2.49  	 -0.02335543494765752 
2.491  	 -0.02236039524880357 
2.492  	 -0.02136310256451927 
2.493  	 -0.02036365660229562 
2.494  	 -0.01936215728664814 
2.495  	 -0.01835870474912635 
2.496  	 -0.01735339931830259 
2.497  	 -0.01634634150974075 
2.498  	 -0.01533763201594634 
2.499  	 -0.01432737169629852 
2.5  	 -0.01331566156696539 
2.501  	 -0.01230260279080337 
2.502  	 -0.01128829666724178 
2.503  	 -0.01027284462215353 
2.504  	 -0.009256348197713087 
2.505  	 -0.008238909042242538 
2.506  	 -0.007220628900046959 
2.507  	 -0.006201609601239952 
2.508  	 -0.005181953051560459 
2.509  	 -0.004161761222181833 
2.51  	 -0.003141136139514201 
2.511  	 -0.002120179875001124 
2.512  	 -0.001098994534911593 
2.513  	 -7.768225012836087E-05 
2.514  	 0.0009436548340663498 
2.515  	 0.001964914568206752 
2.516  	 0.002985994808859991 
2.517  	 0.004006793428842201 
2.518  	 0.005027208327433116 
2.519  	 0.006047137440588197 
2.52  	 0.007066478751147263 
2.521  	 0.008085130299038609 
2.522  	 0.009102990191477573 
2.523  	 0.01011995661315856 
2.524  	 0.01113592783643945 
2.525  	 0.01215080223151748 
2.526  	 0.01316447827659543 
2.527  	 0.0141768545680372 
2.528  	 0.0151878298305118 
2.529  	 0.01619730292712458 
2.53  	 0.01720517286953484 
2.531  	 0.01821133882805875 
2.532  	 0.01921570014175656 
2.533  	 0.02021815632850308 
2.534  	 0.02121860709504051 
2.535  	 0.02221695234701246 
2.536  	 0.02321309219897828 
2.537  	 0.02420692698440672 
2.538  	 0.02519835726564777 
2.539  	 0.02618728384388183 
2.54  	 0.02717360776904516 
2.541  	 0.02815723034973054 
2.542  	 0.02913805316306238 
2.543  	 0.03011597806454496 
2.544  	 0.03109090719788313 
2.545  	 0.03206274300477425 
2.546  	 0.03303138823467058 
2.547  	 0.03399674595451098 
2.548  	 0.03495871955842104 
2.549  	 0.03591721277738066 
2.55  	 0.0368721296888581 
2.551  	 0.03782337472640953 
2.552  	 0.03877085268924312 
2.553  	 0.0397144687517467 
2.554  	 0.04065412847297812 
2.555  	 0.04158973780611723 
2.556  	 0.04252120310787864 
2.557  	 0.04344843114788422 
2.558  	 0.04437132911799456 
2.559  	 0.04528980464159823 
2.56  	 0.04620376578285815 
2.561  	 0.04711312105591395 
2.562  	 0.04801777943403953 
2.563  	 0.0489176503587548 
2.564  	 0.04981264374889079 
2.565  	 0.05070267000960715 
2.566  	 0.05158764004136116 
2.567  	 0.05246746524882737 
2.568  	 0.05334205754976689 
2.569  	 0.05421132938384564 
2.57  	 0.05507519372140041 
2.571  	 0.05593356407215208 
2.572  	 0.05678635449386502 
2.573  	 0.05763347960095178 
2.574  	 0.05847485457302232 
2.575  	 0.05931039516337679 
2.576  	 0.0601400177074411 
2.577  	 0.06096363913114445 
2.578  	 0.06178117695923784 
2.579  	 0.0625925493235529 
2.58  	 0.06339767497120018 
2.581  	 0.0641964732727059 
2.582  	 0.06498886423008667 
2.583  	 0.06577476848486094 
2.584  	 0.06655410732599694 
2.585  	 0.0673268026977957 
2.586  	 0.06809277720770883 
2.587  	 0.06885195413409004 
2.588  	 0.06960425743387974 
2.589  	 0.07034961175022184 
2.59  	 0.07108794242001205 
2.591  	 0.07181917548137699 
2.592  	 0.07254323768108321 
2.593  	 0.0732600564818755 
2.594  	 0.07396956006974369 
2.595  	 0.07467167736111725 
2.596  	 0.07536633800998697 
2.597  	 0.07605347241495297 
2.598  	 0.07673301172619833 
2.599  	 0.07740488785238771 
2.6  	 0.07806903346749022 
2.601  	 0.07872538201752587 
2.602  	 0.07937386772723483 
2.603  	 0.08001442560666903 
2.604  	 0.08064699145770529 
2.605  	 0.0812715018804793 
2.606  	 0.08188789427973997 
2.607  	 0.08249610687112334 
2.608  	 0.08309607868734553 
2.609  	 0.08368774958431403 
2.61  	 0.08427106024715683 
2.611  	 0.08484595219616863 
2.612  	 0.08541236779267368 
2.613  	 0.08597025024480461 
2.614  	 0.0865195436131966 
2.615  	 0.08706019281659641 
2.616  	 0.08759214363738574 
2.617  	 0.08811534272701819 
2.618  	 0.08862973761136951 
2.619  	 0.08913527669600035 
2.62  	 0.08963190927133126 
2.621  	 0.09011958551772915 
2.622  	 0.09059825651050495 
2.623  	 0.0910678742248217 
2.624  	 0.09152839154051283 
2.625  	 0.09197976224681002 
2.626  	 0.09242194104698019 
2.627  	 0.09285488356287105 
2.628  	 0.09327854633936504 
2.629  	 0.09369288684874084 
2.63  	 0.09409786349494233 
2.631  	 0.09449343561775433 
2.632  	 0.09487956349688496 
2.633  	 0.0952562083559539 
2.634  	 0.09562333236638638 
2.635  	 0.0959808986512125 
2.636  	 0.09632887128877131 
2.637  	 0.09666721531631951 
2.638  	 0.09699589673354428 
2.639  	 0.09731488250597986 
2.64  	 0.09762414056832766 
2.641  	 0.09792363982767943 
2.642  	 0.09821335016664329 
2.643  	 0.09849324244637216 
2.644  	 0.09876328850949447 
2.645  	 0.09902346118294671 
2.646  	 0.09927373428070754 
2.647  	 0.09951408260643331 
2.648  	 0.09974448195599456 
2.649  	 0.09996490911991338 
2.65  	 0.1001753418857013 
2.651  	 0.1003757590400975 
2.652  	 0.1005661403712072 
2.653  	 0.1007464666705399 
2.654  	 0.1009167197349469 
2.655  	 0.1010768823684593 
2.656  	 0.1012269383840241 
2.657  	 0.1013668726051402 
2.658  	 0.1014966708673932 
2.659  	 0.101616320019889 
2.66  	 0.1017258079265858 
2.661  	 0.1018251234675246 
2.662  	 0.1019142565399592 
2.663  	 0.1019931980593824 
2.664  	 0.1020619399604527 
2.665  	 0.1021204751978171 
2.666  	 0.1021687977468332 
2.667  	 0.1022069026041888 
2.668  	 0.102234785788419 
2.669  	 0.1022524443403217 
2.67  	 0.1022598763232708 
2.671  	 0.1022570808234265 
2.672  	 0.102244057949844 
2.673  	 0.1022208088344797 
2.674  	 0.1021873356320949 
2.675  	 0.1021436415200574 
2.676  	 0.1020897306980408 
2.677  	 0.1020256083876216 
2.678  	 0.1019512808317738 
2.679  	 0.1018667552942614 
2.68  	 0.1017720400589295 
2.681  	 0.1016671444288923 
2.682  	 0.1015520787256198 
2.683  	 0.1014268542879224 
2.684  	 0.1012914834708339 
2.685  	 0.1011459796443927 
2.686  	 0.1009903571923215 
2.687  	 0.1008246315106056 
2.688  	 0.10064881900597 
2.689  	 0.1004629370942553 
2.69  	 0.1002670041986925 
2.691  	 0.1000610397480774 
2.692  	 0.09984506417484425 
2.693  	 0.09961909891303848 
2.694  	 0.09938316639619016 
2.695  	 0.09913729005508667 
2.696  	 0.09888149431544599 
2.697  	 0.09861580459549026 
2.698  	 0.09834024730342017 
2.699  	 0.09805484983479018 
2.7  	 0.09775964056978503 
2.701  	 0.09745464887039768 
2.702  	 0.09713990507750898 
2.703  	 0.09681544050786951 
2.704  	 0.0964812874509836 
2.705  	 0.0961374791658961 
2.706  	 0.09578404987788215 
2.707  	 0.09542103477504021 
2.708  	 0.09504847000478875 
2.709  	 0.0946663926702669 
2.71  	 0.09427484082663952 
2.711  	 0.09387385347730694 
2.712  	 0.09346347057001983 
2.713  	 0.09304373299289953 
2.714  	 0.09261468257036426 
2.715  	 0.09217636205896163 
2.716  	 0.09172881514310786 
2.717  	 0.09127208643073415 
2.718  	 0.09080622144884049 
2.719  	 0.09033126663895766 
2.72  	 0.08984726935251755 
2.721  	 0.08935427784613242 
2.722  	 0.08885234127678363 
2.723  	 0.08834150969692008 
2.724  	 0.0878218340494672 
2.725  	 0.08729336616274665 
2.726  	 0.08675615874530744 
2.727  	 0.08621026538066892 
2.728  	 0.08565574052197616 
2.729  	 0.0850926394865683 
2.73  	 0.08452101845046031 
2.731  	 0.08394093444273885 
2.732  	 0.08335244533987267 
2.733  	 0.08275560985993818 
2.734  	 0.08215048755676076 
2.735  	 0.08153713881397232 
2.736  	 0.08091562483898587 
2.737  	 0.08028600765688755 
2.738  	 0.07964835010424673 
2.739  	 0.0790027158228449 
2.74  	 0.07834916925332396 
2.741  	 0.07768777562875437 
2.742  	 0.07701860096812412 
2.743  	 0.0763417120697488 
2.744  	 0.07565717650460378 
2.745  	 0.0749650626095789 
2.746  	 0.07426543948065643 
2.747  	 0.0735583769660131 
2.748  	 0.07284394565904666 
2.749  	 0.07212221689132792 
2.75  	 0.07139326272547869 
2.751  	 0.07065715594797664 
2.752  	 0.06991397006188751 
2.753  	 0.06916377927952565 
2.754  	 0.06840665851504336 
2.755  	 0.06764268337695008 
2.756  	 0.06687193016056184 
2.757  	 0.06609447584038204 
2.758  	 0.06531039806241407 
2.759  	 0.06451977513640665 
2.76  	 0.06372268602803277 
2.761  	 0.06291921035100272 
2.762  	 0.0621094283591123 
2.763  	 0.06129342093822685 
2.764  	 0.06047126959820193 
2.765  	 0.05964305646474142 
2.766  	 0.05880886427119392 
2.767  	 0.05796877635028828 
2.768  	 0.05712287662580894 
2.769  	 0.05627124960421212 
2.77  	 0.05541398036618356 
2.771  	 0.05455115455813864 
2.772  	 0.05368285838366584 
2.773  	 0.05280917859491432 
2.774  	 0.05193020248392646 
2.775  	 0.05104601787391624 
2.776  	 0.05015671311049449 
2.777  	 0.04926237705284152 
2.778  	 0.04836309906482844 
2.779  	 0.04745896900608775 
2.78  	 0.04655007722303419 
2.781  	 0.04563651453983684 
2.782  	 0.04471837224934321 
2.783  	 0.04379574210395629 
2.784  	 0.04286871630646556 
2.785  	 0.04193738750083277 
2.786  	 0.04100184876293338 
2.787  	 0.04006219359125477 
2.788  	 0.03911851589755189 
2.789  	 0.03817090999746154 
2.79  	 0.03721947060107602 
2.791  	 0.0362642928034772 
2.792  	 0.03530547207523196 
2.793  	 0.03434310425284983 
2.794  	 0.03337728552920395 
2.795  	 0.03240811244391621 
2.796  	 0.03143568187370752 
2.797  	 0.03046009102271426 
2.798  	 0.02948143741277174 
2.799  	 0.02849981887366581 
2.8  	 0.02751533353335343 
2.801  	 0.02652807980815334 
2.802  	 0.02553815639290764 
2.803  	 0.02454566225111538 
2.804  	 0.02355069660503919 
2.805  	 0.0225533589257857 
2.806  	 0.02155374892336108 
2.807  	 0.02055196653670241 
2.808  	 0.01954811192368603 
2.809  	 0.01854228545111382 
2.81  	 0.01753458768467841 
2.811  	 0.01652511937890832 
2.812  	 0.01551398146709411 
2.813  	 0.01450127505119636 
2.814  	 0.01348710139173676 
2.815  	 0.01247156189767304 
2.816  	 0.01145475811625898 
2.817  	 0.01043679172289037 
2.818  	 0.009417764510937997 
2.819  	 0.008397778381568657 
2.82  	 0.007376935333555238 
2.821  	 0.006355337453076847 
2.822  	 0.005333086903510029 
2.823  	 0.004310285915212106 
2.824  	 0.003287036775297638 
2.825  	 0.002263441817409033 
2.826  	 0.001239603411482348 
2.827  	 0.000215623953509269 
2.828  	 -0.0008083941447036658 
2.829  	 -0.00183234846577761 
2.83  	 -0.002856136597004673 
2.831  	 -0.003879656140590892 
2.832  	 -0.004902804723897878 
2.833  	 -0.005925480009682127 
2.834  	 -0.006947579706330944 
2.835  	 -0.007969001578093996 
2.836  	 -0.008989643455309429 
2.837  	 -0.01000940324462356 
2.838  	 -0.01102817893920309 
2.839  	 -0.01204586862893887 
2.84  	 -0.0130623705106401 
2.841  	 -0.01407758289821808 
2.842  	 -0.01509140423285837 
2.843  	 -0.01610373309318038 
2.844  	 -0.01711446820538342 
2.845  	 -0.01812350845337818 
2.846  	 -0.01913075288890251 
2.847  	 -0.02013610074162067 
2.848  	 -0.02113945142920493 
2.849  	 -0.02214070456739854 
2.85  	 -0.02313975998005902 
2.851  	 -0.02413651770918084 
2.852  	 -0.02513087802489646 
2.853  	 -0.02612274143545467 
2.854  	 -0.02711200869717534 
2.855  	 -0.02809858082437947 
2.856  	 -0.02908235909929364 
2.857  	 -0.03006324508192784 
2.858  	 -0.0310411406199256 
2.859  	 -0.03201594785838562 
2.86  	 -0.03298756924965379 
2.861  	 -0.03395590756308457 
2.862  	 -0.03492086589477089 
2.863  	 -0.03588234767724158 
2.864  	 -0.03684025668912518 
2.865  	 -0.03779449706477941 
2.866  	 -0.03874497330388519 
2.867  	 -0.03969159028100426 
2.868  	 -0.04063425325509949 
2.869  	 -0.04157286787901687 
2.87  	 -0.04250734020892832 
2.871  	 -0.04343757671373427 
2.872  	 -0.04436348428442515 
2.873  	 -0.04528497024340077 
2.874  	 -0.04620194235374675 
2.875  	 -0.04711430882846705 
2.876  	 -0.0480219783396716 
2.877  	 -0.04892486002771818 
2.878  	 -0.04982286351030765 
2.879  	 -0.05071589889153159 
2.88  	 -0.05160387677087136 
2.881  	 -0.0524867082521479 
2.882  	 -0.05336430495242112 
2.883  	 -0.05423657901083815 
2.884  	 -0.05510344309742957 
2.885  	 -0.05596481042185257 
2.886  	 -0.05682059474208043 
2.887  	 -0.05767071037303718 
2.888  	 -0.05851507219517675 
2.889  	 -0.05935359566300575 
2.89  	 -0.06018619681354888 
2.891  	 -0.06101279227475629 
2.892  	 -0.06183329927385197 
2.893  	 -0.06264763564562231 
2.894  	 -0.06345571984064406 
2.895  	 -0.06425747093345083 
2.896  	 -0.06505280863063732 
2.897  	 -0.06584165327890051 
2.898  	 -0.06662392587301687 
2.899  	 -0.06739954806375495 
2.9  	 -0.0681684421657225 
2.901  	 -0.06893053116514732 
2.902  	 -0.069685738727591 
2.903  	 -0.07043398920559497 
2.904  	 -0.07117520764625787 
2.905  	 -0.07190931979874357 
2.906  	 -0.0726362521217192 
2.907  	 -0.07335593179072224 
2.908  	 -0.07406828670545608 
2.909  	 -0.07477324549701327 
2.91  	 -0.07547073753502571 
2.911  	 -0.0761606929347412 
2.912  	 -0.07684304256402535 
2.913  	 -0.07751771805028851 
2.914  	 -0.07818465178733672 
2.915  	 -0.07884377694214625 
2.916  	 -0.07949502746156081 
2.917  	 -0.08013833807891091 
2.918  	 -0.08077364432055467 
2.919  	 -0.08140088251233947 
2.92  	 -0.08201998978598367 
2.921  	 -0.08263090408537786 
2.922  	 -0.08323356417280506 
2.923  	 -0.083827909635079 
2.924  	 -0.08441388088960025 
2.925  	 -0.08499141919032924 
2.926  	 -0.0855604666336757 
2.927  	 -0.08612096616430402 
2.928  	 -0.08667286158085384 
2.929  	 -0.0872160975415753 
2.93  	 -0.08775061956987844 
2.931  	 -0.0882763740597961 
2.932  	 -0.08879330828135996 
2.933  	 -0.08930137038588892 
2.934  	 -0.08980050941118949 
2.935  	 -0.09029067528666762 
2.936  	 -0.09077181883835141 
2.937  	 -0.09124389179382422 
2.938  	 -0.09170684678706775 
2.939  	 -0.09216063736321446 
2.94  	 -0.092605217983209 
2.941  	 -0.09304054402837814 
2.942  	 -0.09346657180490862 
2.943  	 -0.09388325854823275 
2.944  	 -0.09429056242732091 
2.945  	 -0.09468844254888098 
2.946  	 -0.09507685896146392 
2.947  	 -0.09545577265947526 
2.948  	 -0.09582514558709203 
2.949  	 -0.0961849406420848 
2.95  	 -0.09653512167954438 
2.951  	 -0.09687565351551285 
2.952  	 -0.09720650193051854 
2.953  	 -0.09752763367301462 
2.954  	 -0.09783901646272086 
2.955  	 -0.09814061899386844 
2.956  	 -0.09843241093834722 
2.957  	 -0.09871436294875534 
2.958  	 -0.0989864466613508 
2.959  	 -0.09924863469890469 
2.96  	 -0.09950090067345574 
2.961  	 -0.0997432191889661 
2.962  	 -0.09997556584387784 
2.963  	 -0.1001979172335701 
2.964  	 -0.1004102509527166 
2.965  	 -0.1006125455975429 
2.966  	 -0.1008047807679843 
2.967  	 -0.1009869370697425 
2.968  	 -0.1011589961162423 
2.969  	 -0.1013209405304874 
2.97  	 -0.1014727539468149 
2.971  	 -0.1016144210125495 
2.972  	 -0.1017459273895552 
2.973  	 -0.1018672597556871 
2.974  	 -0.10197840580614 
2.975  	 -0.1020793542546966 
2.976  	 -0.102170094834873 
2.977  	 -0.1022506183009624 
2.978  	 -0.1023209164289772 
2.979  	 -0.1023809820174883 
2.98  	 -0.1024308088883626 
2.981  	 -0.1024703918873976 
2.982  	 -0.1024997268848545 
2.983  	 -0.1025188107758879 
2.984  	 -0.1025276414808736 
2.985  	 -0.1025262179456336 
2.986  	 -0.102514540141559 
2.987  	 -0.1024926090656293 
2.988  	 -0.1024604267403303 
2.989  	 -0.1024179962134687 
2.99  	 -0.1023653215578847 
2.991  	 -0.1023024078710611 
2.992  	 -0.1022292612746312 
2.993  	 -0.1021458889137833 
2.994  	 -0.1020522989565631 
2.995  	 -0.1019485005930741 
2.996  	 -0.101834504034575 
2.997  	 -0.101710320512476 
2.998  	 -0.1015759622772321 
2.999  	 -0.1014314425971352 
3  	 -0.1012767757570034 
3.001  	 -0.10111197705677 
3.002  	 -0.1009370628099698 
3.003  	 -0.1007520503421244 
3.004  	 -0.1005569579890261 
3.005  	 -0.1003518050949214 
3.006  	 -0.1001366120105926 
3.007  	 -0.09991140009133918 
3.008  	 -0.09967619169485903 
3.009  	 -0.09943101017902876 
3.01  	 -0.09917587989958435 
3.011  	 -0.09891082620770171 
3.012  	 -0.0986358754474779 
3.013  	 -0.09835105495331276 
3.014  	 -0.09805639304719158 
3.015  	 -0.09775191903586894 
3.016  	 -0.09743766320795395 
3.017  	 -0.09711365683089734 
3.018  	 -0.09677993214788047 
3.019  	 -0.09643652237460683 
3.02  	 -0.09608346169599612 
3.021  	 -0.09572078526278141 
3.022  	 -0.09534852918800961 
3.023  	 -0.09496673054344561 
3.024  	 -0.09457542735588052 
3.025  	 -0.09417465860334436 
3.026  	 -0.09376446421122341 
3.027  	 -0.09334488504828291 
3.028  	 -0.09291596292259523 
3.029  	 -0.09247774057737407 
3.03  	 -0.09203026168671508 
3.031  	 -0.09157357085124324 
3.032  	 -0.09110771359366758 
3.033  	 -0.09063273635424353 
3.034  	 -0.09014868648614348 
3.035  	 -0.08965561225073591 
3.036  	 -0.0891535628127737 
3.037  	 -0.08864258823549184 
3.038  	 -0.08812273947561539 
3.039  	 -0.08759406837827781 
3.04  	 -0.08705662767185053 
3.041  	 -0.08651047096268395 
3.042  	 -0.08595565272976061 
3.043  	 -0.08539222831926095 
3.044  	 -0.08482025393904234 
3.045  	 -0.08423978665303174 
3.046  	 -0.08365088437553263 
3.047  	 -0.08305360586544693 
3.048  	 -0.0824480107204122 
3.049  	 -0.08183415937085496 
3.05  	 -0.08121211307396053 
3.051  	 -0.08058193390756016 
3.052  	 -0.07994368476393594 
3.053  	 -0.07929742934354418 
3.054  	 -0.07864323214865777 
3.055  	 -0.07798115847692838 
3.056  	 -0.07731127441486885 
3.057  	 -0.07663364683125669 
3.058  	 -0.07594834337045919 
3.059  	 -0.07525543244568084 
3.06  	 -0.07455498323213371 
3.061  	 -0.07384706566013159 
3.062  	 -0.07313175040810842 
3.063  	 -0.07240910889556178 
3.064  	 -0.07167921327592222 
3.065  	 -0.07094213642934898 
3.066  	 -0.07019795195545291 
3.067  	 -0.0694467341659474 
3.068  	 -0.06868855807722789 
3.069  	 -0.06792349940288073 
3.07  	 -0.06715163454612233 
3.071  	 -0.0663730405921691 
3.072  	 -0.06558779530053906 
3.073  	 -0.06479597709728592 
3.074  	 -0.06399766506716635 
3.075  	 -0.06319293894574123 
3.076  	 -0.06238187911141167 
3.077  	 -0.06156456657739065 
3.078  	 -0.06074108298361095 
3.079  	 -0.05991151058857037 
3.08  	 -0.05907593226111486 
3.081  	 -0.05823443147216049 
3.082  	 -0.05738709228635513 
3.083  	 -0.05653399935368048 
3.084  	 -0.05567523790099554 
3.085  	 -0.05481089372352221 
3.086  	 -0.05394105317627382 
3.087  	 -0.05306580316542766 
3.088  	 -0.05218523113964215 
3.089  	 -0.05129942508131963 
3.09  	 -0.05040847349781564 
3.091  	 -0.04951246541259553 
3.092  	 -0.04861149035633931 
3.093  	 -0.04770563835799561 
3.094  	 -0.04679499993578572 
3.095  	 -0.0458796660881584 
3.096  	 -0.04495972828469671 
3.097  	 -0.04403527845697736 
3.098  	 -0.04310640898938387 
3.099  	 -0.04217321270987418 
3.1  	 -0.04123578288070382 
3.101  	 -0.0402942131891054 
3.102  	 -0.03934859773792553 
3.103  	 -0.03839903103621996 
3.104  	 -0.03744560798980794 
3.105  	 -0.03648842389178676 
3.106  	 -0.03552757441300743 
3.107  	 -0.03456315559251229 
3.108  	 -0.03359526382793582 
3.109  	 -0.03262399586586927 
3.11  	 -0.03164944879219028 
3.111  	 -0.03067172002235847 
3.112  	 -0.0296909072916778 
3.113  	 -0.02870710864552684 
3.114  	 -0.02772042242955784 
3.115  	 -0.02673094727986564 
3.116  	 -0.02573878211312732 
3.117  	 -0.02474402611671364 
3.118  	 -0.02374677873877326 
3.119  	 -0.02274713967829071 
3.12  	 -0.02174520887511907 
3.121  	 -0.02074108649998841 
3.122  	 -0.01973487294449105 
3.123  	 -0.01872666881104439 
3.124  	 -0.01771657490283268 
3.125  	 -0.0167046922137284 
3.126  	 -0.01569112191819449 
3.127  	 -0.01467596536116829 
3.128  	 -0.01365932404792826 
3.129  	 -0.01264129963394459 
3.13  	 -0.01162199391471448 
3.131  	 -0.01060150881558335 
3.132  	 -0.009579946381552846 
3.133  	 -0.008557408767076707 
3.134  	 -0.007533998225845552 
3.135  	 -0.006509817100561529 
3.136  	 -0.005484967812703917 
3.137  	 -0.004459552852286666 
3.138  	 -0.003433674767608913 
3.139  	 -0.002407436154999509 
3.14  	 -0.001380939648556553 
3.141  	 -0.000354287909882994 
