0.001  	 0.9999500004166667 
0.002  	 0.9997999891673056 
0.003  	 0.9995499795877639 
0.004  	 0.9991999950155276 
0.005  	 0.9987500687875539 
0.006  	 0.9982002442371039 
0.007  	 0.9975505746895751 
0.008  	 0.9968011234573348 
0.009000000000000001  	 0.9959519638335544 
0.01  	 0.9950031790850452 
0.011  	 0.9939548624440968 
0.012  	 0.9928071170993186 
0.013  	 0.991560056185485 
0.014  	 0.9902138027723867 
0.015  	 0.9887684898526866 
0.016  	 0.9872242603287845 
0.017  	 0.9855812669986895 
0.018  	 0.983839672540903 
0.019  	 0.9819996494983128 
0.02  	 0.9800613802611006 
0.021  	 0.9780250570486646 
0.022  	 0.9758908818905582 
0.023  	 0.9736590666064472 
0.024  	 0.9713298327850882 
0.025  	 0.9689034117623286 
0.026  	 0.9663800445981324 
0.027  	 0.9637599820526321 
0.028  	 0.9610434845612107 
0.029  	 0.9582308222086152 
0.03  	 0.9553222747021051 
0.031  	 0.9523181313436371 
0.032  	 0.9492186910010909 
0.033  	 0.9460242620785368 
0.034  	 0.9427351624855499 
0.035  	 0.9393517196055718 
0.036  	 0.9358742702633259 
0.037  	 0.9323031606912865 
0.038  	 0.9286387464952071 
0.039  	 0.9248813926187104 
0.04  	 0.921031473306944 
0.041  	 0.9170893720693052 
0.042  	 0.913055481641238 
0.043  	 0.9089302039451075 
0.044  	 0.9047139500501544 
0.045  	 0.9004071401315344 
0.046  	 0.8960102034284453 
0.047  	 0.8915235782013478 
0.048  	 0.8869477116882827 
0.049  	 0.8822830600602902 
0.05  	 0.877530088375934 
0.051  	 0.8726892705349365 
0.052  	 0.8677610892309285 
0.053  	 0.8627460359033196 
0.054  	 0.857644610688291 
0.055  	 0.8524573223689205 
0.056  	 0.8471846883244389 
0.057  	 0.8418272344786285 
0.058  	 0.8363854952473637 
0.059  	 0.8308600134853034 
0.06  	 0.8252513404317371 
0.061  	 0.8195600356555927 
0.062  	 0.813786666999609 
0.063  	 0.8079318105236807 
0.064  	 0.8019960504473801 
0.065  	 0.7959799790916624 
0.066  	 0.7898841968197589 
0.067  	 0.7837093119772651 
0.068  	 0.7774559408314304 
0.06900000000000001  	 0.771124707509653 
0.07000000000000001  	 0.7647162439371884 
0.07100000000000001  	 0.7582311897740771 
0.07200000000000001  	 0.7516701923512976 
0.073  	 0.7450339066061507 
0.074  	 0.738322995016882 
0.075  	 0.73153812753655 
0.076  	 0.7246799815261442 
0.077  	 0.7177492416869621 
0.078  	 0.7107465999922505 
0.079  	 0.7036727556181188 
0.08  	 0.69652841487373 
0.081  	 0.6893142911307775 
0.082  	 0.6820311047522549 
0.083  	 0.6746795830205247 
0.08400000000000001  	 0.6672604600646933 
0.08500000000000001  	 0.6597744767873016 
0.08600000000000001  	 0.6522223807903353 
0.08700000000000001  	 0.6446049263005649 
0.08799999999999999  	 0.6369228740942212 
0.089  	 0.6291769914210152 
0.09  	 0.621368051927509 
0.091  	 0.6134968355798449 
0.092  	 0.6055641285858426 
0.093  	 0.5975707233164697 
0.094  	 0.5895174182266946 
0.095  	 0.5814050177757302 
0.096  	 0.5732343323466751 
0.097  	 0.5650061781655615 
0.098  	 0.556721377219817 
0.099  	 0.5483807571761484 
0.1  	 0.5399851512978576 
0.101  	 0.5315353983615946 
0.102  	 0.5230323425735588 
0.103  	 0.5144768334851555 
0.104  	 0.5058697259081165 
0.105  	 0.4972118798290931 
0.106  	 0.48850416032373 
0.107  	 0.4797474374702288 
0.108  	 0.4709425862624103 
0.109  	 0.4620904865222826 
0.11  	 0.453192022812126 
0.111  	 0.4442480843461015 
0.112  	 0.4352595649013931 
0.113  	 0.4262273627288916 
0.114  	 0.4171523804634303 
0.115  	 0.4080355250335804 
0.116  	 0.398877707571015 
0.117  	 0.3896798433194517 
0.118  	 0.3804428515431824 
0.119  	 0.3711676554351994 
0.12  	 0.3618551820249269 
0.121  	 0.3525063620855674 
0.122  	 0.343122130041072 
0.123  	 0.3337034238727441 
0.124  	 0.3242511850254858 
0.125  	 0.3147663583136961 
0.126  	 0.3052498918268312 
0.127  	 0.2957027368346342 
0.128  	 0.286125847692047 
0.129  	 0.2765201817438107 
0.13  	 0.266886699228766 
0.131  	 0.2572263631838622 
0.132  	 0.2475401393478849 
0.133  	 0.2378289960649123 
0.134  	 0.2280939041875082 
0.135  	 0.2183358369796638 
0.136  	 0.2085557700194959 
0.137  	 0.1987546811017122 
0.138  	 0.1889335501398532 
0.139  	 0.1790933590683209 
0.14  	 0.1692350917442033 
0.141  	 0.1593597338489054 
0.142  	 0.1494682727895957 
0.143  	 0.1395616976004786 
0.144  	 0.1296409988439025 
0.145  	 0.1197071685113136 
0.146  	 0.1097611999240643 
0.147  	 0.09980408763408813 
0.148  	 0.08983682732444903 
0.149  	 0.07986041570977614 
0.15  	 0.06987585043659381 
0.151  	 0.05988412998355667 
0.152  	 0.04988625356159986 
0.153  	 0.03988322101401429 
0.154  	 0.02987603271645704 
0.155  	 0.01986568947690685 
0.156  	 0.009853192435574629 
0.157  	 -0.0001604570352208012 
0.158  	 -0.01017425743120197 
0.159  	 -0.02018720721629685 
0.16  	 -0.03019830492280774 
0.161  	 -0.0402065492515751 
0.162  	 -0.05021093917212607 
0.163  	 -0.06021047402279789 
0.164  	 -0.07020415361082603 
0.165  	 -0.08019097831238715 
0.166  	 -0.09016994917258676 
0.167  	 -0.1001400680053817 
0.168  	 -0.1101003374934274 
0.169  	 -0.1200497612878399 
0.17  	 -0.1299873441078624 
0.171  	 -0.1399120918404274 
0.172  	 -0.1498230116396028 
0.173  	 -0.1597191120259135 
0.174  	 -0.1695994029855279 
0.175  	 -0.1794628960692992 
0.176  	 -0.1893086044916522 
0.177  	 -0.1991355432293052 
0.178  	 -0.2089427291198173 
0.179  	 -0.2187291809599512 
0.18  	 -0.2284939196038419 
0.181  	 -0.2382359680609609 
0.182  	 -0.2479543515938666 
0.183  	 -0.2576480978157312 
0.184  	 -0.2673162367876341 
0.185  	 -0.2769578011156116 
0.186  	 -0.2865718260474546 
0.187  	 -0.2961573495692423 
0.188  	 -0.3057134125016056 
0.189  	 -0.3152390585957062 
0.19  	 -0.3247333346289267 
0.191  	 -0.3341952905002576 
0.192  	 -0.343623979325375 
0.193  	 -0.3530184575313972 
0.194  	 -0.3623777849513125 
0.195  	 -0.3717010249180674 
0.196  	 -0.3809872443583068 
0.197  	 -0.3902355138857555 
0.198  	 -0.3994449078942334 
0.199  	 -0.4086145046502937 
0.2  	 -0.4177433863854755 
0.201  	 -0.4268306393881612 
0.202  	 -0.4358753540950299 
0.203  	 -0.4448766251820969 
0.204  	 -0.4538335516553317 
0.205  	 -0.4627452369408435 
0.206  	 -0.4716107889746267 
0.207  	 -0.4804293202918563 
0.208  	 -0.4891999481157255 
0.209  	 -0.4979217944458152 
0.21  	 -0.5065939861459881 
0.211  	 -0.5152156550317962 
0.212  	 -0.523785937957397 
0.213  	 -0.5323039769019647 
0.214  	 -0.5407689190555917 
0.215  	 -0.5491799169046697 
0.216  	 -0.5575361283167434 
0.217  	 -0.565836716624826 
0.218  	 -0.5740808507111712 
0.219  	 -0.5822677050904899 
0.22  	 -0.5903964599926058 
0.221  	 -0.5984663014445413 
0.222  	 -0.6064764213520236 
0.223  	 -0.6144260175804056 
0.224  	 -0.6223142940349908 
0.225  	 -0.6301404607407567 
0.226  	 -0.6379037339214663 
0.227  	 -0.6456033360781619 
0.228  	 -0.6532384960670319 
0.229  	 -0.6608084491766432 
0.23  	 -0.6683124372045317 
0.231  	 -0.6757497085331434 
0.232  	 -0.6831195182051176 
0.233  	 -0.6904211279979056 
0.234  	 -0.6976538064977166 
0.235  	 -0.7048168291727847 
0.236  	 -0.711909478445948 
0.237  	 -0.7189310437665337 
0.238  	 -0.7258808216815418 
0.239  	 -0.7327581159061194 
0.24  	 -0.7395622373933202 
0.241  	 -0.7462925044031405 
0.242  	 -0.7529482425708262 
0.243  	 -0.7595287849744421 
0.244  	 -0.7660334722017 
0.245  	 -0.7724616524160347 
0.246  	 -0.7788126814219244 
0.247  	 -0.7850859227294481 
0.248  	 -0.791280747618073 
0.249  	 -0.7973965351996662 
0.25  	 -0.8034326724807238 
0.251  	 -0.8093885544238116 
0.252  	 -0.8152635840082112 
0.253  	 -0.821057172289765 
0.254  	 -0.8267687384599152 
0.255  	 -0.8323977099039284 
0.256  	 -0.8379435222583038 
0.257  	 -0.8434056194673558 
0.258  	 -0.8487834538389667 
0.259  	 -0.8540764860995039 
0.26  	 -0.8592841854478969 
0.261  	 -0.864406029608866 
0.262  	 -0.8694415048853015 
0.263  	 -0.8743901062097834 
0.264  	 -0.8792513371952411 
0.265  	 -0.8840247101847437 
0.266  	 -0.88870974630042 
0.267  	 -0.8933059754914993 
0.268  	 -0.8978129365814715 
0.269  	 -0.9022301773143606 
0.27  	 -0.9065572544001053 
0.271  	 -0.9107937335590447 
0.272  	 -0.9149391895655041 
0.273  	 -0.9189932062904744 
0.274  	 -0.9229553767433838 
0.275  	 -0.9268253031129553 
0.276  	 -0.9306025968071477 
0.277  	 -0.9342868784921742 
0.278  	 -0.9378777781305964 
0.279  	 -0.9413749350184888 
0.28  	 -0.9447779978216707 
0.281  	 -0.9480866246110012 
0.282  	 -0.9513004828967347 
0.283  	 -0.954419249661932 
0.284  	 -0.9574426113949256 
0.285  	 -0.9603702641208339 
0.286  	 -0.9632019134321229 
0.287  	 -0.965937274518211 
0.288  	 -0.9685760721941142 
0.289  	 -0.9711180409281304 
0.29  	 -0.9735629248685566 
0.291  	 -0.9759104778694403 
0.292  	 -0.9781604635153598 
0.293  	 -0.9803126551452314 
0.294  	 -0.9823668358751417 
0.295  	 -0.9843227986202031 
0.296  	 -0.9861803461154282 
0.297  	 -0.9879392909356234 
0.298  	 -0.9895994555142988 
0.299  	 -0.9911606721615919 
0.3  	 -0.9926227830812034 
0.301  	 -0.9939856403863452 
0.302  	 -0.9952491061146957 
0.303  	 -0.9964130522423646 
0.304  	 -0.9974773606968625 
0.305  	 -0.998441923369076 
0.306  	 -0.9993066421242465 
0.307  	 -1.000071428811952 
0.308  	 -1.000736205275088 
0.309  	 -1.001300903357856 
0.31  	 -1.00176546491274 
0.311  	 -1.002129841806495 
0.312  	 -1.002393995925124 
0.313  	 -1.002557899177861 
0.314  	 -1.002621533500143 
0.315  	 -1.002584890855589 
0.316  	 -1.002447973236966 
0.317  	 -1.002210792666161 
0.318  	 -1.001873371193143 
0.319  	 -1.001435740893926 
0.32  	 -1.00089794386753 
0.321  	 -1.000260032231932 
0.322  	 -0.9995220681190289 
0.323  	 -0.9986841236685812 
0.324  	 -0.997746281021171 
0.325  	 -0.9967086323101513 
0.326  	 -0.9955712796525977 
0.327  	 -0.9943343351392623 
0.328  	 -0.9929979208235281 
0.329  	 -0.9915621687093688 
0.33  	 -0.9900272207383117 
0.331  	 -0.9883932287754075 
0.332  	 -0.9866603545942061 
0.333  	 -0.9848287698607425 
0.334  	 -0.9828986561165325 
0.335  	 -0.9808702047605798 
0.336  	 -0.9787436170303981 
0.337  	 -0.9765191039820476 
0.338  	 -0.97419688646919 
0.339  	 -0.9717771951211633 
0.34  	 -0.9692602703200779 
0.341  	 -0.966646362176937 
0.342  	 -0.9639357305067845 
0.343  	 -0.9611286448028804 
0.344  	 -0.9582253842099091 
0.345  	 -0.9552262374962212 
0.346  	 -0.9521315030251125 
0.347  	 -0.9489414887251434 
0.348  	 -0.9456565120595001 
0.349  	 -0.9422768999944025 
0.35  	 -0.9388029889665608 
0.351  	 -0.9352351248496846 
0.352  	 -0.9315736629200473 
0.353  	 -0.9278189678211093 
0.354  	 -0.9239714135272046 
0.355  	 -0.9200313833062929 
0.356  	 -0.9159992696817814 
0.357  	 -0.9118754743934208 
0.358  	 -0.9076604083572788 
0.359  	 -0.9033544916247946 
0.36  	 -0.89895815334092 
0.361  	 -0.894471831701349 
0.362  	 -0.8898959739088429 
0.363  	 -0.8852310361286527 
0.364  	 -0.880477483443045 
0.365  	 -0.8756357898049351 
0.366  	 -0.8707064379906317 
0.367  	 -0.8656899195516997 
0.368  	 -0.8605867347659426 
0.369  	 -0.8553973925875128 
0.37  	 -0.8501224105961526 
0.371  	 -0.8447623149455721 
0.372  	 -0.8393176403109682 
0.373  	 -0.8337889298356911 
0.374  	 -0.8281767350770619 
0.375  	 -0.8224816159513492 
0.376  	 -0.8167041406779072 
0.377  	 -0.8108448857224841 
0.378  	 -0.8049044357397033 
0.379  	 -0.7988833835147252 
0.38  	 -0.7927823299040953 
0.381  	 -0.7866018837757831 
0.382  	 -0.7803426619484197 
0.383  	 -0.7740052891297385 
0.384  	 -0.7675903978542262 
0.385  	 -0.7610986284199898 
0.386  	 -0.7545306288248458 
0.387  	 -0.7478870547016392 
0.388  	 -0.7411685692527966 
0.389  	 -0.7343758431841221 
0.39  	 -0.7275095546378405 
0.391  	 -0.7205703891248973 
0.392  	 -0.713559039456519 
0.393  	 -0.7064762056750427 
0.394  	 -0.6993225949840217 
0.395  	 -0.6920989216776132 
0.396  	 -0.6848059070692558 
0.397  	 -0.6774442794196437 
0.398  	 -0.670014773864005 
0.399  	 -0.6625181323386913 
0.4  	 -0.6549551035070855 
0.401  	 -0.6473264426848362 
0.402  	 -0.6396329117644244 
0.403  	 -0.6318752791390724 
0.404  	 -0.6240543196260004 
0.405  	 -0.6161708143890403 
0.406  	 -0.6082255508606117 
0.407  	 -0.6002193226630714 
0.408  	 -0.592152929529442 
0.409  	 -0.584027177223527 
0.41  	 -0.5758428774594233 
0.411  	 -0.5676008478204352 
0.412  	 -0.5593019116774015 
0.413  	 -0.5509468981064418 
0.414  	 -0.5425366418061309 
0.415  	 -0.5340719830141094 
0.416  	 -0.5255537674231391 
0.417  	 -0.516982846096611 
0.418  	 -0.5083600753835157 
0.419  	 -0.4996863168328823 
0.42  	 -0.490962437107697 
0.421  	 -0.4821893078983084 
0.422  	 -0.4733678058353282 
0.423  	 -0.4644988124020368 
0.424  	 -0.4555832138463022 
0.425  	 -0.4466219010920199 
0.426  	 -0.4376157696500853 
0.427  	 -0.4285657195289042 
0.428  	 -0.4194726551444528 
0.429  	 -0.4103374852298959 
0.43  	 -0.4011611227447703 
0.431  	 -0.3919444847837455 
0.432  	 -0.3826884924849683 
0.433  	 -0.3733940709380021 
0.434  	 -0.3640621490913691 
0.435  	 -0.3546936596597047 
0.436  	 -0.3452895390305348 
0.437  	 -0.3358507271706829 
0.438  	 -0.3263781675323185 
0.439  	 -0.3168728069586547 
0.44  	 -0.3073355955893059 
0.441  	 -0.2977674867653135 
0.442  	 -0.2881694369338502 
0.443  	 -0.2785424055526117 
0.444  	 -0.2688873549939061 
0.445  	 -0.2592052504484504 
0.446  	 -0.2494970598288822 
0.447  	 -0.2397637536729996 
0.448  	 -0.2300063050467349 
0.449  	 -0.2202256894468754 
0.45  	 -0.2104228847035385 
0.451  	 -0.2005988708824122 
0.452  	 -0.1907546301867701 
0.453  	 -0.1808911468592716 
0.454  	 -0.1710094070835556 
0.455  	 -0.1611103988856392 
0.456  	 -0.15119511203513 
0.457  	 -0.1412645379462626 
0.458  	 -0.1313196695787688 
0.459  	 -0.1213615013385919 
0.46  	 -0.1113910289784544 
0.461  	 -0.1014092494982893 
0.462  	 -0.09141716104554498 
0.463  	 -0.08141576281537437 
0.464  	 -0.07140605495071646 
0.465  	 -0.06138903844228229 
0.466  	 -0.05136571502845409 
0.467  	 -0.04133708709510808 
0.468  	 -0.03130415757537074 
0.469  	 -0.02126792984931884 
0.47  	 -0.01122940764363291 
0.471  	 -0.001189594931214503 
0.472  	 0.008850504169222883 
0.473  	 0.01888988549357916 
0.474  	 0.02892754493279919 
0.475  	 0.03896247853330052 
0.476  	 0.04899368259738721 
0.477  	 0.05902015378363977 
0.478  	 0.06904088920727114 
0.479  	 0.07905488654043866 
0.48  	 0.08906114411250196 
0.481  	 0.09905866101021693 
0.482  	 0.1090464371778555 
0.483  	 0.1190234735172412 
0.484  	 0.128988771987691 
0.485  	 0.1389413357058526 
0.486  	 0.1488801690454281 
0.487  	 0.1588042777367731 
0.488  	 0.1687126689663621 
0.489  	 0.1786043514761098 
0.49  	 0.188478335662539 
0.491  	 0.1983336336757833 
0.492  	 0.2081692595184178 
0.493  	 0.2179842291441051 
0.494  	 0.2277775605560477 
0.495  	 0.237548273905238 
0.496  	 0.247295391588494 
0.497  	 0.2570179383462729 
0.498  	 0.2667149413602513 
0.499  	 0.2763854303506633 
0.5  	 0.2860284376733861 
0.501  	 0.2956429984167641 
0.502  	 0.3052281504981599 
0.503  	 0.3147829347602262 
0.504  	 0.3243063950668846 
0.505  	 0.3337975783990049 
0.506  	 0.3432555349497745 
0.507  	 0.3526793182197472 
0.508  	 0.3620679851115635 
0.509  	 0.371420596024332 
0.51  	 0.3807362149476626 
0.511  	 0.3900139095553423 
0.512  	 0.3992527512986437 
0.513  	 0.4084518154992584 
0.514  	 0.4176101814418428 
0.515  	 0.4267269324661714 
0.516  	 0.4358011560588844 
0.517  	 0.4448319439448224 
0.518  	 0.4538183921779398 
0.519  	 0.4627596012317851 
0.52  	 0.4716546760895416 
0.521  	 0.480502726333619 
0.522  	 0.4893028662347854 
0.523  	 0.4980542148408325 
0.524  	 0.5067558960647646 
0.525  	 0.5154070387725023 
0.526  	 0.524006776870092 
0.527  	 0.5325542493904135 
0.528  	 0.5410486005793754 
0.529  	 0.5494889799815912 
0.53  	 0.5578745425255267 
0.531  	 0.5662044486081101 
0.532  	 0.5744778641787971 
0.533  	 0.5826939608230812 
0.534  	 0.5908519158454432 
0.535  	 0.5989509123517279 
0.536  	 0.6069901393309444 
0.537  	 0.614968791736477 
0.538  	 0.6228860705667032 
0.539  	 0.6307411829450064 
0.54  	 0.6385333421991786 
0.541  	 0.6462617679402036 
0.542  	 0.6539256861404131 
0.543  	 0.6615243292110075 
0.544  	 0.6690569360789342 
0.545  	 0.6765227522631163 
0.546  	 0.6839210299500218 
0.547  	 0.6912510280685683 
0.548  	 0.6985120123643545 
0.549  	 0.7057032554732104 
0.55  	 0.7128240369940607 
0.551  	 0.7198736435610918 
0.552  	 0.7268513689152177 
0.553  	 0.733756513974835 
0.554  	 0.7405883869058619 
0.555  	 0.7473463031910538 
0.556  	 0.7540295856985874 
0.5570000000000001  	 0.760637564749908 
0.5580000000000001  	 0.7671695781868323 
0.5590000000000001  	 0.7736249714379 
0.5600000000000001  	 0.7800030975839677 
0.5610000000000001  	 0.7863033174230387 
0.5620000000000001  	 0.7925249995343223 
0.5630000000000001  	 0.7986675203415152 
0.5640000000000001  	 0.8047302641753001 
0.5650000000000001  	 0.8107126233350541 
0.5660000000000001  	 0.8166139981497613 
0.5670000000000001  	 0.8224337970381232 
0.5680000000000001  	 0.8281714365678613 
0.5690000000000001  	 0.8338263415142051 
0.5700000000000001  	 0.8393979449175608 
0.5710000000000001  	 0.8448856881403541 
0.5720000000000001  	 0.8502890209230416 
0.5730000000000001  	 0.8556074014392847 
0.5740000000000001  	 0.860840296350282 
0.5750000000000001  	 0.8659871808582529 
0.5760000000000001  	 0.8710475387590679 
0.577  	 0.8760208624940211 
0.578  	 0.8809066532007376 
0.579  	 0.885704420763213 
0.58  	 0.8904136838609784 
0.581  	 0.895033970017387 
0.582  	 0.8995648156470166 
0.583  	 0.9040057661021836 
0.584  	 0.9083563757185641 
0.585  	 0.9126162078599172 
0.586  	 0.9167848349619059 
0.587  	 0.920861838575012 
0.588  	 0.9248468094065394 
0.589  	 0.9287393473617023 
0.59  	 0.9325390615837947 
0.591  	 0.9362455704934365 
0.592  	 0.9398585018268913 
0.593  	 0.9433774926734553 
0.594  	 0.9468021895119088 
0.595  	 0.9501322482460313 
0.596  	 0.9533673342391734 
0.597  	 0.9565071223478837 
0.598  	 0.9595512969545864 
0.599  	 0.962499551999307 
0.6  	 0.9653515910104424 
0.601  	 0.9681071271345728 
0.602  	 0.9707658831653118 
0.603  	 0.9733275915711922 
0.604  	 0.9757919945225852 
0.605  	 0.978158843917649 
0.606  	 0.9804279014073044 
0.607  	 0.9825989384192372 
0.608  	 0.9846717361809214 
0.609  	 0.9866460857416637 
0.61  	 0.9885217879936653 
0.611  	 0.9902986536921001 
0.612  	 0.9919765034742068 
0.613  	 0.9935551678773925 
0.614  	 0.995034487356347 
0.615  	 0.9964143122991651 
0.616  	 0.9976945030424756 
0.617  	 0.9988749298855764 
0.618  	 0.9999554731035717 
0.619  	 1.000936022959514 
0.62  	 1.001816479715544 
0.621  	 1.002596753643036 
0.622  	 1.003276765031737 
0.623  	 1.003856444197903 
0.624  	 1.004335731491444 
0.625  	 1.004714577302047 
0.626  	 1.004992942064315 
0.627  	 1.005170796261884 
0.628  	 1.005248120430545 
0.629  	 1.005224905160363 
0.63  	 1.005101151096778 
0.631  	 1.004876868940714 
0.632  	 1.004552079447672 
0.633  	 1.004126813425828 
0.634  	 1.003601111733112 
0.635  	 1.002975025273293 
0.636  	 1.002248614991058 
0.637  	 1.001421951866077 
0.638  	 1.000495116906077 
0.639  	 0.9994682011389044 
0.64  	 0.9983413056035907 
0.641  	 0.99711454134041 
0.642  	 0.9957880293799428 
0.643  	 0.9943619007311365 
0.644  	 0.9928362963683693 
0.645  	 0.9912113672175163 
0.646  	 0.9894872741410209 
0.647  	 0.9876641879219712 
0.648  	 0.9857422892471848 
0.649  	 0.9837217686893021 
0.65  	 0.9816028266878911 
0.651  	 0.979385673529565 
0.652  	 0.9770705293271136 
0.653  	 0.9746576239976532 
0.654  	 0.9721471972397945 
0.655  	 0.9695394985098317 
0.656  	 0.9668347869969561 
0.657  	 0.9640333315974952 
0.658  	 0.9611354108881804 
0.659  	 0.958141313098447 
0.66  	 0.9550513360817667 
0.661  	 0.951865787286019 
0.662  	 0.9485849837229009 
0.663  	 0.9452092519363802 
0.664  	 0.9417389279701952 
0.665  	 0.9381743573344032 
0.666  	 0.934515894970982 
0.667  	 0.930763905218487 
0.668  	 0.9269187617757687 
0.669  	 0.922980847664753 
0.67  	 0.9189505551922879 
0.671  	 0.9148282859110617 
0.672  	 0.9106144505795959 
0.673  	 0.9063094691213157 
0.674  	 0.9019137705827043 
0.675  	 0.8974277930905434 
0.676  	 0.8928519838082452 
0.677  	 0.8881867988912791 
0.678  	 0.8834327034416996 
0.679  	 0.8785901714617773 
0.68  	 0.8736596858067402 
0.681  	 0.8686417381366276 
0.6820000000000001  	 0.8635368288672631 
0.6830000000000001  	 0.8583454671203518 
0.6840000000000001  	 0.8530681706727042 
0.6850000000000001  	 0.8477054659045958 
0.6860000000000001  	 0.8422578877472632 
0.6870000000000001  	 0.8367259796295454 
0.6880000000000001  	 0.8311102934236744 
0.6890000000000001  	 0.8254113893902195 
0.6900000000000001  	 0.8196298361221926 
0.6910000000000001  	 0.8137662104883187 
0.6920000000000001  	 0.8078210975754775 
0.6930000000000001  	 0.8017950906303235 
0.6940000000000001  	 0.7956887910000869 
0.6950000000000001  	 0.7895028080725651 
0.6960000000000001  	 0.7832377592153081 
0.6970000000000001  	 0.7768942697140052 
0.6980000000000001  	 0.7704729727100782 
0.6990000000000001  	 0.7639745091374885 
0.7000000000000001  	 0.7573995276587637 
0.7010000000000001  	 0.7507486846002495 
0.7020000000000001  	 0.7440226438865946 
0.7030000000000001  	 0.7372220769744746 
0.704  	 0.7303476627855613 
0.705  	 0.723400087638744 
0.706  	 0.7163800451816101 
0.707  	 0.7092882363211921 
0.708  	 0.702125369153986 
0.709  	 0.6948921588952511 
0.71  	 0.6875893278075953 
0.711  	 0.6802176051288552 
0.712  	 0.672777726999277 
0.713  	 0.6652704363880059 
0.714  	 0.6576964830188914 
0.715  	 0.6500566232956155 
0.716  	 0.642351620226152 
0.717  	 0.6345822433465633 
0.718  	 0.626749268644144 
0.719  	 0.6188534784799171 
0.72  	 0.6108956615104918 
0.721  	 0.6028766126092905 
0.722  	 0.5947971327871524 
0.723  	 0.5866580291123222 
0.724  	 0.5784601146298315 
0.725  	 0.5702042082802806 
0.726  	 0.5618911348180308 
0.727  	 0.5535217247288117 
0.728  	 0.5450968141467558 
0.729  	 0.5366172447708658 
0.73  	 0.5280838637809243 
0.731  	 0.5194975237528535 
0.732  	 0.5108590825735343 
0.733  	 0.5021694033550925 
0.734  	 0.4934293543486614 
0.735  	 0.4846398088576279 
0.736  	 0.4758016451503734 
0.737  	 0.4669157463725151 
0.738  	 0.4579830004586594 
0.739  	 0.4490043000436739 
0.74  	 0.4399805423734882 
0.741  	 0.4309126292154321 
0.742  	 0.4218014667681196 
0.743  	 0.4126479655708894 
0.744  	 0.4034530404128079 
0.745  	 0.3942176102412476 
0.746  	 0.3849425980700463 
0.747  	 0.3756289308872597 
0.748  	 0.3662775395625137 
0.749  	 0.3568893587539674 
0.75  	 0.3474653268148961 
0.751  	 0.3380063856999022 
0.752  	 0.3285134808707651 
0.753  	 0.3189875612019388 
0.754  	 0.3094295788857058 
0.755  	 0.2998404893369985 
0.756  	 0.2902212510978963 
0.757  	 0.2805728257418082 
0.758  	 0.2708961777773508 
0.759  	 0.2611922745519313 
0.76  	 0.2514620861550445 
0.761  	 0.2417065853212944 
0.762  	 0.2319267473331494 
0.763  	 0.2221235499234413 
0.764  	 0.2122979731776169 
0.765  	 0.2024509994357537 
0.766  	 0.1925836131943474 
0.767  	 0.1826968010078832 
0.768  	 0.1727915513901987 
0.769  	 0.1628688547156495 
0.77  	 0.1529297031200873 
0.771  	 0.1429750904016598 
0.772  	 0.133006011921443 
0.773  	 0.1230234645039153 
0.774  	 0.113028446337284 
0.775  	 0.1030219568736726 
0.776  	 0.09300499672918189 
0.777  	 0.08297856758383107 
0.778  	 0.07294367208139206 
0.779  	 0.06290131372912519 
0.78  	 0.052852496797427 
0.781  	 0.04279822621940001 
0.782  	 0.03273950749035456 
0.783  	 0.02267734656725276 
0.784  	 0.01261274976810452 
0.785  	 0.002546723671325843 
0.786  	 -0.007519724984930568 
0.787  	 -0.01758558940346246 
0.788  	 -0.02764986282871266 
0.789  	 -0.0377115386474613 
0.79  	 -0.04776961048950542 
0.791  	 -0.057823072328316 
0.792  	 -0.06787091858166226 
0.793  	 -0.07791214421219322 
0.794  	 -0.08794574482796641 
0.795  	 -0.09797071678291375 
0.796  	 -0.1079860572772345 
0.797  	 -0.1179907644577051 
0.798  	 -0.1279838375178965 
0.799  	 -0.1379642767982877 
0.8  	 -0.1479310838862666 
0.801  	 -0.1578832617160084 
0.802  	 -0.16781981466822 
0.803  	 -0.1777397486697418 
0.804  	 -0.1876420712929967 
0.805  	 -0.1975257918552761 
0.806  	 -0.2073899215178524 
0.8070000000000001  	 -0.2172334733849102 
0.8080000000000001  	 -0.2270554626022829 
0.8090000000000001  	 -0.2368549064559887 
0.8100000000000001  	 -0.2466308244705524 
0.8110000000000001  	 -0.2563822385071064 
0.8120000000000001  	 -0.2661081728612587 
0.8130000000000001  	 -0.2758076543607196 
0.8140000000000001  	 -0.2854797124626763 
0.8150000000000001  	 -0.2951233793509068 
0.8160000000000001  	 -0.3047376900326219 
0.8170000000000001  	 -0.3143216824350268 
0.8180000000000001  	 -0.323874397501593 
0.8190000000000001  	 -0.3333948792880284 
0.8200000000000001  	 -0.3428821750579396 
0.8210000000000001  	 -0.3523353353781738 
0.8220000000000001  	 -0.3617534142138321 
0.8230000000000001  	 -0.3711354690229449 
0.8240000000000001  	 -0.3804805608507991 
0.8250000000000001  	 -0.3897877544239081 
0.8260000000000001  	 -0.3990561182436159 
0.8270000000000001  	 -0.4082847246793239 
0.8280000000000001  	 -0.4174726500613337 
0.8290000000000001  	 -0.4266189747732946 
0.8300000000000001  	 -0.4357227833442474 
0.8310000000000001  	 -0.4447831645402548 
0.8320000000000001  	 -0.4537992114556104 
0.833  	 -0.4627700216036155 
0.834  	 -0.4716946970069156 
0.835  	 -0.4805723442873879 
0.836  	 -0.4894020747555697 
0.837  	 -0.4981830044996199 
0.838  	 -0.5069142544738032 
0.839  	 -0.5155949505864905 
0.84  	 -0.5242242237876639 
0.841  	 -0.53280121015592 
0.842  	 -0.5413250509849609 
0.843  	 -0.5497948928695655 
0.844  	 -0.5582098877910321 
0.845  	 -0.5665691932020831 
0.846  	 -0.5748719721112248 
0.847  	 -0.583117393166552 
0.848  	 -0.5913046307389906 
0.849  	 -0.5994328650049693 
0.85  	 -0.6075012820285108 
0.851  	 -0.6155090738427378 
0.852  	 -0.6234554385307808 
0.853  	 -0.6313395803060842 
0.854  	 -0.6391607095920991 
0.855  	 -0.6469180431013577 
0.856  	 -0.6546108039139187 
0.857  	 -0.6622382215551782 
0.858  	 -0.6697995320730366 
0.859  	 -0.6772939781144146 
0.86  	 -0.6847208090011111 
0.861  	 -0.6920792808049933 
0.862  	 -0.6993686564225144 
0.863  	 -0.7065882056485498 
0.864  	 -0.7137372052495432 
0.865  	 -0.7208149390359584 
0.866  	 -0.7278206979340269 
0.867  	 -0.734753780056785 
0.868  	 -0.7416134907743938 
0.869  	 -0.7483991427837335 
0.87  	 -0.7551100561772678 
0.871  	 -0.7617455585111675 
0.872  	 -0.7683049848726913 
0.873  	 -0.7747876779468119 
0.874  	 -0.7811929880820856 
0.875  	 -0.7875202733557549 
0.876  	 -0.7937688996380802 
0.877  	 -0.7999382406558925 
0.878  	 -0.8060276780553618 
0.879  	 -0.8120366014639743 
0.88  	 -0.8179644085517122 
0.881  	 -0.8238105050914306 
0.882  	 -0.8295743050184247 
0.883  	 -0.8352552304891815 
0.884  	 -0.8408527119393104 
0.885  	 -0.8463661881406471 
0.886  	 -0.8517951062575237 
0.887  	 -0.8571389219022014 
0.888  	 -0.8623970991894585 
0.889  	 -0.8675691107903293 
0.89  	 -0.8726544379849881 
0.891  	 -0.8776525707147729 
0.892  	 -0.8825630076333436 
0.893  	 -0.8873852561569702 
0.894  	 -0.8921188325139444 
0.895  	 -0.8967632617931124 
0.896  	 -0.9013180779915203 
0.897  	 -0.9057828240611708 
0.898  	 -0.9101570519548846 
0.899  	 -0.9144403226712621 
0.9  	 -0.9186322062987412 
0.901  	 -0.9227322820587475 
0.902  	 -0.9267401383479301 
0.903  	 -0.9306553727794825 
0.904  	 -0.9344775922235404 
0.905  	 -0.938206412846656 
0.906  	 -0.9418414601503416 
0.907  	 -0.9453823690086823 
0.908  	 -0.9488287837050094 
0.909  	 -0.9521803579676353 
0.91  	 -0.9554367550046433 
0.911  	 -0.9585976475377305 
0.912  	 -0.9616627178350992 
0.913  	 -0.9646316577433943 
0.914  	 -0.9675041687186836 
0.915  	 -0.9702799618564766 
0.916  	 -0.9729587579207806 
0.917  	 -0.9755402873721899 
0.918  	 -0.9780242903950057 
0.919  	 -0.9804105169233838 
0.92  	 -0.9826987266665077 
0.921  	 -0.9848886891327849 
0.922  	 -0.9869801836530626 
0.923  	 -0.988972999402862 
0.924  	 -0.9908669354236284 
0.925  	 -0.9926618006429946 
0.926  	 -0.9943574138940562 
0.927  	 -0.9959536039336563 
0.928  	 -0.9974502094596776 
0.929  	 -0.9988470791273415 
0.93  	 -1.000144071564511 
0.931  	 -1.001341055385995 
0.9320000000000001  	 -1.002437909206858 
0.9330000000000001  	 -1.003434521654726 
0.9340000000000001  	 -1.00433079138109 
0.9350000000000001  	 -1.005126627071615 
0.9360000000000001  	 -1.005821947455436 
0.9370000000000001  	 -1.006416681313454 
0.9380000000000001  	 -1.006910767485628 
0.9390000000000001  	 -1.007304154877261 
0.9400000000000001  	 -1.007596802464274 
0.9410000000000001  	 -1.00778867929748 
0.9420000000000001  	 -1.007879764505849 
0.9430000000000001  	 -1.00787004729876 
0.9440000000000001  	 -1.007759526967247 
0.9450000000000001  	 -1.007548212884245 
0.9460000000000001  	 -1.007236124503813 
0.9470000000000001  	 -1.006823291359362 
0.9480000000000001  	 -1.006309753060865 
0.9490000000000001  	 -1.005695559291066 
0.9500000000000001  	 -1.00498076980068 
0.9510000000000001  	 -1.004165454402581 
0.9520000000000001  	 -1.00324969296499 
0.9530000000000001  	 -1.002233575403654 
0.9540000000000001  	 -1.001117201673021 
0.9550000000000001  	 -0.9999006817564098 
0.9560000000000001  	 -0.9985841356551777 
0.9570000000000001  	 -0.9971676933768846 
0.9580000000000001  	 -0.995651494922458 
0.9590000000000001  	 -0.9940356902723566 
0.96  	 -0.9923204393717369 
0.961  	 -0.9905059121146217 
0.962  	 -0.9885922883270745 
0.963  	 -0.9865797577493791 
0.964  	 -0.9844685200172284 
0.965  	 -0.9822587846419223 
0.966  	 -0.9799507709895781 
0.967  	 -0.9775447082593546 
0.968  	 -0.9750408354606926 
0.969  	 -0.972439401389574 
0.97  	 -0.9697406646038007 
0.971  	 -0.9669448933972986 
0.972  	 -0.9640523657734453 
0.973  	 -0.961063369417428 
0.974  	 -0.9579782016676311 
0.975  	 -0.9547971694860596 
0.976  	 -0.9515205894277975 
0.977  	 -0.9481487876095079 
0.978  	 -0.9446820996769756 
0.979  	 -0.9411208707716955 
0.98  	 -0.9374654554965119 
0.981  	 -0.9337162178803106 
0.982  	 -0.9298735313417663 
0.983  	 -0.9259377786521528 
0.984  	 -0.9219093518972147 
0.985  	 -0.9177886524381084 
0.986  	 -0.9135760908714141 
0.987  	 -0.909272086988224 
0.988  	 -0.9048770697323094 
0.989  	 -0.9003914771573723 
0.99  	 -0.8958157563833853 
0.991  	 -0.8911503635520232 
0.992  	 -0.8863957637811923 
0.993  	 -0.8815524311186613 
0.994  	 -0.876620848494797 
0.995  	 -0.8716015076744127 
0.996  	 -0.8664949092077303 
0.997  	 -0.861301562380465 
0.998  	 -0.856021985163033 
0.999  	 -0.8506567041588923 
1  	 -0.8452062545520171 
1.001  	 -0.8396711800535145 
1.002  	 -0.8340520328473866 
1.003  	 -0.828349373535445 
1.004  	 -0.8225637710813819 
1.005  	 -0.8166958027540041 
1.006  	 -0.8107460540696356 
1.007  	 -0.8047151187336943 
1.008  	 -0.7986035985814482 
1.009  	 -0.7924121035179585 
1.01  	 -0.7861412514572135 
1.011  	 -0.7797916682604611 
1.012  	 -0.7733639876737455 
1.013  	 -0.7668588512646537 
1.014  	 -0.7602769083582793 
1.015  	 -0.7536188159724089 
1.016  	 -0.7468852387519381 
1.017  	 -0.7400768489025241 
1.018  	 -0.73319432612348 
1.019  	 -0.7262383575399193 
1.02  	 -0.7192096376341565 
1.021  	 -0.7121088681763702 
1.022  	 -0.7049367581545369 
1.023  	 -0.6976940237036412 
1.024  	 -0.6903813880341696 
1.025  	 -0.6829995813598969 
1.026  	 -0.6755493408249694 
1.027  	 -0.6680314104302947 
1.028  	 -0.6604465409592437 
1.029  	 -0.652795489902674 
1.03  	 -0.6450790213832804 
1.031  	 -0.6372979060792814 
1.032  	 -0.6294529211474479 
1.033  	 -0.6215448501454837 
1.034  	 -0.613574482953764 
1.035  	 -0.6055426156964405 
1.036  	 -0.5974500506619198 
1.037  	 -0.5892975962227252 
1.038  	 -0.5810860667547481 
1.039  	 -0.5728162825558973 
1.04  	 -0.5644890697641556 
1.041  	 -0.5561052602750493 
1.042  	 -0.5476656916585423 
1.043  	 -0.5391712070753603 
1.044  	 -0.5306226551927543 
1.045  	 -0.5220208900997128 
1.046  	 -0.513366771221629 
1.047  	 -0.5046611632344344 
1.048  	 -0.4959049359782048 
1.049  	 -0.4870989643702484 
1.05  	 -0.4782441283176849 
1.051  	 -0.4693413126295247 
1.052  	 -0.4603914069282548 
1.053  	 -0.4513953055609434 
1.054  	 -0.4423539075098695 
1.055  	 -0.4332681163026879 
1.056  	 -0.4241388399221377 
1.057  	 -0.4149669907153044 
1.058  	 -0.4057534853024426 
1.059  	 -0.3964992444853719 
1.06  	 -0.387205193155451 
1.061  	 -0.3778722602011423 
1.062  	 -0.3685013784151754 
1.063  	 -0.3590934844013176 
1.064  	 -0.3496495184807623 
1.065  	 -0.3401704245981447 
1.066  	 -0.3306571502271917 
1.067  	 -0.3211106462760194 
1.068  	 -0.3115318669920837 
1.069  	 -0.3019217698667968 
1.07  	 -0.2922813155398163 
1.071  	 -0.2826114677030192 
1.072  	 -0.2729131930041678 
1.073  	 -0.2631874609502793 
1.074  	 -0.2534352438107071 
1.075  	 -0.2436575165199449 
1.076  	 -0.233855256580162 
1.077  	 -0.2240294439634802 
1.078  	 -0.2141810610140029 
1.079  	 -0.204311092349604 
1.08  	 -0.1944205247634891 
1.081  	 -0.1845103471255362 
1.082  	 -0.1745815502834281 
1.083  	 -0.1646351269635846 
1.084  	 -0.1546720716719059 
1.085  	 -0.1446933805943356 
1.086  	 -0.1347000514972544 
1.087  	 -0.124693083627714 
1.088  	 -0.1146734776135214 
1.089  	 -0.1046422353631832 
1.09  	 -0.09460035996572042 
1.091  	 -0.0845488555903629 
1.092  	 -0.07448872738613509 
1.093  	 -0.06442098138134121 
1.094  	 -0.05434662438296128 
1.095  	 -0.04426666387596742 
1.096  	 -0.03418210792257075 
1.097  	 -0.02409396506140879 
1.098  	 -0.01400324420668358 
1.099  	 -0.003910954547260582 
1.1  	 0.006181894554261649 
1.101  	 0.01627429366250079 
1.102  	 0.02636523337024904 
1.103  	 0.03645370439943033 
1.104  	 0.04653869770204623 
1.105  	 0.05661920456110058 
1.106  	 0.06669421669149267 
1.107  	 0.07676272634086892 
1.108  	 0.08682372639042296 
1.109  	 0.09687621045563403 
1.11  	 0.1069191729869336 
1.111  	 0.1169516093702901 
1.112  	 0.126972516027702 
1.113  	 0.1369808905175885 
1.114  	 0.1469757316350689 
1.115  	 0.1569560395121192 
1.116  	 0.1669208157175973 
1.117  	 0.1768690633571255 
1.118  	 0.1867997871728218 
1.119  	 0.1967119936428684 
1.12  	 0.206604691080909 
1.121  	 0.2164768897352629 
1.122  	 0.2263276018879491 
1.123  	 0.2361558419535069 
1.124  	 0.2459606265776061 
1.125  	 0.2557409747354349 
1.126  	 0.2654959078298567 
1.127  	 0.2752244497893261 
1.128  	 0.2849256271655535 
1.129  	 0.2945984692309089 
1.13  	 0.3042420080755558 
1.131  	 0.3138552787043039 
1.132  	 0.323437319133173 
1.133  	 0.3329871704856567 
1.134  	 0.3425038770886771 
1.135  	 0.3519864865682203 
1.136  	 0.3614340499446445 
1.137  	 0.370845621727649 
1.138  	 0.3802202600108967 
1.139  	 0.3895570265662796 
1.14  	 0.3988549869378171 
1.141  	 0.4081132105351802 
1.142  	 0.417330770726829 
1.143  	 0.4265067449327568 
1.144  	 0.4356402147168303 
1.145  	 0.4447302658787169 
1.146  	 0.4537759885453898 
1.147  	 0.4627764772622015 
1.148  	 0.471730831083518 
1.149  	 0.4806381536629022 
1.15  	 0.4894975533428397 
1.151  	 0.4983081432439967 
1.152  	 0.5070690413540019 
1.153  	 0.5157793706157425 
1.154  	 0.5244382590151668 
1.155  	 0.5330448396685834 
1.156  	 0.5415982509094485 
1.157  	 0.5500976363746335 
1.158  	 0.5585421450901635 
1.159  	 0.5669309315564176 
1.16  	 0.5752631558327838 
1.161  	 0.5835379836217589 
1.162  	 0.5917545863524858 
1.163  	 0.5999121412637188 
1.164  	 0.6080098314862101 
1.165  	 0.6160468461245076 
1.166  	 0.6240223803381567 
1.167  	 0.6319356354222987 
1.168  	 0.6397858188876555 
1.169  	 0.6475721445398954 
1.17  	 0.6552938325583694 
1.171  	 0.662950109574212 
1.172  	 0.6705402087477983 
1.173  	 0.6780633698455485 
1.174  	 0.6855188393160737 
1.175  	 0.6929058703656543 
1.176  	 0.700223723033044 
1.177  	 0.7074716642635914 
1.178  	 0.7146489679826723 
1.179  	 0.721754915168425 
1.18  	 0.7287887939237818 
1.181  	 0.7357498995477882 
1.182  	 0.7426375346062047 
1.183  	 0.7494510090013822 
1.184  	 0.7561896400414047 
1.185  	 0.7628527525084934 
1.186  	 0.7694396787266635 
1.187  	 0.775949758628628 
1.188  	 0.7823823398219421 
1.189  	 0.7887367776543802 
1.19  	 0.7950124352785412 
1.191  	 0.8012086837156724 
1.192  	 0.8073249019187098 
1.193  	 0.8133604768345236 
1.194  	 0.8193148034653677 
1.195  	 0.8251872849295223 
1.196  	 0.8309773325211277 
1.197  	 0.8366843657692002 
1.198  	 0.8423078124958256 
1.199  	 0.8478471088735247 
1.2  	 0.8533016994817835 
1.201  	 0.858671037362745 
1.202  	 0.8639545840760544 
1.203  	 0.8691518097528538 
1.204  	 0.8742621931489202 
1.205  	 0.8792852216969422 
1.206  	 0.8842203915579295 
1.207  	 0.8890672076717502 
1.208  	 0.893825183806791 
1.209  	 0.8984938426087355 
1.21  	 0.9030727156484553 
1.211  	 0.9075613434690085 
1.212  	 0.9119592756317431 
1.213  	 0.9162660707614977 
1.214  	 0.9204812965908976 
1.215  	 0.9246045300037401 
1.216  	 0.9286353570774654 
1.217  	 0.9325733731247086 
1.218  	 0.9364181827339288 
1.219  	 0.9401693998091118 
1.22  	 0.9438266476085402 
1.221  	 0.9473895587826301 
1.222  	 0.9508577754108286 
1.223  	 0.9542309490375682 
1.224  	 0.9575087407072762 
1.225  	 0.9606908209984338 
1.226  	 0.9637768700566826 
1.227  	 0.9667665776269743 
1.228  	 0.9696596430847615 
1.229  	 0.9724557754662255 
1.23  	 0.9751546934975382 
1.231  	 0.9777561256231556 
1.232  	 0.9802598100331397 
1.233  	 0.982665494689506 
1.234  	 0.9849729373515946 
1.235  	 0.9871819056004612 
1.236  	 0.9892921768622862 
1.237  	 0.9913035384308005 
1.238  	 0.9932157874887233 
1.239  	 0.9950287311282121 
1.24  	 0.9967421863703223 
1.241  	 0.9983559801834727 
1.242  	 0.9998699495009181 
1.243  	 1.001283941237224 
1.244  	 1.002597812303745 
1.245  	 1.0038114296231 
1.246  	 1.004924670142654 
1.247  	 1.005937420846987 
1.248  	 1.006849578769368 
1.249  	 1.00766105100222 
1.25  	 1.008371754706579 
1.251  	 1.00898161712055 
1.252  	 1.009490575566748 
1.253  	 1.009898577458738 
1.254  	 1.010205580306464 
1.255  	 1.010411551720663 
1.256  	 1.010516469416275 
1.257  	 1.010520321214841 
1.258  	 1.010423105045888 
1.259  	 1.010224828947307 
1.26  	 1.009925511064713 
1.261  	 1.009525179649805 
1.262  	 1.009023873057705 
1.263  	 1.008421639743289 
1.264  	 1.007718538256514 
1.265  	 1.006914637236725 
1.266  	 1.006010015405963 
1.267  	 1.005004761561257 
1.268  	 1.003898974565909 
1.269  	 1.002692763339779 
1.27  	 1.001386246848555 
1.271  	 0.9999795540920252 
1.272  	 0.9984728240913389 
1.273  	 0.9968662058752732 
1.274  	 0.995159858465493 
1.275  	 0.9933539508608135 
1.276  	 0.9914486620204631 
1.277  	 0.989444180846352 
1.278  	 0.9873407061643438 
1.279  	 0.9851384467045355 
1.28  	 0.9828376210805468 
1.281  	 0.9804384577678195 
1.282  	 0.9779411950809308 
1.283  	 0.9753460811499226 
1.284  	 0.972653373895648 
1.285  	 0.9698633410041382 
1.286  	 0.9669762598999926 
1.287  	 0.9639924177187945 
1.288  	 0.9609121112785548 
1.289  	 0.9577356470501868 
1.29  	 0.9544633411270154 
1.291  	 0.9510955191933232 
1.292  	 0.9476325164919371 
1.293  	 0.9440746777908573 
1.294  	 0.9404223573489346 
1.295  	 0.9366759188805971 
1.296  	 0.9328357355196303 
1.297  	 0.9289021897820151 
1.298  	 0.9248756735278266 
1.299  	 0.9207565879221977 
1.3  	 0.9165453433953513 
1.301  	 0.9122423596017054 
1.302  	 0.9078480653780547 
1.303  	 0.9033628987008334 
1.304  	 0.8987873066424628 
1.305  	 0.8941217453267887 
1.306  	 0.889366679883613 
1.307  	 0.8845225844023231 
1.308  	 0.8795899418846255 
1.309  	 0.8745692441963856 
1.31  	 0.8694609920185821 
1.311  	 0.8642656947973772 
1.312  	 0.8589838706933109 
1.313  	 0.8536160465296212 
1.314  	 0.8481627577396984 
1.315  	 0.8426245483136767 
1.316  	 0.8370019707441693 
1.317  	 0.8312955859711521 
1.318  	 0.8255059633260017 
1.319  	 0.8196336804746932 
1.32  	 0.8136793233601636 
1.321  	 0.8076434861438457 
1.322  	 0.8015267711463804 
1.323  	 0.7953297887875103 
1.324  	 0.7890531575251636 
1.325  	 0.7826975037937326 
1.326  	 0.7762634619415532 
1.327  	 0.7697516741675918 
1.328  	 0.7631627904573466 
1.329  	 0.7564974685179681 
1.33  	 0.7497563737126071 
1.331  	 0.7429401789939952 
1.332  	 0.7360495648372659 
1.333  	 0.7290852191720212 
1.334  	 0.7220478373136523 
1.335  	 0.7149381218939201 
1.336  	 0.7077567827908033 
1.337  	 0.7005045370576197 
1.338  	 0.6931821088514293 
1.339  	 0.6857902293607255 
1.34  	 0.6783296367324224 
1.341  	 0.6708010759981438 
1.342  	 0.6632052989998234 
1.343  	 0.6555430643146222 
1.344  	 0.6478151371791712 
1.345  	 0.6400222894131463 
1.346  	 0.6321652993421844 
1.347  	 0.6242449517201464 
1.348  	 0.6162620376507371 
1.349  	 0.6082173545084879 
1.35  	 0.6001117058591116 
1.351  	 0.5919459013792358 
1.352  	 0.5837207567755246 
1.353  	 0.575437093703196 
1.354  	 0.5670957396839416 
1.355  	 0.55869752802326 
1.356  	 0.5502432977272093 
1.357  	 0.5417338934185879 
1.358  	 0.5331701652525529 
1.359  	 0.5245529688316832 
1.36  	 0.5158831651204967 
1.361  	 0.5071616203594292 
1.362  	 0.4983892059782852 
1.363  	 0.4895667985091672 
1.364  	 0.4806952794988939 
1.365  	 0.471775535420915 
1.366  	 0.4628084575867323 
1.367  	 0.4537949420568348 
1.368  	 0.4447358895511578 
1.369  	 0.4356322053590742 
1.37  	 0.4264847992489276 
1.371  	 0.4172945853771157 
1.372  	 0.4080624821967331 
1.373  	 0.3987894123657837 
1.374  	 0.3894763026549698 
1.375  	 0.380124083855069 
1.376  	 0.3707336906839078 
1.377  	 0.3613060616929403 
1.378  	 0.3518421391734419 
1.379  	 0.3423428690623279 
1.38  	 0.3328092008476056 
1.381  	 0.3232420874734695 
1.382  	 0.3136424852450496 
1.383  	 0.3040113537328216 
1.384  	 0.2943496556766893 
1.385  	 0.2846583568897482 
1.386  	 0.2749384261617401 
1.387  	 0.2651908351622081 
1.388  	 0.2554165583433631 
1.389  	 0.2456165728426685 
1.39  	 0.2357918583851566 
1.391  	 0.2259433971854833 
1.392  	 0.216072173849733 
1.393  	 0.2061791752769815 
1.394  	 0.1962653905606296 
1.395  	 0.1863318108895142 
1.396  	 0.1763794294488087 
1.397  	 0.166409241320722 
1.398  	 0.1564222433850065 
1.399  	 0.1464194342192839 
1.4  	 0.1364018139992 
1.401  	 0.1263703843984184 
1.402  	 0.1163261484884616 
1.403  	 0.1062701106384116 
1.404  	 0.09620327641447887 
1.405  	 0.08612665247944952 
1.406  	 0.07604124649202143 
1.407  	 0.06594806700603907 
1.408  	 0.05584812336963706 
1.409  	 0.04574242562430263 
1.41  	 0.03563198440386701 
1.411  	 0.02551781083343595 
1.412  	 0.0154009164282694 
1.413  	 0.005282312992620435 
1.414  	 -0.004836987481456344 
1.415  	 -0.01495597291531691 
1.416  	 -0.02507363124495024 
1.417  	 -0.03518895052220103 
1.418  	 -0.0453009190159824 
1.419  	 -0.05540852531346872 
1.42  	 -0.06551075842125814 
1.421  	 -0.07560660786649495 
1.422  	 -0.08569506379794158 
1.423  	 -0.09577511708699003 
1.424  	 -0.1058457594286028 
1.425  	 -0.1159059834421731 
1.426  	 -0.1259547827722942 
1.427  	 -0.1359911521894279 
1.428  	 -0.1460140876904628 
1.429  	 -0.1560225865991498 
1.43  	 -0.166015647666409 
1.431  	 -0.1759922711704933 
1.432  	 -0.1859514590170024 
1.433  	 -0.195892214838735 
1.434  	 -0.2058135440953699 
1.435  	 -0.2157144541729667 
1.436  	 -0.2255939544832747 
1.437  	 -0.2354510565628412 
1.438  	 -0.2452847741719091 
1.439  	 -0.2550941233930933 
1.44  	 -0.2648781227298272 
1.441  	 -0.2746357932045675 
1.442  	 -0.2843661584567505 
1.443  	 -0.294068244840486 
1.444  	 -0.303741081521984 
1.445  	 -0.3133837005766989 
1.446  	 -0.3229951370861869 
1.447  	 -0.3325744292346627 
1.448  	 -0.3421206184052482 
1.449  	 -0.3516327492759026 
1.45  	 -0.3611098699150248 
1.451  	 -0.370551031876718 
1.452  	 -0.3799552902957078 
1.453  	 -0.3893217039819029 
1.454  	 -0.3986493355145905 
1.455  	 -0.4079372513362564 
1.456  	 -0.4171845218460192 
1.457  	 -0.4263902214926718 
1.458  	 -0.4355534288673185 
1.459  	 -0.4446732267955992 
1.46  	 -0.4537487024294924 
1.461  	 -0.4627789473386866 
1.462  	 -0.4717630576015108 
1.463  	 -0.4807001338954169 
1.464  	 -0.4895892815870024 
1.465  	 -0.4984296108215665 
1.466  	 -0.5072202366121887 
1.467  	 -0.5159602789283234 
1.468  	 -0.524648862783899 
1.469  	 -0.5332851183249148 
1.47  	 -0.5418681809165254 
1.471  	 -0.5503971912296055 
1.472  	 -0.5588712953267841 
1.473  	 -0.5672896447479424 
1.474  	 -0.5756513965951641 
1.475  	 -0.5839557136171313 
1.476  	 -0.5922017642929575 
1.477  	 -0.6003887229154478 
1.478  	 -0.6085157696737801 
1.479  	 -0.6165820907355971 
1.48  	 -0.6245868783285027 
1.481  	 -0.6325293308209522 
1.482  	 -0.6404086528025313 
1.483  	 -0.6482240551636133 
1.484  	 -0.6559747551743871 
1.485  	 -0.6636599765632498 
1.486  	 -0.6712789495945533 
1.487  	 -0.6788309111456989 
1.488  	 -0.6863151047835726 
1.489  	 -0.6937307808403111 
1.49  	 -0.7010771964883941 
1.491  	 -0.7083536158150517 
1.492  	 -0.7155593098959843 
1.493  	 -0.7226935568683812 
1.494  	 -0.7297556420032378 
1.495  	 -0.7367448577769576 
1.496  	 -0.7436605039422364 
1.497  	 -0.7505018875982191 
1.498  	 -0.757268323259924 
1.499  	 -0.7639591329269249 
1.5  	 -0.7705736461512871 
1.501  	 -0.777111200104749 
1.502  	 -0.783571139645142 
1.503  	 -0.7899528173820436 
1.504  	 -0.7962555937416556 
1.505  	 -0.8024788370309022 
1.506  	 -0.8086219235007408 
1.507  	 -0.814684237408679 
1.508  	 -0.8206651710804924 
1.509  	 -0.8265641249711357 
1.51  	 -0.8323805077248428 
1.511  	 -0.8381137362344079 
1.512  	 -0.8437632356996432 
1.513  	 -0.8493284396850064 
1.514  	 -0.8548087901763928 
1.515  	 -0.8602037376370859 
1.516  	 -0.8655127410628612 
1.517  	 -0.8707352680362376 
1.518  	 -0.8758707947798702 
1.519  	 -0.880918806209081 
1.52  	 -0.8858787959835204 
1.521  	 -0.8907502665579546 
1.522  	 -0.8955327292321753 
1.523  	 -0.9002257042000245 
1.524  	 -0.9048287205975308 
1.525  	 -0.9093413165501533 
1.526  	 -0.9137630392191252 
1.527  	 -0.918093444846896 
1.528  	 -0.922332098801666 
1.529  	 -0.9264785756210079 
1.53  	 -0.9305324590545729 
1.531  	 -0.9344933421058764 
1.532  	 -0.9383608270731578 
1.533  	 -0.9421345255893121 
1.534  	 -0.9458140586608884 
1.535  	 -0.949399056706152 
1.536  	 -0.9528891595922045 
1.537  	 -0.9562840166711614 
1.538  	 -0.9595832868153794 
1.539  	 -0.9627866384517344 
1.54  	 -0.9658937495949428 
1.541  	 -0.9689043078799251 
1.542  	 -0.9718180105932079 
1.543  	 -0.9746345647033607 
1.544  	 -0.9773536868904654 
1.545  	 -0.9799751035746146 
1.546  	 -0.9824985509434363 
1.547  	 -0.9849237749786423 
1.548  	 -0.987250531481597 
1.549  	 -0.9894785860979057 
1.55  	 -0.991607714341017 
1.551  	 -0.9936377016148399 
1.552  	 -0.9955683432353717 
1.553  	 -0.9973994444513351 
1.554  	 -0.9991308204638218 
1.555  	 -1.000762296444942 
1.556  	 -1.002293707555474 
1.557  	 -1.00372489896152 
1.558  	 -1.005055725850158 
1.559  	 -1.006286053444091 
1.56  	 -1.007415757015296 
1.561  	 -1.008444721897667 
1.562  	 -1.009372843498646 
1.563  	 -1.01020002730986 
1.564  	 -1.010926188916736 
1.565  	 -1.011551254007111 
1.566  	 -1.012075158378837 
1.567  	 -1.012497847946371 
1.568  	 -1.012819278746348 
1.569  	 -1.013039416942151 
1.57  	 -1.013158238827462 
1.571  	 -1.013175730828806 
1.572  	 -1.013091889507071 
1.573  	 -1.012906721558027 
1.574  	 -1.012620243811819 
1.575  	 -1.012232483231461 
1.576  	 -1.0117434769103 
1.577  	 -1.011153272068482 
1.578  	 -1.010461926048391 
1.579  	 -1.009669506309088 
1.58  	 -1.008776090419733 
1.581  	 -1.00778176605199 
1.582  	 -1.006686630971433 
1.583  	 -1.005490793027933 
1.584  	 -1.004194370145039 
1.585  	 -1.002797490308355 
1.586  	 -1.001300291552902 
1.587  	 -0.9997029219494861 
1.588  	 -0.998005539590051 
1.589  	 -0.9962083125720367 
1.59  	 -0.9943114189817324 
1.591  	 -0.9923150468766323 
1.592  	 -0.9902193942667927 
1.593  	 -0.9880246690951944 
1.594  	 -0.9857310892171098 
1.595  	 -0.9833388823784803 
1.596  	 -0.9808482861933022 
1.597  	 -0.9782595481200264 
1.598  	 -0.9755729254369727 
1.599  	 -0.972788685216762 
1.6  	 -0.9699071042997675 
1.601  	 -0.9669284692665896 
1.602  	 -0.9638530764095556 
1.603  	 -0.9606812317032478 
1.604  	 -0.9574132507740624 
1.605  	 -0.9540494588688029 
1.606  	 -0.9505901908223109 
1.607  	 -0.947035791024137 
1.608  	 -0.9433866133842558 
1.609  	 -0.9396430212978278 
1.61  	 -0.9358053876090128 
1.611  	 -0.9318740945738364 
1.612  	 -0.9278495338221161 
1.613  	 -0.9237321063184478 
1.614  	 -0.9195222223222591 
1.615  	 -0.9152203013469313 
1.616  	 -0.9108267721179965 
1.617  	 -0.9063420725304109 
1.618  	 -0.901766649604912 
1.619  	 -0.8971009594434617 
1.62  	 -0.8923454671837796 
1.621  	 -0.887500646952973 
1.622  	 -0.8825669818202668 
1.623  	 -0.8775449637488375 
1.624  	 -0.8724350935467577 
1.625  	 -0.8672378808170549 
1.626  	 -0.8619538439068894 
1.627  	 -0.8565835098558578 
1.628  	 -0.8511274143434252 
1.629  	 -0.8455861016354929 
1.63  	 -0.8399601245301063 
1.631  	 -0.8342500443023088 
1.632  	 -0.8284564306481468 
1.633  	 -0.8225798616278311 
1.634  	 -0.8166209236080619 
1.635  	 -0.8105802112035205 
1.636  	 -0.8044583272175365 
1.637  	 -0.7982558825819344 
1.638  	 -0.7919734962960661 
1.639  	 -0.7856117953650359 
1.64  	 -0.7791714147371235 
1.641  	 -0.7726529972404114 
1.642  	 -0.7660571935186234 
1.643  	 -0.7593846619661805 
1.644  	 -0.7526360686624799 
1.645  	 -0.7458120873054048 
1.646  	 -0.7389133991440711 
1.647  	 -0.7319406929108172 
1.648  	 -0.7248946647524455 
1.649  	 -0.7177760181607192 
1.65  	 -0.7105854639021255 
1.651  	 -0.7033237199469082 
1.652  	 -0.69599151139738 
1.653  	 -0.6885895704155194 
1.654  	 -0.6811186361498606 
1.655  	 -0.6735794546616837 
1.656  	 -0.6659727788505118 
1.657  	 -0.6582993683789232 
1.658  	 -0.650559989596686 
1.659  	 -0.6427554154642224 
1.66  	 -0.6348864254754106 
1.661  	 -0.6269538055797321 
1.662  	 -0.6189583481037719 
1.663  	 -0.6109008516720796 
1.664  	 -0.6027821211273996 
1.665  	 -0.5946029674502772 
1.666  	 -0.5863642076780506 
1.667  	 -0.5780666648232351 
1.668  	 -0.5697111677913081 
1.669  	 -0.5612985512979043 
1.67  	 -0.552829655785427 
1.671  	 -0.5443053273390869 
1.672  	 -0.5357264176023737 
1.673  	 -0.5270937836919712 
1.674  	 -0.5184082881121233 
1.675  	 -0.5096707986684594 
1.676  	 -0.5008821883812893 
1.677  	 -0.4920433353983733 
1.678  	 -0.4831551229071799 
1.679  	 -0.4742184390466364 
1.68  	 -0.4652341768183841 
1.681  	 -0.4562032339975446 
1.682  	 -0.4471265130430082 
1.683  	 -0.438004921007251 
1.684  	 -0.428839369445693 
1.685  	 -0.419630774325602 
1.686  	 -0.4103800559345569 
1.687  	 -0.401088138788476 
1.688  	 -0.3917559515392213 
1.689  	 -0.3823844268817875 
1.69  	 -0.3729745014610855 
1.691  	 -0.3635271157783283 
1.692  	 -0.354043214097031 
1.693  	 -0.3445237443486319 
1.694  	 -0.3349696580377454 
1.695  	 -0.3253819101470562 
1.696  	 -0.3157614590418639 
1.697  	 -0.3061092663742878 
1.698  	 -0.2964262969871408 
1.699  	 -0.2867135188174839 
1.7  	 -0.2769719027998678 
1.701  	 -0.2672024227692748 
1.702  	 -0.2574060553637679 
1.703  	 -0.2475837799268583 
1.704  	 -0.2377365784096008 
1.705  	 -0.2278654352724262 
1.706  	 -0.2179713373867223 
1.707  	 -0.2080552739361703 
1.708  	 -0.1981182363178505 
1.709  	 -0.1881612180431228 
1.71  	 -0.1781852146382955 
1.711  	 -0.1681912235450906 
1.712  	 -0.1581802440209157 
1.713  	 -0.1481532770389526 
1.714  	 -0.1381113251880728 
1.715  	 -0.1280553925725897 
1.716  	 -0.1179864847118577 
1.717  	 -0.1079056084397274 
1.718  	 -0.09781377180386905 
1.719  	 -0.08771198396497124 
1.72  	 -0.07760125509582788 
1.721  	 -0.06748259628032167 
1.722  	 -0.05735701941231491 
1.723  	 -0.04722553709445756 
1.724  	 -0.03708916253692284 
1.725  	 -0.02694890945608021 
1.726  	 -0.01680579197311619 
1.727  	 -0.006660824512612911 
1.728  	 0.003484978298905352 
1.729  	 0.01363060173444751 
1.73  	 0.02377503106804279 
1.731  	 0.03391725167622934 
1.732  	 0.04405624913953444 
1.733  	 0.05419100934393585 
1.734  	 0.06432051858229437 
1.735  	 0.07444376365574744 
1.736  	 0.08455973197505345 
1.737  	 0.09466741166187695 
1.738  	 0.1047657916500043 
1.739  	 0.1148538617864799 
1.74  	 0.1249306129326526 
1.741  	 0.1349950370651227 
1.742  	 0.1450461273765784 
1.743  	 0.1550828783765133 
1.744  	 0.1651042859918128 
1.745  	 0.1751093476672015 
1.746  	 0.1850970624655392 
1.747  	 0.1950664311679583 
1.748  	 0.2050164563738294 
1.749  	 0.2149461426005479 
1.75  	 0.2248544963831298 
1.751  	 0.2347405263736077 
1.752  	 0.2446032434402166 
1.753  	 0.2544416607663597 
1.754  	 0.264254793949344 
1.755  	 0.2740416610988769 
1.756  	 0.2838012829353121 
1.757  	 0.2935326828876373 
1.758  	 0.3032348871911911 
1.759  	 0.3129069249851025 
1.76  	 0.3225478284094402 
1.761  	 0.3321566327020641 
1.762  	 0.3417323762951686 
1.763  	 0.3512741009115078 
1.764  	 0.3607808516602931 
1.765  	 0.370251677132754 
1.766  	 0.3796856294973522 
1.767  	 0.3890817645946393 
1.768  	 0.3984391420317488 
1.769  	 0.4077568252765133 
1.77  	 0.4170338817511968 
1.771  	 0.4262693829258333 
1.772  	 0.4354624044111618 
1.773  	 0.444612026051149 
1.774  	 0.4537173320150902 
1.775  	 0.4627774108892787 
1.776  	 0.4717913557682354 
1.777  	 0.4807582643454891 
1.778  	 0.4896772390038978 
1.779  	 0.4985473869055029 
1.78  	 0.5073678200809069 
1.781  	 0.5161376555181654 
1.782  	 0.5248560152511853 
1.783  	 0.5335220264476191 
1.784  	 0.5421348214962478 
1.785  	 0.5506935380938425 
1.786  	 0.5591973193314971 
1.787  	 0.5676453137804228 
1.788  	 0.5760366755771958 
1.789  	 0.5843705645084497 
1.79  	 0.5926461460950043 
1.791  	 0.6008625916754226 
1.792  	 0.6090190784889867 
1.793  	 0.6171147897580859 
1.794  	 0.6251489147700063 
1.795  	 0.6331206489581171 
1.796  	 0.6410291939824415 
1.797  	 0.6488737578096077 
1.798  	 0.6566535547921697 
1.799  	 0.6643678057472913 
1.8  	 0.672015738034784 
1.801  	 0.6795965856344928 
1.802  	 0.6871095892230206 
1.803  	 0.6945539962497841 
1.804  	 0.7019290610123939 
1.805  	 0.7092340447313507 
1.806  	 0.7164682156240499 
1.807  	 0.7236308489780892 
1.808  	 0.7307212272238679 
1.809  	 0.7377386400064754 
1.81  	 0.7446823842568576 
1.811  	 0.7515517642622568 
1.812  	 0.7583460917359164 
1.813  	 0.7650646858860444 
1.814  	 0.7717068734840282 
1.815  	 0.7782719889318946 
1.816  	 0.784759374329007 
1.817  	 0.7911683795379943 
1.818  	 0.7974983622499046 
1.819  	 0.8037486880485765 
1.82  	 0.8099187304742225 
1.821  	 0.8160078710862178 
1.822  	 0.8220154995250872 
1.823  	 0.8279410135736865 
1.824  	 0.8337838192175686 
1.825  	 0.8395433307045314 
1.826  	 0.8452189706033401 
1.827  	 0.8508101698616184 
1.828  	 0.8563163678629023 
1.829  	 0.8617370124828512 
1.83  	 0.8670715601446107 
1.831  	 0.8723194758733217 
1.832  	 0.8774802333497692 
1.833  	 0.8825533149631677 
1.834  	 0.8875382118630749 
1.835  	 0.8924344240104314 
1.836  	 0.8972414602277191 
1.837  	 0.9019588382482348 
1.838  	 0.9065860847644728 
1.839  	 0.911122735475613 
1.84  	 0.9155683351341077 
1.841  	 0.9199224375913655 
1.842  	 0.9241846058425242 
1.843  	 0.9283544120703108 
1.844  	 0.9324314376879836 
1.845  	 0.9364152733813513 
1.846  	 0.9403055191498649 
1.847  	 0.9441017843467802 
1.848  	 0.9478036877183841 
1.849  	 0.9514108574422829 
1.85  	 0.9549229311647478 
1.851  	 0.9583395560371133 
1.852  	 0.9616603887512268 
1.853  	 0.9648850955739439 
1.854  	 0.9680133523806659 
1.855  	 0.9710448446879185 
1.856  	 0.9739792676849657 
1.857  	 0.9768163262644565 
1.858  	 0.9795557350521026 
1.859  	 0.9821972184353824 
1.86  	 0.9847405105912697 
1.861  	 0.9871853555129829 
1.862  	 0.989531507035754 
1.863  	 0.9917787288616126 
1.864  	 0.9939267945831842 
1.865  	 0.9959754877064997 
1.866  	 0.9979246016728129 
1.867  	 0.999773939879426 
1.868  	 1.001523315699518 
1.869  	 1.003172552500979 
1.87  	 1.004721483664238 
1.871  	 1.006169952599102 
1.872  	 1.007517812760576 
1.873  	 1.008764927663695 
1.874  	 1.009911170897337 
1.875  	 1.010956426137039 
1.876  	 1.011900587156792 
1.877  	 1.012743557839843 
1.878  	 1.013485252188469 
1.879  	 1.014125594332753 
1.88  	 1.014664518538334 
1.881  	 1.015101969213158 
1.882  	 1.015437900913203 
1.883  	 1.015672278347193 
1.884  	 1.015805076380299 
1.885  	 1.01583628003682 
1.886  	 1.015765884501853 
1.887  	 1.015593895121942 
1.888  	 1.015320327404713 
1.889  	 1.014945207017492 
1.89  	 1.014468569784911 
1.891  	 1.013890461685486 
1.892  	 1.013210938847197 
1.893  	 1.012430067542038 
1.894  	 1.011547924179561 
1.895  	 1.010564595299398 
1.896  	 1.00948017756278 
1.897  	 1.008294777743037 
1.898  	 1.007008512715085 
1.899  	 1.005621509443906 
1.9  	 1.004133904972021 
1.901  	 1.002545846405946 
1.902  	 1.000857490901652 
1.903  	 0.9990690056490118 
1.904  	 0.9971805678552454 
1.905  	 0.9951923647273654 
1.906  	 0.9931045934536185 
1.907  	 0.9909174611839304 
1.908  	 0.9886311850093541 
1.909  	 0.9862459919405224 
1.91  	 0.9837621188851091 
1.911  	 0.9811798126242994 
1.912  	 0.9784993297882727 
1.913  	 0.9757209368306992 
1.914  	 0.9728449100022546 
1.915  	 0.9698715353231541 
1.916  	 0.9668011085547084 
1.917  	 0.9636339351699053 
1.918  	 0.9603703303230199 
1.919  	 0.9570106188182553 
1.92  	 0.9535551350774182 
1.921  	 0.9500042231066312 
1.922  	 0.9463582364620874 
1.923  	 0.9426175382148476 
1.924  	 0.938782500914687 
1.925  	 0.9348535065529914 
1.926  	 0.9308309465247101 
1.927  	 0.926715221589367 
1.928  	 0.9225067418311341 
1.929  	 0.9182059266179724 
1.93  	 0.9138132045598429 
1.931  	 0.9093290134659934 
1.932  	 0.9047538003013237 
1.933  	 0.9000880211418347 
1.934  	 0.8953321411291658 
1.935  	 0.8904866344242242 
1.936  	 0.8855519841599118 
1.937  	 0.8805286823929539 
1.938  	 0.8754172300548346 
1.939  	 0.8702181369018437 
1.94  	 0.8649319214642399 
1.941  	 0.8595591109945362 
1.942  	 0.8541002414149114 
1.943  	 0.8485558572637544 
1.944  	 0.8429265116413449 
1.945  	 0.8372127661546779 
1.946  	 0.8314151908614354 
1.947  	 0.8255343642131132 
1.948  	 0.8195708729973059 
1.949  	 0.813525312279158 
1.95  	 0.8073982853419865 
1.951  	 0.8011904036270794 
1.952  	 0.794902286672678 
1.953  	 0.788534562052149 
1.954  	 0.7820878653113501 
1.955  	 0.7755628399051993 
1.956  	 0.7689601371334502 
1.957  	 0.7622804160756835 
1.958  	 0.7555243435255176 
1.959  	 0.7486925939240472 
1.96  	 0.7417858492925169 
1.961  	 0.7348047991642338 
1.962  	 0.7277501405157288 
1.963  	 0.7206225776971723 
1.964  	 0.7134228223620506 
1.965  	 0.7061515933961111 
1.966  	 0.6988096168455834 
1.967  	 0.6913976258446818 
1.968  	 0.6839163605423991 
1.969  	 0.6763665680285968 
1.97  	 0.6687490022593999 
1.971  	 0.6610644239819039 
1.972  	 0.6533136006582012 
1.973  	 0.6454973063887349 
1.974  	 0.6376163218349871 
1.975  	 0.6296714341415095 
1.976  	 0.6216634368573053 
1.977  	 0.6135931298565678 
1.978  	 0.6054613192587861 
1.979  	 0.5972688173482247 
1.98  	 0.5890164424927845 
1.981  	 0.5807050190622551 
1.982  	 0.5723353773459644 
1.983  	 0.5639083534698353 
1.984  	 0.5554247893128573 
1.985  	 0.5468855324229814 
1.986  	 0.538291435932446 
1.987  	 0.5296433584725433 
1.988  	 0.5209421640878348 
1.989  	 0.5121887221498228 
1.99  	 0.5033839072700887 
1.991  	 0.4945285992129053 
1.992  	 0.4856236828073321 
1.993  	 0.4766700478588032 
1.994  	 0.4676685890602155 
1.995  	 0.4586202059025266 
1.996  	 0.4495258025848718 
1.997  	 0.440386287924208 
1.998  	 0.431202575264495 
1.999  	 0.4219755823854217 
2  	 0.4127062314106879 
2.001  	 0.4033954487158496 
2.002  	 0.3940441648357379 
2.003  	 0.3846533143714597 
2.004  	 0.3752238358969909 
2.005  	 0.3657566718653707 
2.006  	 0.3562527685145053 
2.007  	 0.3467130757725927 
2.008  	 0.3371385471631766 
2.009  	 0.3275301397098383 
2.01  	 0.317888813840538 
2.011  	 0.3082155332916134 
2.012  	 0.298511265011446 
2.013  	 0.2887769790638047 
2.014  	 0.2790136485308755 
2.015  	 0.2692222494159887 
2.016  	 0.2594037605460517 
2.017  	 0.2495591634736978 
2.018  	 0.2396894423791609 
2.019  	 0.2297955839718857 
2.02  	 0.2198785773918834 
2.021  	 0.2099394141108422 
2.022  	 0.1999790878330039 
2.023  	 0.1899985943958145 
2.024  	 0.1799989316703605 
2.025  	 0.1699810994615997 
2.026  	 0.1599460994083974 
2.027  	 0.1498949348833769 
2.028  	 0.1398286108925955 
2.029  	 0.1297481339750552 
2.03  	 0.1196545121020585 
2.031  	 0.1095487545764187 
2.032  	 0.09943187193153663 
2.033  	 0.08930487583035109 
2.034  	 0.07916877896417586 
2.035  	 0.06902459495143148 
2.036  	 0.05887333823628287 
2.037  	 0.04871602398719257 
2.038  	 0.03855366799539997 
2.039  	 0.02838728657333644 
2.04  	 0.01821789645298669 
2.041  	 0.008046514684206488 
2.042  	 -0.00212584146699314 
2.043  	 -0.01229815462018502 
2.044  	 -0.02246940738227805 
2.045  	 -0.03263858244927244 
2.046  	 -0.04280466270800768 
2.047  	 -0.05296663133789314 
2.048  	 -0.06312347191261111 
2.049  	 -0.07327416850178213 
2.05  	 -0.08341770577258234 
2.051  	 -0.09355306909130283 
2.052  	 -0.1036792446248407 
2.053  	 -0.1137952194421118 
2.054  	 -0.123899981615375 
2.055  	 -0.1339925203214574 
2.056  	 -0.1440718259428715 
2.057  	 -0.1541368901688129 
2.058  	 -0.1641867060960289 
2.059  	 -0.1742202683295483 
2.06  	 -0.1842365730832625 
2.061  	 -0.1942346182803459 
2.062  	 -0.2042134036535089 
2.063  	 -0.2141719308450698 
2.064  	 -0.2241092035068389 
2.065  	 -0.2340242273998022 
2.066  	 -0.2439160104935963 
2.067  	 -0.2537835630657641 
2.068  	 -0.2636258978007809 
2.069  	 -0.2734420298888423 
2.07  	 -0.2832309771244016 
2.071  	 -0.2929917600044504 
2.072  	 -0.3027234018265288 
2.073  	 -0.3124249287864579 
2.074  	 -0.3220953700757841 
2.075  	 -0.3317337579789254 
2.076  	 -0.3413391279700094 
2.077  	 -0.3509105188093947 
2.078  	 -0.3604469726398648 
2.079  	 -0.3699475350824855 
2.08  	 -0.3794112553321155 
2.081  	 -0.3888371862525621 
2.082  	 -0.3982243844713708 
2.083  	 -0.4075719104742398 
2.084  	 -0.4168788286990514 
2.085  	 -0.4261442076295084 
2.086  	 -0.435367119888368 
2.087  	 -0.4445466423302635 
2.088  	 -0.4536818561341036 
2.089  	 -0.4627718468950416 
2.09  	 -0.4718157047160036 
2.091  	 -0.4808125242987682 
2.092  	 -0.4897614050345868 
2.093  	 -0.4986614510943375 
2.094  	 -0.5075117715182016 
2.095  	 -0.5163114803048547 
2.096  	 -0.525059696500164 
2.097  	 -0.5337555442853815 
2.098  	 -0.5423981530648254 
2.099  	 -0.5509866575530407 
2.1  	 -0.5595201978614296 
2.101  	 -0.5679979195843446 
2.102  	 -0.5764189738846337 
2.103  	 -0.58478251757863 
2.104  	 -0.5930877132205783 
2.105  	 -0.6013337291864883 
2.106  	 -0.6095197397574075 
2.107  	 -0.6176449252021041 
2.108  	 -0.6257084718591537 
2.109  	 -0.6337095722184188 
2.11  	 -0.6416474250019157 
2.111  	 -0.6495212352440586 
2.112  	 -0.6573302143712741 
2.113  	 -0.6650735802809777 
2.114  	 -0.6727505574199043 
2.115  	 -0.6803603768617849 
2.116  	 -0.6879022763843619 
2.117  	 -0.6953755005457355 
2.118  	 -0.7027793007600326 
2.119  	 -0.7101129353723915 
2.12  	 -0.7173756697332552 
2.121  	 -0.724566776271964 
2.122  	 -0.7316855345696428 
2.123  	 -0.7387312314313734 
2.124  	 -0.7457031609576458 
2.125  	 -0.7526006246150807 
2.126  	 -0.7594229313064172 
2.127  	 -0.7661693974397572 
2.128  	 -0.7728393469970605 
2.129  	 -0.7794321116018835 
2.13  	 -0.7859470305863555 
2.131  	 -0.7923834510573835 
2.132  	 -0.7987407279620823 
2.133  	 -0.8050182241524203 
2.134  	 -0.8112153104490765 
2.135  	 -0.8173313657045007 
2.136  	 -0.823365776865173 
2.137  	 -0.8293179390330527 
2.138  	 -0.8351872555262145 
2.139  	 -0.8409731379386629 
2.14  	 -0.8466750061993198 
2.141  	 -0.8522922886301803 
2.142  	 -0.857824422003629 
2.143  	 -0.8632708515989129 
2.144  	 -0.8686310312577643 
2.145  	 -0.8739044234391675 
2.146  	 -0.8790904992732654 
2.147  	 -0.8841887386143995 
2.148  	 -0.889198630093278 
2.149  	 -0.8941196711682675 
2.15  	 -0.8989513681758018 
2.151  	 -0.9036932363799046 
2.152  	 -0.9083448000208194 
2.153  	 -0.9129055923627427 
2.154  	 -0.9173751557406555 
2.155  	 -0.9217530416062483 
2.156  	 -0.9260388105729347 
2.157  	 -0.9302320324599505 
2.158  	 -0.9343322863355314 
2.159  	 -0.9383391605591677 
2.16  	 -0.9422522528229289 
2.161  	 -0.9460711701918576 
2.162  	 -0.9497955291434245 
2.163  	 -0.9534249556060443 
2.164  	 -0.9569590849966463 
2.165  	 -0.9603975622572962 
2.166  	 -0.9637400418908671 
2.167  	 -0.9669861879957536 
2.168  	 -0.9701356742996273 
2.169  	 -0.97318818419223 
2.17  	 -0.9761434107572006 
2.171  	 -0.9790010568029334 
2.172  	 -0.9817608348924641 
2.173  	 -0.9844224673723808 
2.174  	 -0.9869856864007565 
2.175  	 -0.9894502339741014 
2.176  	 -0.9918158619533316 
2.177  	 -0.9940823320887511 
2.178  	 -0.9962494160440454 
2.179  	 -0.9983168954192843 
2.18  	 -1.000284561772931 
2.181  	 -1.002152216642855 
2.182  	 -1.00391967156635 
2.183  	 -1.005586748099146 
2.184  	 -1.007153277833427 
2.185  	 -1.008619102414841 
2.186  	 -1.009984073558506 
2.187  	 -1.011248053064005 
2.188  	 -1.012410912829382 
2.189  	 -1.01347253486412 
2.19  	 -1.01443281130111 
2.191  	 -1.015291644407607 
2.192  	 -1.016048946595179 
2.193  	 -1.01670464042863 
2.194  	 -1.017258658633918 
2.195  	 -1.017710944105052 
2.196  	 -1.018061449909974 
2.197  	 -1.01831013929542 
2.198  	 -1.018456985690766 
2.199  	 -1.01850197271086 
2.2  	 -1.018445094157825 
2.201  	 -1.01828635402185 
2.202  	 -1.018025766480962 
2.203  	 -1.01766335589978 
2.204  	 -1.017199156827241 
2.205  	 -1.016633213993323 
2.206  	 -1.015965582304735 
2.207  	 -1.015196326839597 
2.208  	 -1.014325522841101 
2.209  	 -1.013353255710155 
2.21  	 -1.01227962099701 
2.211  	 -1.011104724391875 
2.212  	 -1.009828681714512 
2.213  	 -1.008451618902825 
2.214  	 -1.006973672000429 
2.215  	 -1.005394987143214 
2.216  	 -1.003715720544899 
2.217  	 -1.001936038481572 
2.218  	 -1.000056117275231 
2.219  	 -0.9980761432763164 
2.22  	 -0.9959963128452384 
2.221  	 -0.9938168323329055 
2.222  	 -0.9915379180602535 
2.223  	 -0.9891597962967752 
2.224  	 -0.9866827032380563 
2.225  	 -0.9841068849823176 
2.226  	 -0.9814325975059662 
2.227  	 -0.9786601066381588 
2.228  	 -0.9757896880343785 
2.229  	 -0.972821627149029 
2.23  	 -0.9697562192070479 
2.231  	 -0.9665937691745428 
2.232  	 -0.9633345917284515 
2.233  	 -0.9599790112252323 
2.234  	 -0.9565273616685838 
2.235  	 -0.9529799866762003 
2.236  	 -0.9493372394455653 
2.237  	 -0.9455994827187851 
2.238  	 -0.941767088746469 
2.239  	 -0.937840439250656 
2.24  	 -0.9338199253867949 
2.241  	 -0.9297059477047801 
2.242  	 -0.9254989161090463 
2.243  	 -0.9211992498177282 
2.244  	 -0.9168073773208866 
2.245  	 -0.9123237363378081 
2.246  	 -0.9077487737733794 
2.247  	 -0.9030829456735433 
2.248  	 -0.8983267171798393 
2.249  	 -0.8934805624830334 
2.25  	 -0.8885449647758429 
2.251  	 -0.8835204162047591 
2.252  	 -0.8784074178209744 
2.253  	 -0.8732064795304181 
2.254  	 -0.8679181200429045 
2.255  	 -0.8625428668204013 
2.256  	 -0.8570812560244205 
2.257  	 -0.8515338324625394 
2.258  	 -0.8459011495340547 
2.259  	 -0.8401837691747773 
2.26  	 -0.8343822618009725 
2.261  	 -0.8284972062524504 
2.262  	 -0.8225291897348131 
2.263  	 -0.8164788077608649 
2.264  	 -0.8103466640911895 
2.265  	 -0.8041333706739023 
2.266  	 -0.7978395475835823 
2.267  	 -0.7914658229593902 
2.268  	 -0.7850128329423791 
2.269  	 -0.7784812216120041 
2.27  	 -0.7718716409218358 
2.271  	 -0.7651847506344865 
2.272  	 -0.7584212182557537 
2.273  	 -0.7515817189679876 
2.274  	 -0.7446669355626907 
2.275  	 -0.7376775583723543 
2.276  	 -0.7306142852015404 
2.277  	 -0.7234778212572147 
2.278  	 -0.716268879078338 
2.279  	 -0.7089881784647234 
2.28  	 -0.701636446405166 
2.281  	 -0.6942144170048524 
2.282  	 -0.6867228314120573 
2.283  	 -0.679162437744134 
2.284  	 -0.6715339910128075 
2.285  	 -0.6638382530487762 
2.286  	 -0.6560759924256302 
2.287  	 -0.6482479843830945 
2.288  	 -0.6403550107496039 
2.289  	 -0.6323978598642174 
2.29  	 -0.6243773264978807 
2.291  	 -0.6162942117740435 
2.292  	 -0.6081493230886407 
2.293  	 -0.5999434740294441 
2.294  	 -0.5916774842947946 
2.295  	 -0.5833521796117207 
2.296  	 -0.5749683916534538 
2.297  	 -0.5665269579563464 
2.298  	 -0.5580287218362033 
2.299  	 -0.5494745323040329 
2.3  	 -0.5408652439812274 
2.301  	 -0.5322017170141811 
2.302  	 -0.523484816988354 
2.303  	 -0.5147154148417905 
2.304  	 -0.5058943867781006 
2.305  	 -0.4970226141789139 
2.306  	 -0.4881009835158135 
2.307  	 -0.4791303862617601 
2.308  	 -0.4701117188020135 
2.309  	 -0.4610458823445622 
2.31  	 -0.4519337828300683 
2.311  	 -0.4427763308413386 
2.312  	 -0.4335744415123288 
2.313  	 -0.4243290344366916 
2.314  	 -0.4150410335758773 
2.315  	 -0.405711367166796 
2.316  	 -0.39634096762905 
2.317  	 -0.3869307714717471 
2.318  	 -0.3774817191999033 
2.319  	 -0.3679947552204435 
2.32  	 -0.3584708277478115 
2.321  	 -0.3489108887091965 
2.322  	 -0.3393158936493875 
2.323  	 -0.3296868016352643 
2.324  	 -0.3200245751599335 
2.325  	 -0.310330180046522 
2.326  	 -0.3006045853516343 
2.327  	 -0.2908487632684859 
2.328  	 -0.2810636890297204 
2.329  	 -0.2712503408099218 
2.33  	 -0.2614096996278306 
2.331  	 -0.2515427492482736 
2.332  	 -0.2416504760838178 
2.333  	 -0.2317338690961577 
2.334  	 -0.221793919697246 
2.335  	 -0.2118316216501772 
2.336  	 -0.2018479709698354 
2.337  	 -0.191843965823314 
2.338  	 -0.1818206064301194 
2.339  	 -0.1717788949621674 
2.34  	 -0.1617198354435824 
2.341  	 -0.1516444336503105 
2.342  	 -0.1415536970095548 
2.343  	 -0.1314486344990445 
2.344  	 -0.1213302565461465 
2.345  	 -0.1111995749268317 
2.346  	 -0.1010576026645031 
2.347  	 -0.09090535392869857 
2.348  	 -0.08074384393367691 
2.349  	 -0.07057408883689772 
2.35  	 -0.06039710563740536 
2.351  	 -0.05021391207412692 
2.352  	 -0.04002552652409456 
2.353  	 -0.02983296790060235 
2.354  	 -0.01963725555130772 
2.355  	 -0.009439409156287827 
2.356  	 0.0007595513739390852 
2.357  	 0.01095860600041703 
2.358  	 0.02115673465777017 
2.359  	 0.03135291735622509 
2.36  	 0.04154613428362715 
2.361  	 0.05173536590744086 
2.362  	 0.06191959307672389 
2.363  	 0.07209779712406467 
2.364  	 0.08226895996747337 
2.365  	 0.09243206421221591 
2.366  	 0.102586093252581 
2.367  	 0.1127300313735702 
2.368  	 0.1228628638524999 
2.369  	 0.1329835770605065 
2.37  	 0.1430911585639436 
2.371  	 0.1531845972256614 
2.372  	 0.1632628833061576 
2.373  	 0.1733250085645913 
2.374  	 0.1833699663596473 
2.375  	 0.1933967517502435 
2.376  	 0.203404361596069 
2.377  	 0.2133917946579439 
2.378  	 0.223358051697991 
2.379  	 0.2333021355796085 
2.38  	 0.2432230513672351 
2.381  	 0.2531198064258951 
2.382  	 0.2629914105205168 
2.383  	 0.2728368759150112 
2.384  	 0.2826552174711031 
2.385  	 0.2924454527469038 
2.386  	 0.302206602095216 
2.387  	 0.3119376887615604 
2.388  	 0.3216377389819146 
2.389  	 0.3313057820801555 
2.39  	 0.3409408505651931 
2.391  	 0.3505419802277885 
2.392  	 0.3601082102370445 
2.393  	 0.3696385832365602 
2.394  	 0.3791321454402403 
2.395  	 0.3885879467277474 
2.396  	 0.3980050407395911 
2.397  	 0.4073824849718412 
2.398  	 0.4167193408704573 
2.399  	 0.426014673925225 
2.4  	 0.4352675537632892 
2.401  	 0.4444770542422751 
2.402  	 0.4536422535429875 
2.403  	 0.4627622342616796 
2.404  	 0.4718360835018813 
2.405  	 0.4808628929657787 
2.406  	 0.4898417590451348 
2.407  	 0.4987717829117427 
2.408  	 0.5076520706074027 
2.409  	 0.5164817331334133 
2.41  	 0.5252598865395677 
2.411  	 0.5339856520126472 
2.412  	 0.5426581559644021 
2.413  	 0.5512765301190113 
2.414  	 0.5598399116000123 
2.415  	 0.5683474430166926 
2.416  	 0.5767982725499338 
2.417  	 0.5851915540374998 
2.418  	 0.593526447058761 
2.419  	 0.601802117018845 
2.42  	 0.6100177352322069 
2.421  	 0.6181724790056091 
2.422  	 0.6262655317205039 
2.423  	 0.6342960829148094 
2.424  	 0.6422633283640712 
2.425  	 0.6501664701620016 
2.426  	 0.6580047168003882 
2.427  	 0.665777283248364 
2.428  	 0.6734833910310312 
2.429  	 0.6811222683074295 
2.43  	 0.688693149947844 
2.431  	 0.6961952776104415 
2.432  	 0.7036278998172303 
2.433  	 0.710990272029334 
2.434  	 0.7182816567215732 
2.435  	 0.7255013234563465 
2.436  	 0.7326485489568041 
2.437  	 0.739722617179306 
2.438  	 0.7467228193851588 
2.439  	 0.7536484542116223 
2.44  	 0.7604988277421799 
2.441  	 0.7672732535760655 
2.442  	 0.7739710528970396 
2.443  	 0.7805915545414084 
2.444  	 0.7871340950652782 
2.445  	 0.793598018811039 
2.446  	 0.7999826779730704 
2.447  	 0.8062874326626639 
2.448  	 0.8125116509721531 
2.449  	 0.8186547090382481 
2.45  	 0.8247159911045657 
2.451  	 0.83069488958335 
2.452  	 0.836590805116377 
2.453  	 0.8424031466350368 
2.454  	 0.8481313314195887 
2.455  	 0.8537747851575811 
2.456  	 0.8593329420014322 
2.457  	 0.8648052446251648 
2.458  	 0.8701911442802901 
2.459  	 0.8754901008508338 
2.46  	 0.8807015829075003 
2.461  	 0.8858250677609695 
2.462  	 0.8908600415143187 
2.463  	 0.895805999114568 
2.464  	 0.9006624444033405 
2.465  	 0.9054288901666345 
2.466  	 0.9101048581837017 
2.467  	 0.9146898792750268 
2.468  	 0.9191834933494036 
2.469  	 0.9235852494501033 
2.47  	 0.9278947058001292 
2.471  	 0.9321114298465545 
2.472  	 0.9362349983039383 
2.473  	 0.9402649971968158 
2.474  	 0.9442010219012569 
2.475  	 0.9480426771854914 
2.476  	 0.9517895772495951 
2.477  	 0.955441345764233 
2.478  	 0.9589976159084559 
2.479  	 0.9624580304065473 
2.48  	 0.9658222415639156 
2.481  	 0.9690899113020286 
2.482  	 0.9722607111923874 
2.483  	 0.9753343224895353 
2.484  	 0.9783104361630985 
2.485  	 0.9811887529288567 
2.486  	 0.9839689832788377 
2.487  	 0.9866508475104373 
2.488  	 0.989234075754556 
2.489  	 0.9917184080027551 
2.49  	 0.9941035941334256 
2.491  	 0.9963893939369697 
2.492  	 0.99857557713999 
2.493  	 1.000661923428487 
2.494  	 1.00264822247006 
2.495  	 1.004534273935109 
2.496  	 1.00631988751704 
2.497  	 1.008004882951462 
2.498  	 1.009589090034388 
2.499  	 1.011072348639423 
2.5  	 1.012454508733948 
2.501  	 1.013735430394295 
2.502  	 1.014914983819907 
2.503  	 1.015993049346494 
2.504  	 1.016969517458165 
2.505  	 1.017844288798554 
2.506  	 1.018617274180925 
2.507  	 1.019288394597263 
2.508  	 1.019857581226344 
2.509  	 1.020324775440791 
2.51  	 1.020689928813104 
2.511  	 1.020953003120675 
2.512  	 1.021113970349784 
2.513  	 1.021172812698564 
2.514  	 1.02112952257896 
2.515  	 1.020984102617653 
2.516  	 1.020736565655969 
2.517  	 1.020386934748765 
2.518  	 1.019935243162294 
2.519  	 1.019381534371046 
2.52  	 1.018725862053573 
2.521  	 1.017968290087289 
2.522  	 1.017108892542252 
2.523  	 1.016147753673923 
2.524  	 1.015084967914912 
2.525  	 1.013920639865704 
2.526  	 1.012654884284363 
2.527  	 1.011287826075226 
2.528  	 1.009819600276579 
2.529  	 1.008250352047322 
2.53  	 1.006580236652617 
2.531  	 1.004809419448527 
2.532  	 1.002938075865651 
2.533  	 1.000966391391739 
2.534  	 0.9988945615533161 
2.535  	 0.9967227918962857 
2.536  	 0.9944512979655447 
2.537  	 0.9920803052835903 
2.538  	 0.9896100493281305 
2.539  	 0.987040775508699 
2.54  	 0.9843727391422754 
2.541  	 0.9816062054279153 
2.542  	 0.9787414494203908 
2.543  	 0.9757787560028444 
2.544  	 0.972718419858461 
2.545  	 0.9695607454411578 
2.546  	 0.966306046945297 
2.547  	 0.9629546482744239 
2.548  	 0.9595068830090334 
2.549  	 0.955963094373368 
2.55  	 0.9523236352012505 
2.551  	 0.9485888679009556 
2.552  	 0.9447591644191229 
2.553  	 0.9408349062037151 
2.554  	 0.936816484166026 
2.555  	 0.9327042986417409 
2.556  	 0.9284987593510535 
2.557  	 0.9242002853578445 
2.558  	 0.9198093050279236 
2.559  	 0.9153262559863418 
2.56  	 0.9107515850737763 
2.561  	 0.906085748301993 
2.562  	 0.9013292108083906 
2.563  	 0.8964824468096324 
2.564  	 0.891545939554368 
2.565  	 0.8865201812750516 
2.566  	 0.8814056731388605 
2.567  	 0.8762029251977199 
2.568  	 0.8709124563374373 
2.569  	 0.8655347942259531 
2.57  	 0.8600704752607125 
2.571  	 0.8545200445151616 
2.572  	 0.8488840556843774 
2.573  	 0.8431630710298326 
2.574  	 0.8373576613233031 
2.575  	 0.8314684057899248 
2.576  	 0.8254958920504014 
2.577  	 0.8194407160623742 
2.578  	 0.8133034820609555 
2.579  	 0.8070848024984334 
2.58  	 0.800785297983154 
2.581  	 0.794405597217587 
2.582  	 0.7879463369355799 
2.583  	 0.7814081618388091 
2.584  	 0.7747917245324319 
2.585  	 0.7680976854599477 
2.586  	 0.7613267128372737 
2.587  	 0.7544794825860425 
2.588  	 0.7475566782661275 
2.589  	 0.7405589910074039 
2.59  	 0.7334871194407505 
2.591  	 0.7263417696283009 
2.592  	 0.7191236549929499 
2.593  	 0.711833496247123 
2.594  	 0.7044720213208145 
2.595  	 0.6970399652889042 
2.596  	 0.6895380702977569 
2.597  	 0.6819670854911142 
2.598  	 0.6743277669352846 
2.599  	 0.6666208775436409 
2.6  	 0.65884718700043 
2.601  	 0.6510074716839064 
2.602  	 0.6431025145887928 
2.603  	 0.6351331052480788 
2.604  	 0.6271000396541643 
2.605  	 0.6190041201793551 
2.606  	 0.6108461554957197 
2.607  	 0.602626960494314 
2.608  	 0.594347356203783 
2.609  	 0.5860081697083475 
2.61  	 0.5776102340651833 
2.611  	 0.5691543882212023 
2.612  	 0.5606414769292424 
2.613  	 0.5520723506636754 
2.614  	 0.5434478655354423 
2.615  	 0.5347688832065218 
2.616  	 0.5260362708038436 
2.617  	 0.5172509008326527 
2.618  	 0.508413651089335 
2.619  	 0.499525404573712 
2.62  	 0.4905870494008133 
2.621  	 0.4815994787121369 
2.622  	 0.472563590586404 
2.623  	 0.4634802879498199 
2.624  	 0.4543504784858474 
2.625  	 0.4451750745445037 
2.626  	 0.4359549930511888 
2.627  	 0.4266911554150546 
2.628  	 0.417384487436924 
2.629  	 0.4080359192167697 
2.63  	 0.3986463850607612 
2.631  	 0.3892168233878891 
2.632  	 0.3797481766361773 
2.633  	 0.3702413911684913 
2.634  	 0.360697417177952 
2.635  	 0.3511172085929656 
2.636  	 0.341501722981878 
2.637  	 0.3318519214572629 
2.638  	 0.3221687685798553 
2.639  	 0.3124532322621367 
2.64  	 0.3027062836715853 
2.641  	 0.2929288971335975 
2.642  	 0.283122050034093 
2.643  	 0.2732867227218114 
2.644  	 0.2634238984103117 
2.645  	 0.2535345630796825 
2.646  	 0.2436197053779753 
2.647  	 0.2336803165223676 
2.648  	 0.2237173902000693 
2.649  	 0.2137319224689787 
2.65  	 0.2037249116581007 
2.651  	 0.1936973582677362 
2.652  	 0.183650264869452 
2.653  	 0.1735846360058428 
2.654  	 0.1635014780900932 
2.655  	 0.1534017993053525 
2.656  	 0.1432866095039293 
2.657  	 0.1331569201063184 
2.658  	 0.1230137440000688 
2.659  	 0.1128580954385033 
2.66  	 0.1026909899393001 
2.661  	 0.09251344418294566 
2.662  	 0.08232647591107042 
2.663  	 0.07213110382467589 
2.664  	 0.06192834748226447 
2.665  	 0.05171922719788183 
2.666  	 0.0415047639390819 
2.667  	 0.03128597922482486 
2.668  	 0.02106389502331824 
2.669  	 0.01083953364981144 
2.67  	 0.0006139176643538188 
2.671  	 -0.009611930230473478 
2.672  	 -0.01983698729184154 
2.673  	 -0.03006023083896351 
2.674  	 -0.0402806383553799 
2.675  	 -0.05049718759122916 
2.676  	 -0.0607088566654933 
2.677  	 -0.0709146241682083 
2.678  	 -0.08111346926262918 
2.679  	 -0.09130437178733931 
2.68  	 -0.1014863123582941 
2.681  	 -0.1116582724707883 
2.682  	 -0.1218192346013376 
2.683  	 -0.131968182309463 
2.684  	 -0.1421041003393693 
2.685  	 -0.1522259747215067 
2.686  	 -0.1623327928740046 
2.687  	 -0.1724235437039698 
2.688  	 -0.1824972177086358 
2.689  	 -0.1925528070763562 
2.69  	 -0.2025893057874298 
2.691  	 -0.2126057097147482 
2.692  	 -0.2226010167242563 
2.693  	 -0.2325742267752147 
2.694  	 -0.2425243420202542 
2.695  	 -0.2524503669052133 
2.696  	 -0.2623513082687476 
2.697  	 -0.2722261754417013 
2.698  	 -0.2820739803462315 
2.699  	 -0.2918937375946749 
2.7  	 -0.3016844645881468 
2.701  	 -0.3114451816148635 
2.702  	 -0.3211749119481765 
2.703  	 -0.3308726819443111 
2.704  	 -0.340537521139797 
2.705  	 -0.3501684623485832 
2.706  	 -0.359764541758827 
2.707  	 -0.369324799029346 
2.708  	 -0.378848277385726 
2.709  	 -0.3883340237160723 
2.71  	 -0.3977810886663979 
2.711  	 -0.407188526735636 
2.712  	 -0.4165553963702693 
2.713  	 -0.4258807600585666 
2.714  	 -0.4351636844244157 
2.715  	 -0.4444032403207448 
2.716  	 -0.4535985029225229 
2.717  	 -0.4627485518193283 
2.718  	 -0.4718524711074786 
2.719  	 -0.4809093494817101 
2.72  	 -0.4899182803263996 
2.721  	 -0.4988783618063187 
2.722  	 -0.5077886969569112 
2.723  	 -0.5166483937740849 
2.724  	 -0.5254565653035088 
2.725  	 -0.5342123297294071 
2.726  	 -0.5429148104628402 
2.727  	 -0.5515631362294644 
2.728  	 -0.5601564411567621 
2.729  	 -0.5686938648607329 
2.73  	 -0.5771745525320366 
2.731  	 -0.5855976550215813 
2.732  	 -0.5939623289255458 
2.733  	 -0.6022677366698288 
2.734  	 -0.6105130465939176 
2.735  	 -0.6186974330341651 
2.736  	 -0.6268200764064699 
2.737  	 -0.6348801632883484 
2.738  	 -0.6428768865003934 
2.739  	 -0.6508094451871083 
2.74  	 -0.658677044897111 
2.741  	 -0.6664788976626985 
2.742  	 -0.6742142220787644 
2.743  	 -0.6818822433810605 
2.744  	 -0.6894821935237971 
2.745  	 -0.6970133112565714 
2.746  	 -0.7044748422006176 
2.747  	 -0.7118660389243719 
2.748  	 -0.719186161018343 
2.749  	 -0.7264344751692815 
2.75  	 -0.7336102552336421 
2.751  	 -0.740712782310328 
2.752  	 -0.7477413448127139 
2.753  	 -0.7546952385399375 
2.754  	 -0.7615737667474539 
2.755  	 -0.7683762402168458 
2.756  	 -0.7751019773248811 
2.757  	 -0.7817503041118132 
2.758  	 -0.7883205543489155 
2.759  	 -0.7948120696052429 
2.76  	 -0.8012241993136164 
2.761  	 -0.8075563008358208 
2.762  	 -0.8138077395270105 
2.763  	 -0.819977888799318 
2.764  	 -0.8260661301846566 
2.765  	 -0.8320718533967124 
2.766  	 -0.8379944563921192 
2.767  	 -0.8438333454308096 
2.768  	 -0.8495879351355369 
2.769  	 -0.8552576485505616 
2.77  	 -0.8608419171994967 
2.771  	 -0.8663401811423053 
2.772  	 -0.8717518890314462 
2.773  	 -0.8770764981671605 
2.774  	 -0.8823134745518945 
2.775  	 -0.8874622929438527 
2.776  	 -0.8925224369096766 
2.777  	 -0.897493398876243 
2.778  	 -0.9023746801815772 
2.779  	 -0.9071657911248753 
2.78  	 -0.9118662510156319 
2.781  	 -0.9164755882218668 
2.782  	 -0.9209933402174466 
2.783  	 -0.9254190536284969 
2.784  	 -0.9297522842788988 
2.785  	 -0.9339925972348677 
2.786  	 -0.938139566848607 
2.787  	 -0.9421927768010347 
2.788  	 -0.9461518201435778 
2.789  	 -0.9500162993390292 
2.79  	 -0.9537858263014652 
2.791  	 -0.9574600224352176 
2.792  	 -0.9610385186728971 
2.793  	 -0.964520955512466 
2.794  	 -0.967906983053352 
2.795  	 -0.9711962610316051 
2.796  	 -0.9743884588540894 
2.797  	 -0.9774832556317096 
2.798  	 -0.9804803402116657 
2.799  	 -0.9833794112087368 
2.8  	 -0.9861801770355862 
2.801  	 -0.988882355932089 
2.802  	 -0.9914856759936757 
2.803  	 -0.9939898751986918 
2.804  	 -0.9963947014347687 
2.805  	 -0.9986999125242043 
2.806  	 -1.00090527624835 
2.807  	 -1.003010570371003 
2.808  	 -1.005015582660798 
2.809  	 -1.006920110912604 
2.81  	 -1.00872396296791 
2.811  	 -1.010426956734219 
2.812  	 -1.012028920203418 
2.813  	 -1.01352969146916 
2.814  	 -1.014929118743219 
2.815  	 -1.01622706037084 
2.816  	 -1.01742338484508 
2.817  	 -1.018517970820127 
2.818  	 -1.019510707123605 
2.819  	 -1.020401492767864 
2.82  	 -1.021190236960253 
2.821  	 -1.021876859112364 
2.822  	 -1.022461288848269 
2.823  	 -1.022943466011725 
2.824  	 -1.023323340672362 
2.825  	 -1.023600873130848 
2.826  	 -1.02377603392303 
2.827  	 -1.02384880382305 
2.828  	 -1.02381917384544 
2.829  	 -1.023687145246192 
2.83  	 -1.023452729522802 
2.831  	 -1.023115948413292 
2.832  	 -1.022676833894204 
2.833  	 -1.022135428177576 
2.834  	 -1.021491783706889 
2.835  	 -1.020745963151992 
2.836  	 -1.019898039403005 
2.837  	 -1.0189480955632 
2.838  	 -1.01789622494086 
2.839  	 -1.016742531040115 
2.84  	 -1.015487127550759 
2.841  	 -1.014130138337055 
2.842  	 -1.012671697425508 
2.843  	 -1.011111948991638 
2.844  	 -1.009451047345722 
2.845  	 -1.007689156917535 
2.846  	 -1.005826452240069 
2.847  	 -1.003863117932249 
2.848  	 -1.001799348680635 
2.849  	 -0.9996353492201159 
2.85  	 -0.997371334313604 
2.851  	 -0.9950075287307205 
2.852  	 -0.9925441672254819 
2.853  	 -0.9899814945129878 
2.854  	 -0.9873197652451113 
2.855  	 -0.9845592439851959 
2.856  	 -0.9817002051817597 
2.857  	 -0.9787429331412115 
2.858  	 -0.9756877219995796 
2.859  	 -0.972534875693258 
2.86  	 -0.9692847079287708 
2.861  	 -0.9659375421515597 
2.862  	 -0.9624937115137969 
2.863  	 -0.9589535588412264 
2.864  	 -0.9553174365990369 
2.865  	 -0.9515857068567711 
2.866  	 -0.9477587412522729 
2.867  	 -0.9438369209546768 
2.868  	 -0.9398206366264444 
2.869  	 -0.9357102883844505 
2.87  	 -0.931506285760122 
2.871  	 -0.9272090476586358 
2.872  	 -0.9228190023171777 
2.873  	 -0.9183365872622677 
2.874  	 -0.9137622492661552 
2.875  	 -0.9090964443022888 
2.876  	 -0.9043396374998651 
2.877  	 -0.8994923030974618 
2.878  	 -0.8945549243957569 
2.879  	 -0.8895279937093434 
2.88  	 -0.8844120123176397 
2.881  	 -0.879207490414903 
2.882  	 -0.873914947059351 
2.883  	 -0.8685349101213954 
2.884  	 -0.8630679162309934 
2.885  	 -0.8575145107241224 
2.886  	 -0.8518752475883827 
2.887  	 -0.8461506894077345 
2.888  	 -0.8403414073063739 
2.889  	 -0.8344479808917534 
2.89  	 -0.8284709981967544 
2.891  	 -0.8224110556210139 
2.892  	 -0.8162687578714156 
2.893  	 -0.8100447179017476 
2.894  	 -0.803739556851535 
2.895  	 -0.7973539039840526 
2.896  	 -0.7908883966235239 
2.897  	 -0.7843436800915136 
2.898  	 -0.7777204076425176 
2.899  	 -0.7710192403987605 
2.9  	 -0.7642408472842032 
2.901  	 -0.7573859049577707 
2.902  	 -0.7504550977458041 
2.903  	 -0.7434491175737452 
2.904  	 -0.7363686638970595 
2.905  	 -0.7292144436314052 
2.906  	 -0.7219871710820549 
2.907  	 -0.714687567872577 
2.908  	 -0.707316362872784 
2.909  	 -0.6998742921259544 
2.91  	 -0.6923620987753369 
2.911  	 -0.6847805329899423 
2.912  	 -0.6771303518896322 
2.913  	 -0.6694123194695104 
2.914  	 -0.6616272065236266 
2.915  	 -0.6537757905679977 
2.916  	 -0.6458588557629562 
2.917  	 -0.6378771928348322 
2.918  	 -0.6298315989969784 
2.919  	 -0.6217228778701435 
2.92  	 -0.6135518394022047 
2.921  	 -0.6053192997872658 
2.922  	 -0.5970260813841285 
2.923  	 -0.5886730126341466 
2.924  	 -0.5802609279784702 
2.925  	 -0.5717906677746881 
2.926  	 -0.5632630782128779 
2.927  	 -0.5546790112310703 
2.928  	 -0.5460393244301383 
2.929  	 -0.5373448809881171 
2.93  	 -0.5285965495739664 
2.931  	 -0.5197952042607811 
2.932  	 -0.5109417244384599 
2.933  	 -0.5020369947258415 
2.934  	 -0.4930819048823157 
2.935  	 -0.4840773497189191 
2.936  	 -0.4750242290089242 
2.937  	 -0.4659234473979301 
2.938  	 -0.4567759143134655 
2.939  	 -0.447582543874111 
2.94  	 -0.4383442547981509 
2.941  	 -0.4290619703117635 
2.942  	 -0.4197366180567593 
2.943  	 -0.4103691299978755 
2.944  	 -0.4009604423296371 
2.945  	 -0.3915114953827927 
2.946  	 -0.3820232335303362 
2.947  	 -0.3724966050931212 
2.948  	 -0.3629325622450804 
2.949  	 -0.3533320609180568 
2.95  	 -0.3436960607062585 
2.951  	 -0.3340255247703449 
2.952  	 -0.3243214197411549 
2.953  	 -0.3145847156230865 
2.954  	 -0.304816385697137 
2.955  	 -0.2950174064236143 
2.956  	 -0.2851887573445285 
2.957  	 -0.2753314209856735 
2.958  	 -0.2654463827584083 
2.959  	 -0.2555346308611491 
2.96  	 -0.2455971561805795 
2.961  	 -0.2356349521925915 
2.962  	 -0.2256490148629651 
2.963  	 -0.2156403425477977 
2.964  	 -0.2056099358936921 
2.965  	 -0.1955587977377149 
2.966  	 -0.1854879330071325 
2.967  	 -0.1753983486189383 
2.968  	 -0.1652910533791776 
2.969  	 -0.1551670578820825 
2.97  	 -0.1450273744090268 
2.971  	 -0.1348730168273095 
2.972  	 -0.1247050004887787 
2.973  	 -0.1145243421283048 
2.974  	 -0.1043320597621144 
2.975  	 -0.09412917258599364 
2.976  	 -0.08391670087337226 
2.977  	 -0.07369566587329798 
2.978  	 -0.06346708970831177 
2.979  	 -0.05323199527223398 
2.98  	 -0.04299140612787156 
2.981  	 -0.0327463464046568 
2.982  	 -0.0224978406962276 
2.983  	 -0.01224691395795958 
2.984  	 -0.001994591404460405 
2.985  	 0.008258101592963626 
2.986  	 0.01851013960885831 
2.987  	 0.02876049726617941 
2.988  	 0.03900814933884746 
2.989  	 0.04925207085428904 
2.99  	 0.05949123719595455 
2.991  	 0.06972462420580197 
2.992  	 0.0799512082867366 
2.993  	 0.09016996650499627 
2.994  	 0.100379876692472 
2.995  	 0.1105799175489537 
2.996  	 0.120769068744291 
2.997  	 0.1309463110204583 
2.998  	 0.141110626293515 
2.999  	 0.1512609977554492 
3  	 0.161396409975896 
3.001  	 0.1715158490037198 
3.002  	 0.1816183024684498 
3.003  	 0.1917027596815596 
3.004  	 0.2017682117375802 
3.005  	 0.211813651615036 
3.006  	 0.2218380742771946 
3.007  	 0.2318404767726192 
3.008  	 0.2418198583355145 
3.009  	 0.2517752204858558 
3.01  	 0.2617055671292904 
3.011  	 0.2716099046568032 
3.012  	 0.2814872420441343 
3.013  	 0.2913365909509404 
3.014  	 0.3011569658196895 
3.015  	 0.310947383974278 
3.016  	 0.3207068657183625 
3.017  	 0.3304344344333945 
3.018  	 0.3401291166763488 
3.019  	 0.3497899422771366 
3.02  	 0.359415944435692 
3.021  	 0.3690061598187236 
3.022  	 0.3785596286561212 
3.023  	 0.3880753948370073 
3.024  	 0.3975525060054238 
3.025  	 0.4069900136556462 
3.026  	 0.4163869732271127 
3.027  	 0.4257424441989612 
3.028  	 0.4350554901841638 
3.029  	 0.444325179023249 
3.03  	 0.4535505828776031 
3.031  	 0.4627307783223407 
3.032  	 0.4718648464387353 
3.033  	 0.4809518729062012 
3.034  	 0.4899909480938162 
3.035  	 0.498981167151378 
3.036  	 0.5079216300999824 
3.037  	 0.5168114419221174 
3.038  	 0.5256497126512615 
3.039  	 0.5344355574609787 
3.04  	 0.543168096753501 
3.041  	 0.5518464562477889 
3.042  	 0.5604697670670628 
3.043  	 0.5690371658257933 
3.044  	 0.5775477947161465 
3.045  	 0.5860008015938699 
3.046  	 0.5943953400636159 
3.047  	 0.6027305695636901 
3.048  	 0.6110056554502179 
3.049  	 0.6192197690807211 
3.05  	 0.6273720878970952 
3.051  	 0.6354617955079797 
3.052  	 0.6434880817705129 
3.053  	 0.6514501428714634 
3.054  	 0.6593471814077296 
3.055  	 0.6671784064661994 
3.056  	 0.6749430337029625 
3.057  	 0.6826402854218665 
3.058  	 0.6902693906524098 
3.059  	 0.697829585226963 
3.06  	 0.7053201118573114 
3.061  	 0.7127402202105099 
3.062  	 0.7200891669840448 
3.063  	 0.7273662159802929 
3.064  	 0.7345706381802712 
3.065  	 0.7417017118166701 
3.066  	 0.7487587224461625 
3.067  	 0.7557409630209817 
3.068  	 0.7626477339597605 
3.069  	 0.7694783432176251 
3.07  	 0.776232106355536 
3.071  	 0.7829083466088695 
3.072  	 0.7895063949552334 
3.073  	 0.7960255901815084 
3.074  	 0.8024652789501101 
3.075  	 0.8088248158644646 
3.076  	 0.815103563533691 
3.077  	 0.8213008926364834 
3.078  	 0.8274161819841884 
3.079  	 0.8334488185830687 
3.08  	 0.8393981976957493 
3.081  	 0.8452637229018382 
3.082  	 0.8510448061577165 
3.083  	 0.8567408678554923 
3.084  	 0.8623513368811107 
3.085  	 0.8678756506716161 
3.086  	 0.87331325527156 
3.087  	 0.878663605388549 
3.088  	 0.8839261644479269 
3.089  	 0.8891004046465861 
3.09  	 0.8941858070059024 
3.091  	 0.8991818614237886 
3.092  	 0.9040880667258604 
3.093  	 0.9089039307157109 
3.094  	 0.9136289702242874 
3.095  	 0.9182627111583669 
3.096  	 0.9228046885481241 
3.097  	 0.9272544465937879 
3.098  	 0.9316115387113811 
3.099  	 0.9358755275775404 
3.1  	 0.9400459851734093 
3.101  	 0.9441224928276021 
3.102  	 0.9481046412582337 
3.103  	 0.9519920306140107 
3.104  	 0.9557842705143803 
3.105  	 0.9594809800887322 
3.106  	 0.9630817880146504 
3.107  	 0.9665863325552104 
3.108  	 0.9699942615953189 
3.109  	 0.9733052326770906 
3.11  	 0.9765189130342611 
3.111  	 0.97963497962563 
3.112  	 0.9826531191675324 
3.113  	 0.9855730281653351 
3.114  	 0.9883944129439539 
3.115  	 0.9911169896773895 
3.116  	 0.9937404844172788 
3.117  	 0.996264633120459 
3.118  	 0.9986891816755411 
3.119  	 1.00101388592849 
3.12  	 1.003238511707213 
3.121  	 1.005362834845141 
3.122  	 1.007386641203821 
3.123  	 1.009309726694499 
3.124  	 1.0111318972987 
3.125  	 1.012852969087799 
3.126  	 1.014472768241585 
3.127  	 1.01599113106582 
3.128  	 1.017407904008771 
3.129  	 1.018722943676743 
3.13  	 1.019936116848589 
3.131  	 1.021047300489201 
3.132  	 1.02205638176199 
3.133  	 1.022963258040337 
3.134  	 1.023767836918029 
3.135  	 1.024470036218674 
3.136  	 1.025069784004087 
3.137  	 1.025567018581656 
3.138  	 1.025961688510687 
3.139  	 1.026253752607716 
3.14  	 1.026443179950797 
3.141  	 1.026529949882774 
