0.01  	 0.09239589913977567 
0.02  	 0.2102749084223346 
0.03  	 0.3423829236695612 
0.04  	 0.4912536469554444 
0.05  	 0.6600449174896967 
0.06  	 0.8527376488124829 
0.07000000000000001  	 1.074414424433074 
0.08  	 1.33165685956518 
0.09  	 1.633124038799827 
0.1  	 1.990414002307706 
0.11  	 2.419380248269964 
0.12  	 2.94220325049646 
0.13  	 3.590760888012992 
0.14  	 4.412328391859942 
0.15  	 5.479663130418811 
0.16  	 6.909826125584138 
0.17  	 8.901633125834465 
0.18  	 11.81622807549969 
0.19  	 16.3680651431279 
0.2  	 24.13631169147605 
0.21  	 39.16044350142098 
0.22  	 73.82738251695245 
0.23  	 168.3690358166594 
0.24  	 264.8290260108847 
0.25  	 108.2946961479988 
0.26  	 36.97861674135857 
0.27  	 14.48833876751313 
0.28  	 5.746589228903098 
0.29  	 1.715339534088495 
0.3  	 0.3732604435095068 
0.31  	 1.545613739479658 
0.32  	 2.241707967748127 
0.33  	 2.671743235250686 
0.34  	 2.944822494325353 
0.35  	 3.121384209995667 
0.36  	 3.236709393863389 
0.37  	 3.312302676978136 
0.38  	 3.361761243126556 
0.39  	 3.393965447626377 
0.4  	 3.414893856270097 
0.41  	 3.428698368062574 
0.42  	 3.43836609420272 
0.43  	 3.44614403087136 
0.44  	 3.453826127083641 
0.45  	 3.462962723071037 
0.46  	 3.475032365398249 
0.47  	 3.491608079660218 
0.48  	 3.514552101732526 
0.49  	 3.546287419594682 
0.5  	 3.590231596948146 
0.51  	 3.651567128994899 
0.52  	 3.738745623920699 
0.53  	 3.866742325139794 
0.54  	 4.06505869188594 
0.55  	 4.40121024584939 
0.5600000000000001  	 5.071388444610823 
0.5700000000000001  	 6.986794961829005 
0.58  	 48.4840341919415 
0.59  	 1.991723317874619 
0.6  	 0.5817807102548352 
0.61  	 1.376251127902007 
0.62  	 1.759897726447964 
0.63  	 1.984638910293266 
0.64  	 2.131697263913459 
0.65  	 2.235250900595257 
0.66  	 2.312204957512963 
0.67  	 2.371899988150602 
0.68  	 2.419939997226902 
0.6900000000000001  	 2.459916196664257 
0.7000000000000001  	 2.49426483634186 
0.71  	 2.524730006604041 
0.72  	 2.552631856484683 
0.73  	 2.579033834329218 
0.74  	 2.604856637838783 
0.75  	 2.630965842528813 
0.76  	 2.658251166999122 
0.77  	 2.687712932178559 
0.78  	 2.720574324435924 
0.79  	 2.758448504396583 
0.8  	 2.803614197504519 
0.8100000000000001  	 2.859510574063715 
0.8200000000000001  	 2.931703920701797 
0.8300000000000001  	 3.029967677389878 
0.84  	 3.173346362982811 
0.85  	 3.404789901607287 
0.86  	 3.846199387870513 
0.87  	 5.035176314882642 
0.88  	 19.98346037831842 
0.89  	 1.183824184332972 
0.9  	 0.8161272774057849 
0.91  	 1.40396040375556 
0.92  	 1.686617866159742 
0.93  	 1.853909703770551 
0.9400000000000001  	 1.965399362735911 
0.9500000000000001  	 2.045789386532273 
0.96  	 2.107193827674405 
0.97  	 2.156273958212972 
0.98  	 2.197019219366252 
0.99  	 2.231989274851574 
1  	 2.262928658451939 
1.01  	 2.291097370148556 
1.02  	 2.317462586683589 
1.03  	 2.342819015236683 
1.04  	 2.3678723391824 
1.05  	 2.393305501100279 
1.06  	 2.419841470159451 
1.07  	 2.448315094927051 
1.08  	 2.479770127279124 
1.09  	 2.51560762720705 
1.1  	 2.557835379800543 
1.11  	 2.609522672329548 
1.12  	 2.675702234050006 
1.13  	 2.765345985910708 
1.14  	 2.896289705921117 
1.15  	 3.109960121330777 
1.16  	 3.529997973002942 
1.17  	 4.768192599267505 
1.18  	 199.8374115945449 
1.19  	 0.2462643702846934 
1.2  	 1.039846424176366 
1.21  	 1.468720403638429 
1.22  	 1.685435794239668 
1.23  	 1.81772864225923 
1.24  	 1.908029944582361 
1.25  	 1.974512332409405 
1.26  	 2.026280067796503 
1.27  	 2.068419442306677 
1.28  	 2.104016731936423 
1.29  	 2.135076202758664 
1.3  	 2.162981188242085 
1.31  	 2.188745481662869 
1.32  	 2.213161335572846 
1.33  	 2.236894312306993 
1.34  	 2.260551156374709 
1.35  	 2.284736251151519 
1.36  	 2.310108165075824 
1.37  	 2.337447933976159 
1.38  	 2.367755187313846 
1.39  	 2.40239973082729 
1.4  	 2.443382603252668 
1.41  	 2.493823320198892 
1.42  	 2.558951863909527 
1.43  	 2.648354287665967 
1.44  	 2.781826415700157 
1.45  	 3.008090095506653 
1.46  	 3.488431289746034 
1.47  	 5.268158563542506 
1.48  	 6.068866610742477 
1.49  	 0.4515211004874879 
1.5  	 1.233601858737579 
1.51  	 1.541269680673494 
1.52  	 1.70789167115207 
1.53  	 1.813857627312808 
1.54  	 1.888305824506506 
1.55  	 1.944373267208604 
1.56  	 1.988873874629784 
1.57  	 2.025714122989121 
1.58  	 2.057314908998877 
1.59  	 2.085278501958126 
1.6  	 2.110731976336238 
1.61  	 2.134518789404017 
1.62  	 2.157314426493666 
1.63  	 2.179703010810262 
1.64  	 2.202234809759646 
1.65  	 2.225477253277936 
1.66  	 2.250069803610947 
1.67  	 2.276794480959284 
1.68  	 2.306679933653003 
1.69  	 2.341171489991554 
1.7  	 2.382433191303719 
1.71  	 2.433929747711659 
1.72  	 2.501656778273386 
1.73  	 2.597064905611636 
1.74  	 2.745221932975611 
1.75  	 3.013838785360927 
1.76  	 3.671602912106998 
1.77  	 8.086066734885774 
1.78  	 0.9958993070752394 
1.79  	 0.9166960234411617 
1.8  	 1.392376271991854 
1.81  	 1.611192864229888 
1.82  	 1.738837072525064 
1.83  	 1.823793398152228 
1.84  	 1.885425296925137 
1.85  	 1.933004280719527 
1.86  	 1.971545762323866 
1.87  	 2.004019013465785 
1.88  	 2.032314164489785 
1.89  	 2.057713467254925 
1.9  	 2.081141872589356 
1.91  	 2.103311186633783 
1.92  	 2.124810250529525 
1.93  	 2.146167653585082 
1.94  	 2.167902142113677 
1.95  	 2.190571315353899 
1.96  	 2.214828636527707 
1.97  	 2.241501925031203 
1.98  	 2.271715236950788 
1.99  	 2.307096246174838 
2  	 2.350158852468631 
2.01  	 2.405071996034997 
2.02  	 2.479371454812785 
2.03  	 2.588321759137929 
2.04  	 2.768393616735686 
2.05  	 3.133983556685525 
2.06  	 4.325371182742254 
2.07  	 12.6914666726315 
2.08  	 0.4165958035426242 
2.09  	 1.223493337755295 
2.1  	 1.518899139212354 
2.11  	 1.674416814542908 
2.12  	 1.771939822002227 
2.13  	 1.839952892174612 
2.14  	 1.890987995949518 
2.15  	 1.931439178983627 
2.16  	 1.964928701252558 
2.17  	 1.993680935165871 
2.18  	 2.019157476793086 
2.19  	 2.04238046856688 
2.2  	 2.064111273020265 
2.21  	 2.084957457109184 
2.22  	 2.105443151507505 
2.23  	 2.126061530408722 
2.24  	 2.147321150397416 
2.25  	 2.169795673085663 
2.26  	 2.194187779934015 
2.27  	 2.221423641771695 
2.28  	 2.252807670632945 
2.29  	 2.290298242372395 
2.3  	 2.337041015749876 
2.31  	 2.398501919625198 
2.32  	 2.485177908553603 
2.33  	 2.620235602797313 
2.34  	 2.86709015960405 
2.35  	 3.484463151253566 
2.36  	 8.20355271718924 
2.37  	 0.5041740306281707 
2.38  	 1.027593649592517 
2.39  	 1.430165267667016 
2.4  	 1.618671201427266 
2.41  	 1.729771361140218 
2.42  	 1.804285089598907 
2.43  	 1.858695459464298 
2.44  	 1.900951511493445 
2.45  	 1.935376052577461 
2.46  	 1.964539672348487 
2.47  	 1.990085748793599 
2.48  	 2.013134521238766 
2.49  	 2.03449898951856 
2.5  	 2.054809876042622 
2.51  	 2.074594541324041 
2.52  	 2.094332749407301 
2.53  	 2.114502624419774 
2.54  	 2.135626472890039 
2.55  	 2.158326137795216 
2.56  	 2.183401209775408 
2.57  	 2.211953018637141 
2.58  	 2.245599544054546 
2.59  	 2.286879601512168 
2.6  	 2.340083553179207 
2.61  	 2.413157231029236 
2.62  	 2.522751352839102 
2.63  	 2.710797693905329 
2.64  	 3.122191109957841 
2.65  	 4.825248321184705 
2.66  	 2.582951548006636 
2.67  	 0.8127340815718604 
2.68  	 1.350987341142241 
2.69  	 1.573679468290564 
2.7  	 1.697391468388572 
2.71  	 1.777480005577069 
2.72  	 1.83458004180225 
2.73  	 1.878156238245426 
2.74  	 1.91317774468719 
2.75  	 1.942521222944501 
2.76  	 1.967985335991969 
2.77  	 1.990771884969968 
2.78  	 2.01173604727541 
2.79  	 2.031527557543507 
2.8  	 2.050677344688579 
2.81  	 2.0696565252959 
2.82  	 2.088922716361035 
2.83  	 2.108963740458361 
2.84  	 2.130347870106957 
2.85  	 2.153792258852238 
2.86  	 2.180268670978337 
2.87  	 2.21118309319221 
2.88  	 2.248707148287482 
2.89  	 2.296444745372499 
2.9  	 2.360919030300459 
2.91  	 2.455371207749053 
2.92  	 2.611544617420283 
2.93  	 2.929619754593362 
2.94  	 3.979355212513769 
2.95  	 9.179799978366876 
2.96  	 0.6180104762214208 
2.97  	 1.293996649760641 
2.98  	 1.54413650920572 
2.99  	 1.676565019894672 
3  	 1.759972784218646 
3.01  	 1.818376077432098 
3.02  	 1.862374155067797 
3.03  	 1.897387369429974 
3.04  	 1.926492590298465 
3.05  	 1.951583410265034 
3.06  	 1.973907602168918 
3.07  	 1.99434134675983 
3.08  	 2.013541279771736 
3.09  	 2.032036091447143 
3.1  	 2.050287491425508 
3.11  	 2.068736668758171 
3.12  	 2.087846645332108 
3.13  	 2.108149422451886 
3.14  	 2.130308665895638 
3.15  	 2.155215001671412 
3.16  	 2.184146027066507 
3.17  	 2.219058565846051 
3.18  	 2.263170182810119 
3.19  	 2.322239000070292 
3.2  	 2.407774737097789 
3.21  	 2.546735614791088 
3.22  	 2.820771823047149 
3.23  	 3.648488643042607 
3.24  	 48.33536630015405 
3.25  	 0.5206302872494347 
3.26  	 1.274987125049204 
3.27  	 1.535374469280802 
3.28  	 1.66946903782566 
3.29  	 1.752652083847413 
3.3  	 1.810334103212302 
3.31  	 1.853493132798346 
3.32  	 1.887663598222792 
3.33  	 1.91595436329917 
3.34  	 1.940262907269733 
3.35  	 1.961830758484435 
3.36  	 1.981524067675886 
3.37  	 1.999987817829456 
3.38  	 2.017737924003861 
3.39  	 2.035221928424118 
3.4  	 2.052864704320843 
3.41  	 2.071109571841049 
3.42  	 2.09046353588153 
3.43  	 2.111556962111403 
3.44  	 2.135233913420937 
3.45  	 2.162703531234888 
3.46  	 2.195816287246875 
3.47  	 2.23761344458265 
3.48  	 2.293536097647439 
3.49  	 2.37445821886308 
3.5  	 2.505844640164156 
3.51  	 2.764804546886795 
3.52  	 3.546455531769701 
3.53  	 46.55521181530844 
3.54  	 0.5904691227111755 
3.55  	 1.304163176935148 
3.56  	 1.550463760667095 
3.57  	 1.677318482514631 
3.58  	 1.756029789490163 
3.59  	 1.810628624661403 
3.6  	 1.851496077854113 
3.61  	 1.883865521444013 
3.62  	 1.910676878868767 
3.63  	 1.933724837236817 
3.64  	 1.954184111709937 
3.65  	 1.972874823420881 
3.66  	 1.990408434171661 
3.67  	 2.007275020799553 
3.68  	 2.023900964140477 
3.69  	 2.040692643578636 
3.7  	 2.058076102863112 
3.71  	 2.076541165628482 
3.72  	 2.096700234749529 
3.73  	 2.119378115197742 
3.74  	 2.145763820859475 
3.75  	 2.177690101550746 
3.76  	 2.218195319791491 
3.77  	 2.272776554120432 
3.78  	 2.352591526254467 
3.79  	 2.484394868099118 
3.8  	 2.752672957807799 
3.81  	 3.638729902958386 
3.82  	 7.324884740543168 
3.83  	 0.8096914563555651 
3.84  	 1.377336687529624 
3.85  	 1.587727314962129 
3.86  	 1.699254495848498 
3.87  	 1.769588619359181 
3.88  	 1.818904422033839 
3.89  	 1.856109319703032 
3.9  	 1.885760287213199 
3.91  	 1.910445469376567 
3.92  	 1.931759031491031 
3.93  	 1.950752960729752 
3.94  	 1.968167795761643 
3.95  	 1.984560817346301 
3.96  	 2.00038364078207 
3.97  	 2.016034386791171 
3.98  	 2.031898204485449 
3.99  	 2.048385281620244 
4  	 2.065974570541384 
4.01  	 2.085273745406388 
4.02  	 2.107112855767576 
4.03  	 2.132705660820222 
4.04  	 2.163952481395957 
4.05  	 2.20406271905011 
4.06  	 2.258983372371658 
4.07  	 2.341195796983421 
4.08  	 2.482223216991275 
4.09  	 2.791624253178914 
4.1  	 4.09226237125157 
4.11  	 1.324504180509139 
4.12  	 1.083326763689227 
4.13  	 1.47674777256924 
4.14  	 1.640672928098835 
4.15  	 1.732132803188263 
4.16  	 1.791553283655524 
4.17  	 1.834057898170776 
4.18  	 1.86659955375665 
4.19  	 1.892835451797765 
4.2  	 1.914886674907313 
4.21  	 1.934082501704697 
4.22  	 1.951314087285533 
4.23  	 1.967218898033992 
4.24  	 1.982285278113751 
4.25  	 1.996917278550741 
4.26  	 2.011479729613872 
4.27  	 2.026334947782439 
4.28  	 2.041879203117369 
4.29  	 2.058587044177262 
4.3  	 2.077074793471896 
4.31  	 2.098203113793276 
4.32  	 2.123258905835004 
4.33  	 2.154307140471186 
4.34  	 2.194940152210219 
4.350000000000001  	 2.252078260119093 
4.36  	 2.341078062275463 
4.37  	 2.504380001452062 
4.38  	 2.918723863695832 
4.39  	 6.446417407632278 
4.4  	 0.4106514609222877 
4.41  	 1.33054584002625 
4.42  	 1.581504451352232 
4.43  	 1.700599686684896 
4.44  	 1.77139252973603 
4.45  	 1.81919976802949 
4.46  	 1.854324537547988 
4.47  	 1.881761675071701 
4.48  	 1.904238764821323 
4.49  	 1.923384254124949 
4.5  	 1.940244062446194 
4.51  	 1.955535716814863 
4.52  	 1.969784914003363 
4.53  	 1.983405349675779 
4.54  	 1.996750129340688 
4.55  	 2.010149482075005 
4.56  	 2.023943787122019 
4.57  	 2.038519151453815 
4.58  	 2.054353845614506 
4.59  	 2.07208852048117 
4.600000000000001  	 2.092644494570016 
4.61  	 2.11744167825781 
4.62  	 2.148837813369069 
4.63  	 2.191112411189902 
4.64  	 2.252997243705742 
4.65  	 2.355606969663196 
4.66  	 2.566654909348943 
4.67  	 3.288097077679302 
4.68  	 3.542117972816801 
4.69  	 1.11451488303759 
4.7  	 1.522209899878675 
4.71  	 1.676913202547325 
4.72  	 1.759799855909114 
4.73  	 1.812427603949724 
4.74  	 1.849515987118455 
4.75  	 1.87761212570566 
4.76  	 1.900082565434105 
4.77  	 1.918846846682645 
4.78  	 1.93509133974264 
4.79  	 1.949601609412632 
4.8  	 1.962932858134919 
4.81  	 1.975505075936519 
4.82  	 1.987661050254971 
4.83  	 1.99970586506356 
4.84  	 2.011938240146915 
4.850000000000001  	 2.024680813693251 
4.86  	 2.038316129570533 
4.87  	 2.053337468243528 
4.88  	 2.070430350249604 
4.89  	 2.090616545754772 
4.9  	 2.115532048670648 
4.91  	 2.148018170510687 
4.92  	 2.193539735573257 
4.93  	 2.264199979535591 
4.94  	 2.393348048543006 
4.95  	 2.719001762552149 
4.96  	 5.397009895635218 
4.97  	 0.7126676997212207 
4.98  	 1.459298184180916 
4.99  	 1.66102163415903 
5  	 1.756540750564809 
5.01  	 1.813300366559616 
5.02  	 1.8516495749277 
5.03  	 1.879851302708573 
5.04  	 1.901905675233065 
5.05  	 1.919994999484007 
5.06  	 1.935421327333472 
5.07  	 1.949020608485872 
5.08  	 1.961366258593102 
5.09  	 1.972878503316214 
5.100000000000001  	 1.983888312588071 
5.11  	 1.994678638962606 
5.12  	 2.005514787541633 
5.13  	 2.016671199974131 
5.14  	 2.02846058156953 
5.15  	 2.041272298966137 
5.16  	 2.05563099493369 
5.17  	 2.072296258257023 
5.18  	 2.092448128700336 
5.19  	 2.118065581394348 
5.2  	 2.152787807740846 
5.21  	 2.204177996905485 
5.22  	 2.291056065912034 
5.23  	 2.477043468242753 
5.24  	 3.200833776060453 
5.25  	 0.5531067632264688 
5.26  	 1.378616686154235 
5.27  	 1.649269920230094 
5.28  	 1.759058377094081 
5.29  	 1.819675492832188 
5.3  	 1.858875903827312 
5.31  	 1.886866084637813 
5.32  	 1.908289686519863 
5.33  	 1.925571963735182 
5.34  	 1.940112215719843 
5.350000000000001  	 1.952783902621063 
5.36  	 1.964170785544111 
5.37  	 1.974689470714944 
5.38  	 1.984658635979732 
5.39  	 1.994341860019358 
5.4  	 2.003977412570187 
5.41  	 2.013802626138646 
5.42  	 2.024078334166305 
5.43  	 2.035118945370765 
5.44  	 2.047336106986466 
5.45  	 2.061310220490831 
5.46  	 2.077919205339152 
5.47  	 2.098592035672276 
5.48  	 2.12586097430861 
5.49  	 2.164729428039751 
5.5  	 2.226727165063694 
5.51  	 2.345823138857491 
5.52  	 2.685131727991475 
5.53  	 16.06511792497499 
5.54  	 1.237619874722897 
5.55  	 1.63310087789344 
5.56  	 1.762473864224064 
5.57  	 1.827946100069981 
5.58  	 1.868287364524832 
5.59  	 1.896209123781392 
5.600000000000001  	 1.917117103647436 
5.61  	 1.933708728363977 
5.62  	 1.947488523565307 
5.63  	 1.959370264946114 
5.64  	 1.969950010990478 
5.65  	 1.979643162513755 
5.66  	 1.988759521518793 
5.67  	 1.997548136381132 
5.68  	 2.006227083733688 
5.69  	 2.015006343465307 
5.7  	 2.024109092182626 
5.71  	 2.033796159851541 
5.72  	 2.044399711985255 
5.73  	 2.056376314582804 
5.74  	 2.070399412773979 
5.75  	 2.08753548162976 
5.76  	 2.109612911213413 
5.77  	 2.140089707154104 
5.78  	 2.186441863425515 
5.79  	 2.268472875387045 
5.8  	 2.461746953512761 
5.81  	 3.562428528336235 
5.82  	 0.8819919211247316 
5.83  	 1.596866317002835 
5.84  	 1.759990739569136 
5.850000000000001  	 1.833662086693928 
5.86  	 1.876493178865341 
5.87  	 1.905096694128044 
5.88  	 1.92599833076196 
5.89  	 1.942291445757367 
5.9  	 1.955638946416059 
5.91  	 1.967022070097041 
5.92  	 1.977065292879266 
5.93  	 1.986193850558307 
5.94  	 1.994717386366843 
5.95  	 2.00287834352132 
5.96  	 2.01088282494898 
5.97  	 2.01892300945962 
5.98  	 2.027196600672439 
5.99  	 2.035927628384198 
6  	 2.045393485446507 
6.01  	 2.055965738375319 
6.02  	 2.068178846679528 
6.03  	 2.082856790952178 
6.04  	 2.101368433833123 
6.05  	 2.126200005862791 
6.06  	 2.16242909431498 
6.07  	 2.222352123091981 
6.08  	 2.345509470293919 
6.09  	 2.768343372311509 
6.100000000000001  	 1.072095327313818 
6.11  	 1.508614355170486 
6.12  	 1.742602899680518 
6.13  	 1.83197027490059 
6.140000000000001  	 1.880116498261265 
6.15  	 1.910869128348506 
6.16  	 1.932686282821344 
6.17  	 1.949335606972821 
6.18  	 1.962757003051058 
6.19  	 1.974058296392172 
6.2  	 1.983925698062889 
6.21  	 1.992815143082285 
6.22  	 2.001050579522012 
6.23  	 2.008879013140212 
6.24  	 2.016504283451242 
6.25  	 2.024110349008925 
6.26  	 2.031880139648762 
6.27  	 2.040014239320352 
6.28  	 2.048753608591055 
6.29  	 2.058412211252349 
6.3  	 2.069429876512733 
6.31  	 2.082466366829764 
6.32  	 2.09858404495635 
6.33  	 2.119638804731609 
6.34  	 2.149225647553723 
6.350000000000001  	 2.195386512736591 
6.36  	 2.280646208417698 
6.37  	 2.501542581022152 
6.38  	 4.737499818352044 
6.390000000000001  	 1.27227574805341 
6.4  	 1.696060870341432 
6.41  	 1.817291013290536 
6.42  	 1.875897953606353 
6.43  	 1.911189633428262 
6.44  	 1.93529795573336 
6.45  	 1.953211222897109 
6.46  	 1.967364649917532 
6.47  	 1.979095573106795 
6.48  	 1.989206798874687 
6.49  	 1.998217239246794 
6.5  	 2.006485877657443 
6.51  	 2.014278811528603 
6.52  	 2.021808832205981 
6.53  	 2.029261362210942 
6.54  	 2.036814048350721 
6.55  	 2.044654635314745 
6.56  	 2.053001064505027 
6.57  	 2.062128622982021 
6.58  	 2.072411971063282 
6.59  	 2.084397115964271 
6.600000000000001  	 2.098935850603544 
6.61  	 2.117460634285397 
6.62  	 2.142611211803547 
6.63  	 2.179884931015145 
6.640000000000001  	 2.242997917776568 
6.65  	 2.378537926249242 
6.66  	 2.912298332954352 
6.67  	 0.2539646121894649 
6.68  	 1.588836916974524 
6.69  	 1.781550335082753 
6.7  	 1.86025318116781 
6.71  	 1.903920385850013 
6.72  	 1.932300243609391 
6.73  	 1.952677743239134 
6.74  	 1.968374409315515 
6.75  	 1.981128302447932 
6.76  	 1.991944477826446 
6.77  	 2.001452281161115 
6.78  	 2.010074341099122 
6.79  	 2.018114473737557 
6.8  	 2.025807547697163 
6.81  	 2.033350580961265 
6.82  	 2.040924680265694 
6.83  	 2.048713370659051 
6.84  	 2.056921399088345 
6.850000000000001  	 2.065798269407405 
6.86  	 2.075672681641998 
6.87  	 2.087008973840589 
6.88  	 2.100508327801688 
6.890000000000001  	 2.117306562464638 
6.9  	 2.139400368849482 
6.91  	 2.170687354064972 
6.92  	 2.219981868939726 
6.93  	 2.312422135901858 
6.94  	 2.560083234985024 
6.95  	 5.949056747217644 
6.96  	 1.313975569607608 
6.97  	 1.70893387233167 
6.98  	 1.828076105863758 
6.99  	 1.886692760400147 
7  	 1.922308294071419 
7.01  	 1.946774195095376 
7.02  	 1.965026127554526 
7.03  	 1.979493953612531 
7.04  	 1.991520419223958 
7.05  	 2.001915778095216 
7.06  	 2.011206337761936 
7.07  	 2.019758121376407 
7.08  	 2.027844122055836 
7.09  	 2.035684266873357 
7.100000000000001  	 2.043471840806421 
7.11  	 2.051393699319279 
7.12  	 2.059648985362986 
7.13  	 2.068470461719318 
7.140000000000001  	 2.078153582381208 
7.15  	 2.089101695640453 
7.16  	 2.101903580785829 
7.17  	 2.117478293940609 
7.18  	 2.137371114564072 
7.19  	 2.164427295214816 
7.2  	 2.204562953854054 
7.21  	 2.272499974162618 
7.22  	 2.417988274016235 
7.23  	 2.983607640455382 
7.24  	 0.03810918229766119 
7.25  	 1.557583377289726 
7.26  	 1.769924877048768 
7.27  	 1.856093876568644 
7.28  	 1.903738517104779 
7.29  	 1.934625593237171 
7.3  	 1.956758145094946 
7.31  	 1.973777765446832 
7.32  	 1.987587408153415 
7.33  	 1.99928640759101 
7.34  	 2.009562655185809 
7.350000000000001  	 2.018877859393661 
7.36  	 2.027563813672862 
7.37  	 2.035876952766247 
7.38  	 2.044032335189186 
7.390000000000001  	 2.052227576022025 
7.4  	 2.060662785798153 
7.41  	 2.069560945807413 
7.42  	 2.079193297252528 
7.43  	 2.089916324481153 
7.44  	 2.102232080295363 
7.45  	 2.11689579001728 
7.46  	 2.135124840675847 
7.47  	 2.159045589479351 
7.48  	 2.19277203967761 
7.49  	 2.245485648523042 
7.5  	 2.342793916118776 
7.51  	 2.593422379196606 
7.52  	 4.983691593752736 
7.53  	 1.160002046199283 
7.54  	 1.664021630147745 
7.55  	 1.80603259927896 
7.56  	 1.874268739954361 
7.57  	 1.915190559955386 
7.58  	 1.943053503889871 
7.59  	 1.963700259589382 
7.600000000000001  	 1.979977346457197 
7.61  	 1.993445842430608 
7.62  	 2.005042032939939 
7.63  	 2.015370820834019 
7.640000000000001  	 2.024850656201775 
7.65  	 2.033791833165259 
7.66  	 2.042442668772382 
7.67  	 2.051019727853121 
7.68  	 2.059730607792632 
7.69  	 2.068794647731286 
7.7  	 2.078466089500848 
7.71  	 2.089065152912172 
7.72  	 2.10102577742033 
7.73  	 2.114976682124423 
7.74  	 2.131891250145316 
7.75  	 2.153390158676461 
7.76  	 2.182419996452797 
7.77  	 2.225000086938335 
7.78  	 2.295703253967206 
7.79  	 2.441346720912002 
7.8  	 2.941118201422106 
7.81  	 1.671139870671641 
7.82  	 1.444957254543666 
7.83  	 1.723710827951723 
7.84  	 1.829863289240018 
7.850000000000001  	 1.886912351928716 
7.86  	 1.923267733193568 
7.87  	 1.949006278970097 
7.88  	 1.968614872446369 
7.890000000000001  	 1.984403404202385 
7.9  	 1.997691181018666 
7.91  	 2.009295860467064 
7.92  	 2.019761333854885 
7.930000000000001  	 2.029474797037604 
7.94  	 2.038732342398207 
7.95  	 2.047779246856302 
7.96  	 2.056837789651922 
7.97  	 2.066129806518492 
7.98  	 2.075899035100793 
7.99  	 2.086438201803198 
8  	 2.098127667708078 
8.01  	 2.111497491599993 
8.02  	 2.127336645282468 
8.029999999999999  	 2.146902156124821 
8.040000000000001  	 2.172358741240303 
8.050000000000001  	 2.207816818198196 
8.06  	 2.262203489443813 
8.07  	 2.359325623014583 
8.08  	 2.591228633299424 
8.09  	 3.983133060407472 
8.1  	 0.7878827455347073 
8.109999999999999  	 1.576834703925721 
8.120000000000001  	 1.762611837145174 
8.130000000000001  	 1.847134208587334 
8.140000000000001  	 1.896407771017722 
8.15  	 1.929351403170172 
8.16  	 1.953440794913303 
8.17  	 1.972233389849921 
8.18  	 1.987647354506218 
8.19  	 2.000817751043169 
8.199999999999999  	 2.012469254412085 
8.210000000000001  	 2.02309735046634 
8.220000000000001  	 2.033064832075278 
8.23  	 2.042657832902149 
8.24  	 2.05212175952078 
8.25  	 2.061687603450574 
8.26  	 2.071594983674331 
8.27  	 2.082116960213601 
8.279999999999999  	 2.093592325821385 
8.290000000000001  	 2.106474134880483 
8.300000000000001  	 2.121410712831264 
8.31  	 2.139393118604535 
8.32  	 2.162047789604553 
8.33  	 2.192278827018081 
8.34  	 2.235873786425939 
8.35  	 2.306328031417566 
8.359999999999999  	 2.444200118826192 
8.370000000000001  	 2.853565454806075 
8.380000000000001  	 94.85899803506597 
8.390000000000001  	 1.255404100556251 
8.4  	 1.65483404117233 
8.41  	 1.790907322198571 
8.42  	 1.860781062941987 
8.43  	 1.904162236122783 
8.44  	 1.934336904293501 
8.449999999999999  	 1.95702187440164 
8.460000000000001  	 1.975092815788955 
8.470000000000001  	 1.990163885238485 
8.48  	 2.003221198308042 
8.49  	 2.01491208201926 
8.5  	 2.025691160821228 
8.51  	 2.035900871360634 
8.52  	 2.045819971045883 
8.529999999999999  	 2.055696153520937 
8.540000000000001  	 2.065771538170276 
8.550000000000001  	 2.076306857887267 
8.56  	 2.087609644584492 
8.57  	 2.1000732688674 
8.58  	 2.114238315528677 
8.59  	 2.130898737189547 
8.6  	 2.151301689267862 
8.609999999999999  	 2.177559354745898 
8.620000000000001  	 2.213596756941631 
8.630000000000001  	 2.267680819327045 
8.640000000000001  	 2.360801785229011 
8.65  	 2.566641335948963 
8.66  	 3.456652846527466 
8.67  	 0.000681299410499151 
8.68  	 1.458305378330829 
8.69  	 1.708101761904822 
8.700000000000001  	 1.813326986675741 
8.710000000000001  	 1.872422832479599 
8.720000000000001  	 1.911034688475996 
8.73  	 1.93881400346357 
8.74  	 1.960215319299759 
8.75  	 1.977589167806814 
8.76  	 1.99230323428645 
8.77  	 2.005218140334913 
8.779999999999999  	 2.016914190980049 
8.790000000000001  	 2.027810046230876 
8.800000000000001  	 2.038230401218102 
8.81  	 2.048448411008227 
8.82  	 2.058715780277689 
8.83  	 2.069288030391264 
8.84  	 2.080450520289463 
8.85  	 2.092551074163332 
8.859999999999999  	 2.106047724659442 
8.870000000000001  	 2.121586860734435 
8.880000000000001  	 2.140143068148534 
8.890000000000001  	 2.163291678682073 
8.9  	 2.193793974555803 
8.91  	 2.237018089085619 
8.92  	 2.30502963191988 
8.93  	 2.431882634665801 
8.94  	 2.765946312409344 
8.950000000000001  	 6.564088804079232 
8.960000000000001  	 0.9821217194984009 
8.970000000000001  	 1.574923082019619 
8.98  	 1.748145253180908 
8.99  	 1.832290328549767 
9  	 1.882979430118804 
9.01  	 1.917549331886619 
9.02  	 1.943166980975313 
9.029999999999999  	 1.963343280601016 
9.040000000000001  	 1.980010951923002 
9.050000000000001  	 1.994332266967602 
9.06  	 2.007059480313437 
9.07  	 2.018713496498513 
9.08  	 2.029680652967739 
9.09  	 2.040269911585416 
9.1  	 2.0507503302993 
9.109999999999999  	 2.061379309782683 
9.120000000000001  	 2.072428241060079 
9.130000000000001  	 2.084211153019438 
9.140000000000001  	 2.097123120353163 
9.15  	 2.111699272308756 
9.16  	 2.128715051712513 
9.17  	 2.149371822440245 
9.18  	 2.175672263722856 
9.19  	 2.211264101032443 
9.200000000000001  	 2.263619002289432 
9.210000000000001  	 2.350902670231501 
9.220000000000001  	 2.531928640742592 
9.23  	 3.164908546512344 
9.24  	 2.071476311861066 
9.25  	 1.32096681627729 
9.26  	 1.652739236289585 
9.27  	 1.780315938333151 
9.279999999999999  	 1.849098570772294 
9.290000000000001  	 1.892968251527834 
9.300000000000001  	 1.924013327154637 
9.31  	 1.947634884575259 
9.32  	 1.966619616335762 
9.33  	 1.982561420752976 
9.34  	 1.996448896835741 
9.35  	 2.008939707782623 
9.359999999999999  	 2.020501721503426 
9.370000000000001  	 2.03149214188794 
9.380000000000001  	 2.042206098791 
9.390000000000001  	 2.052910139649919 
9.4  	 2.063869290878496 
9.41  	 2.07537375353545 
9.42  	 2.087771148462497 
9.43  	 2.101512434815758 
9.44  	 2.117225623424611 
9.450000000000001  	 2.135845573435354 
9.460000000000001  	 2.158862872162873 
9.470000000000001  	 2.188848008565795 
9.48  	 2.230692323621693 
9.49  	 2.295053695659036 
9.5  	 2.410509155573557 
9.51  	 2.688780030263805 
9.52  	 4.436882068207753 
9.529999999999999  	 0.6129877336925071 
9.540000000000001  	 1.496320489303104 
9.550000000000001  	 1.709670242574132 
9.56  	 1.807367450159777 
9.57  	 1.864462353280002 
9.58  	 1.902663004439834 
9.59  	 1.930588139471791 
9.6  	 1.952351226962915 
9.609999999999999  	 1.970174534278653 
9.620000000000001  	 1.985374689929659 
9.630000000000001  	 1.998792799496659 
9.640000000000001  	 2.01100392410724 
9.65  	 2.022428772190766 
9.66  	 2.033398592525714 
9.67  	 2.044196771401936 
9.68  	 2.05508924377174 
9.69  	 2.066351054715949 
9.700000000000001  	 2.078294887389933 
9.710000000000001  	 2.091308135863379 
9.720000000000001  	 2.105908623439392 
9.73  	 2.122837730404115 
9.74  	 2.143230280323081 
9.75  	 2.168952694078522 
9.76  	 2.203348144787844 
9.77  	 2.253109941486644 
9.779999999999999  	 2.333956640480213 
9.790000000000001  	 2.49372278117475 
9.800000000000001  	 2.980534923644139 
9.81  	 17.95753377129374 
9.82  	 1.179826802414521 
9.83  	 1.605449881388679 
9.84  	 1.753913662614565 
9.85  	 1.83081621712788 
9.859999999999999  	 1.878764171670398 
9.870000000000001  	 1.912187007045842 
9.880000000000001  	 1.937336730942952 
9.890000000000001  	 1.957372549205876 
9.9  	 1.974073418770767 
9.91  	 1.988528603218678 
9.92  	 2.001454255917012 
9.93  	 2.013353801109892 
9.94  	 2.024606543763027 
9.950000000000001  	 2.035521162493802 
9.960000000000001  	 2.046371738463673 
9.970000000000001  	 2.057425958919047 
9.98  	 2.068971929815283 
9.99  	 2.081349491038484 
10  	 2.094993710927188 
10.01  	 2.110503488983594 
10.02  	 2.128760670143387 
10.03  	 2.151155339500957 
10.04  	 2.180052897907742 
10.05  	 2.219877584954909 
10.06  	 2.280036148911631 
10.07  	 2.384776463428827 
10.08  	 2.621738375546401 
10.09  	 3.741526713146279 
10.1  	 0.1249844812150975 
10.11  	 1.429264120866893 
10.12  	 1.680935417098824 
10.13  	 1.789722722619637 
10.14  	 1.851541459936184 
10.15  	 1.892200774943268 
10.16  	 1.921572044140541 
10.17  	 1.944256965856201 
10.18  	 1.96270044636486 
10.19  	 1.978332320371338 
10.2  	 1.99205588094978 
10.21  	 2.004482168951044 
10.22  	 2.016053225079604 
10.23  	 2.027112713721494 
10.24  	 2.037950415251465 
10.25  	 2.048833977364607 
10.26  	 2.060035786504951 
10.27  	 2.071860884074229 
10.28  	 2.084682261291121 
10.29  	 2.098992879024081 
10.3  	 2.115491383711134 
10.31  	 2.135236556447154 
10.32  	 2.159950769315852 
10.33  	 2.192678199212531 
10.34  	 2.239405003085376 
10.35  	 2.313817453828545 
10.36  	 2.455680311175596 
10.37  	 2.849853119624492 
10.38  	 11.40934012014155 
10.39  	 1.046654912412317 
10.4  	 1.571012098314862 
10.41  	 1.736772255333297 
10.42  	 1.81951680202031 
10.43  	 1.870077743813113 
10.44  	 1.904865232274541 
10.45  	 1.930797225821912 
10.46  	 1.951306227492845 
10.47  	 1.96829923512304 
10.48  	 1.982931244830855 
10.49  	 1.995954245942513 
10.5  	 2.00789173999119 
10.51  	 2.019134005767033 
10.52  	 2.029994839051904 
10.53  	 2.04074908832898 
10.54  	 2.051661316694446 
10.55  	 2.063012244348215 
10.56  	 2.075128764796324 
10.57  	 2.088424740642324 
10.58  	 2.103464374077735 
10.59  	 2.121070937737091 
10.6  	 2.142530130539372 
10.61  	 2.170006346366949 
10.62  	 2.207492855162361 
10.63  	 2.26331871865848 
10.64  	 2.358314584641674 
10.65  	 2.563544822219562 
10.66  	 3.382643781740356 
10.67  	 0.5530414112335313 
10.68  	 1.377372746343104 
10.69  	 1.663044785056628 
10.7  	 1.779978807468733 
10.71  	 1.844778070008502 
10.72  	 1.886767986364018 
10.73  	 1.916795890531013 
10.74  	 1.939815122132021 
10.75  	 1.958419777740132 
10.76  	 1.974110265037345 
10.77  	 1.987825667810505 
10.78  	 2.000195727634615 
10.79  	 2.011671924370893 
10.8  	 2.022601748677819 
10.81  	 2.03327486107208 
10.82  	 2.04395542026677 
10.83  	 2.054908768199817 
10.84  	 2.066428404430789 
10.85  	 2.078869301829456 
10.86  	 2.092696186140095 
10.87  	 2.108562121055847 
10.88  	 2.127448648048009 
10.89  	 2.150938194978503 
10.9  	 2.181797408003702 
10.91  	 2.225388802346789 
10.92  	 2.293715694025111 
10.93  	 2.420427638553371 
10.94  	 2.74999744804829 
10.95  	 6.129670932728954 
10.96  	 0.9209202647638821 
10.97  	 1.548270622342715 
10.98  	 1.727845295178822 
10.99  	 1.814478893673209 
11  	 1.866475083113572 
11.01  	 1.901847283916868 
11.02  	 1.928005866805213 
11.03  	 1.948569213029772 
11.04  	 1.965524280805135 
11.05  	 1.980063352340419 
11.06  	 1.992956373748793 
11.07  	 2.004735093017389 
11.08  	 2.015792569861551 
11.09  	 2.026441801143354 
11.1  	 2.03695395832236 
11.11  	 2.04758701686159 
11.12  	 2.058611532481067 
11.13  	 2.070339208130238 
11.14  	 2.083160997779471 
11.15  	 2.097605510405761 
11.16  	 2.114438194164745 
11.17  	 2.134845067877417 
11.18  	 2.160804819656502 
11.19  	 2.195926809889952 
11.2  	 2.24762143973878 
11.21  	 2.333973631204768 
11.22  	 2.513946020625212 
11.23  	 3.153681736622352 
11.24  	 1.680635969135565 
11.25  	 1.335650459290297 
11.26  	 1.652854947964169 
11.27  	 1.775989404521566 
11.28  	 1.842655375661899 
11.29  	 1.885279086996283 
11.3  	 1.915490092267771 
11.31  	 1.938500543147386 
11.32  	 1.957005160715903 
11.33  	 1.972547433789672 
11.34  	 1.986085630205503 
11.35  	 1.998257613462567 
11.36  	 2.009517263989459 
11.37  	 2.020211049085483 
11.38  	 2.030625081926742 
11.39  	 2.041017583342377 
11.4  	 2.051645134507046 
11.41  	 2.062788608470145 
11.42  	 2.074784551097884 
11.43  	 2.088069977046976 
11.44  	 2.103254490244929 
11.45  	 2.121247716988934 
11.46  	 2.143504695114705 
11.47  	 2.17254550686248 
11.48  	 2.213194458186882 
11.49  	 2.276056911416188 
11.5  	 2.389987455634007 
11.51  	 2.671248883146007 
11.52  	 4.691325287420815 
11.53  	 0.7842514603298864 
11.54  	 1.531224742477156 
11.55  	 1.723443200929228 
11.56  	 1.813132127165599 
11.57  	 1.866054871545249 
11.58  	 1.90168110502684 
11.59  	 1.927837048872572 
11.6  	 1.948287470920467 
11.61  	 1.965077624684117 
11.62  	 1.979424443857213 
11.63  	 1.992108080379714 
11.64  	 2.003663589381119 
11.65  	 2.01448359197127 
11.66  	 2.024878189470079 
11.67  	 2.035113575843383 
11.68  	 2.045440472652154 
11.69  	 2.05611919906063 
11.7  	 2.06744687167327 
11.71  	 2.07979306871431 
11.72  	 2.093653823268586 
11.73  	 2.109742447234534 
11.74  	 2.1291562982396 
11.75  	 2.153711240139224 
11.76  	 2.186685747191754 
11.77  	 2.234716246576407 
11.78  	 2.313651464207177 
11.79  	 2.473179261908216 
11.8  	 2.99111488065992 
11.81  	 4.461618270074881 
11.82  	 1.292796688386063 
11.83  	 1.644936592043468 
11.84  	 1.774214404431423 
11.85  	 1.842592061286044 
11.86  	 1.885738433310773 
11.87  	 1.916058210627864 
11.88  	 1.939010116479738 
11.89  	 1.957381438182639 
11.9  	 1.972753882103169 
11.91  	 1.986101992173366 
11.92  	 1.998070036199503 
11.93  	 2.009113339478466 
11.94  	 2.019576922512491 
11.95  	 2.029743350134102 
11.96  	 2.039865298997256 
11.97  	 2.050191421613477 
11.98  	 2.060991362398597 
11.99  	 2.072585457181674 
12  	 2.085386521473695 
12.01  	 2.099966420450817 
12.02  	 2.117172656226487 
12.03  	 2.138350860966206 
12.04  	 2.165810972075624 
12.05  	 2.203923653430703 
12.06  	 2.262136725874488 
12.07  	 2.365460174137981 
12.08  	 2.609170787060489 
12.09  	 3.990235826176294 
12.1  	 0.5994039634262296 
12.11  	 1.512046565269534 
12.12  	 1.719142741987228 
12.13  	 1.812395383060257 
12.14  	 1.866461117135268 
12.15  	 1.902468946291765 
12.16  	 1.92871235354359 
12.17  	 1.949120898945472 
12.18  	 1.965806482837183 
12.19  	 1.980015208555644 
12.2  	 1.992540252480105 
12.21  	 2.003921974440461 
12.22  	 2.014554158360153 
12.23  	 2.024745459415278 
12.24  	 2.034758565154631 
12.25  	 2.044838595480251 
12.26  	 2.055237653164926 
12.27  	 2.066240918712713 
12.28  	 2.078200290209691 
12.29  	 2.091584684002208 
12.3  	 2.107063841698718 
12.31  	 2.125660866221777 
12.32  	 2.149055205273577 
12.33  	 2.180248707882628 
12.34  	 2.225234887719041 
12.35  	 2.298032414566253 
12.36  	 2.441005980730324 
12.37  	 2.870204084626044 
12.38  	 31.09833960601041 
12.39  	 1.235234841237759 
12.4  	 1.633938947908366 
12.41  	 1.77126254313617 
12.42  	 1.842075643984742 
12.43  	 1.886135401995856 
12.44  	 1.916817098022221 
12.45  	 1.939893726330191 
12.46  	 1.958274935000908 
12.47  	 1.973596026169276 
12.48  	 1.986856743761993 
12.49  	 1.998713459890165 
12.5  	 2.009626922486004 
12.51  	 2.019943744958284 
12.52  	 2.029945507255955 
12.53  	 2.039881745648991 
12.54  	 2.049995693975079 
12.55  	 2.060548666715734 
12.56  	 2.071848448320868 
12.57  	 2.084288644520526 
12.58  	 2.098410683848662 
12.59  	 2.115011415412545 
12.6  	 2.135346571238367 
12.61  	 2.161552521254213 
12.62  	 2.197624554764772 
12.63  	 2.25205625131798 
12.64  	 2.346737837377739 
12.65  	 2.560763449533603 
12.66  	 3.570825328666271 
12.67  	 0.3033186755944738 
12.68  	 1.483778131219641 
12.69  	 1.711384387615084 
12.7  	 1.80979834605627 
12.71  	 1.865756542743396 
12.72  	 1.902590943228952 
12.73  	 1.929224117377139 
12.74  	 1.949815127899857 
12.75  	 1.966573632830995 
12.76  	 1.980791904056943 
12.77  	 1.993286385501382 
12.78  	 2.004609448928658 
12.79  	 2.015160794717701 
12.8  	 2.025251293793277 
12.81  	 2.035143222190787 
12.82  	 2.045078995740878 
12.83  	 2.055305518699988 
12.84  	 2.06609951770786 
12.85  	 2.07779961762379 
12.86  	 2.090853670950631 
12.87  	 2.105896817553089 
12.88  	 2.123892260732346 
12.89  	 2.146408123612781 
12.9  	 2.176218673027386 
12.91  	 2.218786550225763 
12.92  	 2.286625818433093 
12.93  	 2.416218720903902 
12.94  	 2.778484580558589 
12.95  	 11.59414436524715 
12.96  	 1.14946047570491 
12.97  	 1.616085188003338 
12.98  	 1.764871123123055 
12.99  	 1.83940834684208 
13  	 1.885062889404041 
13.01  	 1.91653647921823 
13.02  	 1.940040371157898 
13.03  	 1.958660947888198 
13.04  	 1.97411484826315 
13.05  	 1.987442808266352 
13.06  	 1.999323111365964 
13.07  	 2.010228503138564 
13.08  	 2.020511942818604 
13.09  	 2.030457752315535 
13.1  	 2.040315530968695 
13.11  	 2.050326143674876 
13.12  	 2.060745805146089 
13.13  	 2.071873540196516 
13.14  	 2.084088631211396 
13.15  	 2.0979089188573 
13.16  	 2.114090995149439 
13.17  	 2.133817852870799 
13.18  	 2.159083577352231 
13.19  	 2.193573078541067 
13.2  	 2.244989058177482 
13.21  	 2.332661200700844 
13.22  	 2.522955312382524 
13.23  	 3.295541052574114 
13.24  	 0.2309839870213671 
13.25  	 1.441523289274453 
13.26  	 1.698199990710172 
13.27  	 1.804015216580441 
13.28  	 1.862867066876156 
13.29  	 1.901101446787687 
13.3  	 1.928502717560175 
13.31  	 1.949549910370714 
13.32  	 1.9665928787958 
13.33  	 1.980992719441963 
13.34  	 1.99360247290859 
13.35  	 2.004995016364964 
13.36  	 2.015581787104304 
13.37  	 2.025680166165869 
13.38  	 2.03555545596658 
13.39  	 2.045450389579441 
13.4  	 2.055609618352842 
13.41  	 2.066304613699699 
13.42  	 2.077864579207611 
13.43  	 2.090721400896562 
13.44  	 2.105482970817079 
13.45  	 2.12306414091757 
13.46  	 2.144941612947065 
13.47  	 2.173700552530963 
13.48  	 2.214359854688863 
13.49  	 2.278179681858929 
13.5  	 2.396847452835365 
13.51  	 2.70754654924143 
13.52  	 6.080591600888404 
13.53  	 1.021417181120846 
13.54  	 1.589557704796875 
13.55  	 1.754171449813659 
13.56  	 1.833934827789673 
13.57  	 1.881934534805802 
13.58  	 1.914655079574182 
13.59  	 1.938896850201018 
13.6  	 1.957986564198034 
13.61  	 1.973753619759417 
13.62  	 1.987297136747576 
13.63  	 1.999327822895579 
13.64  	 2.010337269793115 
13.65  	 2.020689569323293 
13.66  	 2.030675387244876 
13.67  	 2.040547331685428 
13.68  	 2.050546550674234 
13.69  	 2.060926815915553 
13.7  	 2.071981363896413 
13.71  	 2.084078845503639 
13.72  	 2.097718565739358 
13.73  	 2.113624429345056 
13.74  	 2.132919132873805 
13.75  	 2.157477228550902 
13.76  	 2.190720966838929 
13.77  	 2.239683876608712 
13.78  	 2.321557415327011 
13.79  	 2.492546199166883 
13.8  	 3.104356333703113 
13.81  	 1.366424761726768 
13.82  	 1.382307322467395 
13.83  	 1.679179589027212 
13.84  	 1.794858453030064 
13.85  	 1.857607317022192 
13.86  	 1.897782800457389 
13.87  	 1.926294266366843 
13.88  	 1.948037175574364 
13.89  	 1.965544816212602 
13.9  	 1.980269351072581 
13.91  	 1.993113084050468 
13.92  	 2.004677222837598 
13.93  	 2.015390132181786 
13.94  	 2.025579392538934 
13.95  	 2.035516157665235 
13.96  	 2.04544583516117 
13.97  	 2.055612997937558 
13.98  	 2.066286104719715 
13.99  	 2.077787531506691 
14  	 2.090536544834508 
14.01  	 2.105118570559207 
14.02  	 2.122407646487388 
14.03  	 2.143802246873816 
14.04  	 2.171724621977863 
14.05  	 2.210811344602799 
14.06  	 2.271252597448582 
14.07  	 2.380760634493783 
14.08  	 2.650885048323914 
14.09  	 4.581812866567076 
14.1  	 0.8326826682462013 
14.11  	 1.554138979272379 
14.12  	 1.739450172628975 
14.13  	 1.825881830492533 
14.14  	 1.87688235074556 
14.15  	 1.911222399371259 
14.16  	 1.936444408213522 
14.17  	 1.956175893850387 
14.18  	 1.972387397231941 
14.19  	 1.986251470516134 
14.2  	 1.998519998802887 
14.21  	 2.009708912855491 
14.22  	 2.020197127629018 
14.23  	 2.030284306723861 
14.24  	 2.040228125484917 
14.25  	 2.050271761214922 
14.26  	 2.060668190434513 
14.27  	 2.071706614491554 
14.28  	 2.08374716398399 
14.29  	 2.097273471416978 
14.3  	 2.11298109671144 
14.31  	 2.131939798649899 
14.32  	 2.155918681002667 
14.33  	 2.18810863993337 
14.34  	 2.234959191048052 
14.35  	 2.311836514210115 
14.36  	 2.466711816695306 
14.37  	 2.964882988923923 
14.38  	 4.96621366247238 
14.39  	 1.304159424860388 
14.4  	 1.655008322721212 
14.41  	 1.782949505558069 
14.42  	 1.850439970287652 
14.43  	 1.892967821026967 
14.44  	 1.922830522731823 
14.45  	 1.945428264566115 
14.46  	 1.963514648936267 
14.47  	 1.97865078426435 
14.48  	 1.991797905388106 
14.49  	 2.003591241888203 
14.5  	 2.014479682938752 
14.51  	 2.024803433912107 
14.52  	 2.034841247586447 
14.53  	 2.044842565138769 
14.54  	 2.05505304278979 
14.55  	 2.065739244027016 
14.56  	 2.077217950552767 
14.57  	 2.089897381708342 
14.58  	 2.104342798203837 
14.59  	 2.121391253198807 
14.6  	 2.142370227264129 
14.61  	 2.169554760253289 
14.62  	 2.20723957986936 
14.63  	 2.264676873111462 
14.64  	 2.36622337482529 
14.65  	 2.603639902788791 
14.66  	 3.89474526794315 
14.67  	 0.5515632093273219 
14.68  	 1.510502585906683 
14.69  	 1.721670442505723 
14.7  	 1.816002709473856 
14.71  	 1.870483074284612 
14.72  	 1.906683437226773 
14.73  	 1.933027547186401 
14.74  	 1.953493789014258 
14.75  	 1.970215503661067 
14.76  	 1.984449351925066 
14.77  	 1.996994201144756 
14.78  	 2.008393730565921 
14.79  	 2.019043813489083 
14.8  	 2.029254528864187 
14.81  	 2.039289618569583 
14.82  	 2.049395047294833 
14.83  	 2.059823633462368 
14.84  	 2.070861162655991 
14.85  	 2.08285997027182 
14.86  	 2.096289048084784 
14.87  	 2.111817354141491 
14.88  	 2.130465103558207 
14.89  	 2.153903476710572 
14.9  	 2.185111231903662 
14.91  	 2.23001266806969 
14.92  	 2.302382911257753 
14.93  	 2.443422737183242 
14.94  	 2.858079000130062 
14.95  	 140.5399146118813 
14.96  	 1.204726992755305 
14.97  	 1.626846665110831 
14.98  	 1.76927206984851 
14.99  	 1.842131458213363 
15  	 1.887263979623894 
15.01  	 1.918602339260589 
15.02  	 1.942124898309013 
15.03  	 1.960833076603015 
15.04  	 1.976408971019389 
15.05  	 1.989878650102757 
15.06  	 2.001914512904433 
15.07  	 2.012987761716749 
15.08  	 2.023452292512288 
15.09  	 2.033595113793996 
15.1  	 2.043670115175744 
15.11  	 2.053924306905921 
15.12  	 2.064622551740009 
15.13  	 2.076076221315834 
15.14  	 2.088682759420402 
15.15  	 2.102987816867538 
15.16  	 2.119792765034731 
15.17  	 2.140357366439373 
15.18  	 2.166818323957991 
15.19  	 2.203155423702891 
15.2  	 2.257780449899818 
15.21  	 2.352173637848161 
15.22  	 2.562572440386924 
15.23  	 3.502300224497 
15.24  	 0.1105169175935663 
15.25  	 1.459397538653163 
15.26  	 1.70195148753435 
15.27  	 1.805187119002715 
15.28  	 1.863446853181593 
15.29  	 1.901620699913446 
15.3  	 1.92913473730285 
15.31  	 1.950356239564271 
15.32  	 1.967595719775959 
15.33  	 1.982200102911527 
15.34  	 1.995018109016623 
15.35  	 2.006622575223685 
15.36  	 2.017427033668838 
15.37  	 2.027752307136615 
15.38  	 2.037868321358063 
15.39  	 2.048023815754514 
15.4  	 2.05847135296293 
15.41  	 2.069493152905995 
15.42  	 2.081433596244775 
15.43  	 2.094746954146645 
15.44  	 2.110075807797526 
15.45  	 2.128391971398724 
15.46  	 2.151272558807221 
15.47  	 2.181496618356842 
15.48  	 2.22450661087339 
15.49  	 2.292670184128694 
15.5  	 2.421549791561903 
15.51  	 2.772626308127318 
15.52  	 8.51071892697844 
15.53  	 1.079394677380022 
15.54  	 1.595734184965738 
15.55  	 1.754756856102901 
15.56  	 1.833428875670538 
15.57  	 1.881287073567045 
15.58  	 1.914131979551038 
15.59  	 1.938579713623645 
15.6  	 1.957898556246024 
15.61  	 1.973898535742208 
15.62  	 1.987673263647526 
15.63  	 1.999933361056995 
15.64  	 2.011172690311194 
15.65  	 2.021758860914468 
15.66  	 2.031986997427683 
15.67  	 2.042115205107628 
15.68  	 2.052391551710781 
15.69  	 2.063078852509758 
15.7  	 2.074482686037982 
15.71  	 2.086989337643157 
15.72  	 2.10112457383821 
15.73  	 2.117654232985541 
15.74  	 2.13777185931009 
15.75  	 2.163481584336376 
15.76  	 2.19846856042484 
15.77  	 2.250382561669462 
15.78  	 2.338212566903226 
15.79  	 2.525837317501211 
15.8  	 3.247223095239784 
15.81  	 0.666926263249809 
15.82  	 1.400867730927145 
15.83  	 1.681141614634051 
15.84  	 1.794147350168711 
15.85  	 1.85636383195602 
15.86  	 1.896538228033358 
15.87  	 1.925208014451921 
15.88  	 1.947158640723608 
15.89  	 1.964886882830631 
15.9  	 1.979832864181316 
15.91  	 1.992895984912198 
15.92  	 2.004678295629463 
15.93  	 2.015610750457676 
15.94  	 2.026024565865107 
15.95  	 2.036195453230284 
15.96  	 2.046374500332363 
15.97  	 2.056813561925824 
15.98  	 2.067790814144498 
15.99  	 2.079642190513955 
16  	 2.092806788053736 
16.01  	 2.107900567044626 
16.02  	 2.125847414231304 
16.03  	 2.14813311057944 
16.04  	 2.177347061997057 
16.05  	 2.218486481378704 
16.06  	 2.282665455585295 
16.07  	 2.400708122817927 
16.08  	 2.701932977168112 
16.09  	 5.376102085165497 
16.1  	 0.9185104048232374 
16.11  	 1.562138287760662 
16.12  	 1.739994596069491 
16.13  	 1.824838245143742 
16.14  	 1.875474584864277 
16.15  	 1.909808163520228 
16.16  	 1.935145950649951 
16.17  	 1.955037508696766 
16.18  	 1.971424888804025 
16.19  	 1.985470184034385 
16.2  	 1.997922154610449 
16.21  	 2.009296915395129 
16.22  	 2.019975294080243 
16.23  	 2.030260024884039 
16.24  	 2.040412929789712 
16.25  	 2.050682640596347 
16.26  	 2.061329430872622 
16.27  	 2.072652592643136 
16.28  	 2.085026788763947 
16.29  	 2.098957568405771 
16.3  	 2.115175335998183 
16.31  	 2.134808825512262 
16.32  	 2.159735008956585 
16.33  	 2.193363053816807 
16.34  	 2.242650272686755 
16.35  	 2.324418192778284 
16.36  	 2.492586192720685 
16.37  	 3.066762371154845 
16.38  	 2.414640552967561 
16.39  	 1.33358978792626 
16.4  	 1.659566749235938 
16.41  	 1.78324396924985 
16.42  	 1.849561510588922 
16.43  	 1.891735377326149 
16.44  	 1.921526360871747 
16.45  	 1.944165219304968 
16.46  	 1.962342293608932 
16.47  	 1.977592673397592 
16.48  	 1.990866526801275 
16.49  	 2.00279470114801 
16.5  	 2.013825031655272 
16.51  	 2.024298584568101 
16.52  	 2.034496341875819 
16.53  	 2.044671255170361 
16.54  	 2.055074011524749 
16.55  	 2.065978307576811 
16.56  	 2.077711237019699 
16.57  	 2.090696441854393 
16.58  	 2.105523288477893 
16.59  	 2.123068610151751 
16.6  	 2.144730117453336 
16.61  	 2.172918042724476 
16.62  	 2.212219366272586 
16.63  	 2.272631743707518 
16.64  	 2.380976633414168 
16.65  	 2.64223350806928 
16.66  	 4.291036886383504 
16.67  	 0.7024952413606127 
16.68  	 1.525713966490718 
16.69  	 1.725120513707632 
16.7  	 1.816537245096634 
16.71  	 1.870008012390968 
16.72  	 1.9058118652657 
16.73  	 1.932004190377736 
16.74  	 1.952430796352814 
16.75  	 1.969169800532917 
16.76  	 1.983452616938051 
16.77  	 1.99606599750426 
16.78  	 2.007547877675667 
16.79  	 2.018291817873145 
16.8  	 2.028607695752588 
16.81  	 2.038760621461328 
16.82  	 2.048999402030474 
16.83  	 2.05958142309328 
16.84  	 2.070799403579559 
16.85  	 2.083016210241734 
16.86  	 2.096717254391356 
16.87  	 2.112598197064343 
16.88  	 2.131725211083753 
16.89  	 2.155854626450796 
16.9  	 2.188139143077839 
16.91  	 2.234909676474264 
16.92  	 2.311101946802064 
16.93  	 2.462536978364301 
16.94  	 2.931697691721884 
16.95  	 10.21577500579288 
16.96  	 1.254324166949864 
16.97  	 1.636975894648983 
16.98  	 1.772461672371287 
16.99  	 1.843081783369436 
17  	 1.887280004660736 
17.01  	 1.918174125101769 
17.02  	 1.94147273025907 
17.03  	 1.960068940043938 
17.04  	 1.975595466170704 
17.05  	 1.989053836566712 
17.06  	 2.001103611460266 
17.07  	 2.012209215565896 
17.08  	 2.022721229855255 
17.09  	 2.032925586264402 
17.1  	 2.043076814971049 
17.11  	 2.053424198143662 
17.12  	 2.064236784103857 
17.13  	 2.075832772977116 
17.14  	 2.088620521493789 
17.15  	 2.103163449498535 
17.16  	 2.120293082489976 
17.17  	 2.141323534693013 
17.18  	 2.168497818486489 
17.19  	 2.20602816924864 
17.2  	 2.262922124796066 
17.21  	 2.362612589067053 
17.22  	 2.591329109838759 
17.23  	 3.737153377793528 
17.24  	 0.3910368969226085 
17.25  	 1.48526679452616 
17.26  	 1.709856514900379 
17.27  	 1.808409474428951 
17.28  	 1.864834696076247 
17.29  	 1.902127104867496 
17.3  	 1.929163842441009 
17.31  	 1.950107292167596 
17.32  	 1.967178077701258 
17.33  	 1.981679057645703 
17.34  	 1.99443561112015 
17.35  	 2.00600759073203 
17.36  	 2.016801195207308 
17.37  	 2.027133296368051 
17.38  	 2.037272146397875 
17.39  	 2.047466615852341 
17.4  	 2.057971154163614 
17.41  	 2.069071967969196 
17.42  	 2.081120387298652 
17.43  	 2.094582333712986 
17.44  	 2.110120190186366 
17.45  	 2.128740888349369 
17.46  	 2.152088052087172 
17.47  	 2.183078815541004 
17.48  	 2.227481721046304 
17.49  	 2.298595605087206 
17.5  	 2.435613990830143 
17.51  	 2.826829145340052 
17.52  	 18.43805203293048 
17.53  	 1.15731917912361 
17.54  	 1.612642089186492 
17.55  	 1.761499772535391 
17.56  	 1.836749221872793 
17.57  	 1.883058933538116 
17.58  	 1.915077601258428 
17.59  	 1.939035919342754 
17.6  	 1.958043757782539 
17.61  	 1.973836468258557 
17.62  	 1.987468877396497 
17.63  	 1.99963002611223 
17.64  	 2.010801223857072 
17.65  	 2.021342670069206 
17.66  	 2.031545283072374 
17.67  	 2.041665204614778 
17.68  	 2.051950386297607 
17.69  	 2.0626653934851 
17.7  	 2.074119867753892 
17.71  	 2.086707533717659 
17.72  	 2.10096714383848 
17.73  	 2.117687511604431 
17.74  	 2.138104760618924 
17.75  	 2.164307947468898 
17.76  	 2.200170316396562 
17.77  	 2.253826035667594 
17.78  	 2.345837275404436 
17.79  	 2.547784969953212 
17.8  	 3.40010827166022 
17.81  	 0.1070267824669169 
17.82  	 1.438837584826101 
17.83  	 1.693652618196726 
17.84  	 1.800154093426159 
17.85  	 1.859752407029711 
17.86  	 1.898607183034621 
17.87  	 1.926515436486039 
17.88  	 1.947985119682746 
17.89  	 1.965389699406491 
17.9  	 1.980107665293032 
17.91  	 1.993004884047294 
17.92  	 2.004664017516824 
17.93  	 2.01550436710922 
17.94  	 2.025850073569249 
17.95  	 2.035972734241513 
17.96  	 2.046121485850553 
17.97  	 2.05654810367425 
17.98  	 2.067532677693136 
17.99  	 2.079415651221233 
18  	 2.092644588847341 
18.01  	 2.107850686773217 
18.02  	 2.125985768421358 
18.03  	 2.148589658719586 
18.04  	 2.17836545911927 
18.05  	 2.220580399724397 
18.06  	 2.287116003463097 
18.07  	 2.41171417267093 
18.08  	 2.743400002454441 
18.09  	 6.935711030063413 
18.1  	 1.033268197262654 
18.11  	 1.585536411266713 
18.12  	 1.74991562313714 
18.13  	 1.83028210537893 
18.14  	 1.878866386732637 
18.15  	 1.91207717568011 
18.16  	 1.936727315717221 
18.17  	 1.956163614157912 
18.18  	 1.972232082513339 
18.19  	 1.986044446826728 
18.2  	 1.998321013312769 
18.21  	 2.009560946242044 
18.22  	 2.020134649466512 
18.23  	 2.030338435346174 
18.24  	 2.04043039979375 
18.25  	 2.050657519835839 
18.26  	 2.06128032347071 
18.27  	 2.072600532179249 
18.28  	 2.084998244387838 
18.29  	 2.098989255279571 
18.3  	 2.115322796179206 
18.31  	 2.135163225557016 
18.32  	 2.160459370360945 
18.33  	 2.194780154054691 
18.34  	 2.245492439063629 
18.35  	 2.330723826363099 
18.36  	 2.510476238761362 
18.37  	 3.173586293865924 
18.38  	 1.043886048108642 
18.39  	 1.383782540837126 
18.4  	 1.675852973249572 
18.41  	 1.791414216604495 
18.42  	 1.854511304977362 
18.43  	 1.895058595954931 
18.44  	 1.923901494980163 
18.45  	 1.945932577109109 
18.46  	 1.963692803969379 
18.47  	 1.978642674760684 
18.48  	 1.991691658022055 
18.49  	 2.00344690173986 
18.5  	 2.014341804106114 
18.51  	 2.024708433081009 
18.52  	 2.034822232635073 
18.53  	 2.044933059031717 
18.54  	 2.055290504376416 
18.55  	 2.066169164904038 
18.56  	 2.077899490463559 
18.57  	 2.090912096417227 
18.58  	 2.105809399181301 
18.59  	 2.12349258220474 
18.6  	 2.145406786535087 
18.61  	 2.174062008811731 
18.62  	 2.214280495012687 
18.63  	 2.27671745007197 
18.64  	 2.390607007840537 
18.65  	 2.675822234211915 
18.66  	 4.90958151942347 
18.67  	 0.866979791042358 
18.68  	 1.5544876618231 
18.69  	 1.737260208447764 
18.7  	 1.823398785611762 
18.71  	 1.874491256797896 
18.72  	 1.909001535868955 
18.73  	 1.934401930090276 
18.74  	 1.954302708769801 
18.75  	 1.970671446149907 
18.76  	 1.984681886293508 
18.77  	 1.997088273690366 
18.78  	 2.008409162158847 
18.79  	 2.019026130880322 
18.8  	 2.029241574142469 
18.81  	 2.039316102632316 
18.82  	 2.049496256712626 
18.83  	 2.06003913578517 
18.84  	 2.071239336211923 
18.85  	 2.083464493422335 
18.86  	 2.09720931228802 
18.87  	 2.113186703053278 
18.88  	 2.132495486027081 
18.89  	 2.156957467688237 
18.9  	 2.189869322791591 
18.91  	 2.237924465346167 
18.92  	 2.317180338826017 
18.93  	 2.478387502535597 
18.94  	 3.011327328900172 
18.95  	 3.467984720003891 
18.96  	 1.316712134725786 
18.97  	 1.655824963002923 
18.98  	 1.781878653600489 
18.99  	 1.848896506830218 
19  	 1.891311249454484 
19.01  	 1.921178253440027 
19.02  	 1.943823648944261 
19.03  	 1.961974433084847 
19.04  	 1.977181332399283 
19.05  	 1.990401521292241 
19.06  	 2.002268896993941 
19.07  	 2.013232322886351 
19.08  	 2.023632706943072 
19.09  	 2.033750024226406 
19.1  	 2.043835442474515 
19.11  	 2.054136971473185 
19.12  	 2.064924426469534 
19.13  	 2.076519229418159 
19.14  	 2.089336502455922 
19.15  	 2.1039522870133 
19.16  	 2.121221462268703 
19.17  	 2.142503092953927 
19.18  	 2.170133289100446 
19.19  	 2.208539423093403 
19.2  	 2.267313516284591 
19.21  	 2.371939080976357 
19.22  	 2.62020271773768 
19.23  	 4.066722303900748 
19.24  	 0.6317786446295316 
19.25  	 1.518264097837024 
19.26  	 1.723165979906977 
19.27  	 1.815888310561903 
19.28  	 1.869776932537277 
19.29  	 1.905720602317677 
19.3  	 1.931945478455196 
19.31  	 1.952357393557358 
19.32  	 1.96905867883761 
19.33  	 1.983291318905175 
19.34  	 1.995846766219623 
19.35  	 2.007264850209471 
19.36  	 2.017939516824343 
19.37  	 2.02818007507955 
19.38  	 2.038250308703895 
19.39  	 2.048396924469038 
19.4  	 2.058874241197615 
19.41  	 2.069970538316987 
19.42  	 2.082042129870044 
19.43  	 2.095564416105316 
19.44  	 2.11121704364077 
19.45  	 2.130039031326028 
19.46  	 2.153737119204505 
19.47  	 2.185364161103083 
19.48  	 2.231021067612536 
19.49  	 2.304996614114897 
19.5  	 2.450570645430997 
19.51  	 2.889686137006652 
19.52  	 24.37867015051872 
19.53  	 1.233147557616484 
19.54  	 1.633018934778421 
19.55  	 1.771334186493068 
19.56  	 1.842772378390892 
19.57  	 1.887258077403909 
19.58  	 1.918252449577722 
19.59  	 1.941572986249667 
19.6  	 1.960154309808839 
19.61  	 1.975646860670087 
19.62  	 1.989060228168843 
19.63  	 2.001057640037827 
19.64  	 2.012104971890861 
19.65  	 2.022552987857071 
19.66  	 2.032686936613793 
19.67  	 2.042759916119608 
19.68  	 2.053018955441328 
19.69  	 2.063729774830768 
19.7  	 2.075205670536723 
19.71  	 2.087847605541961 
19.72  	 2.102207421773273 
19.73  	 2.119097579150933 
19.74  	 2.139798708032502 
19.75  	 2.166489900394146 
19.76  	 2.203246919112625 
19.77  	 2.258735763687015 
19.78  	 2.355295922667143 
19.79  	 2.573677890750714 
19.8  	 3.605734989490374 
19.81  	 0.2748704015322235 
19.82  	 1.475546120397107 
19.83  	 1.707373977082026 
19.84  	 1.807635298087332 
19.85  	 1.864644507841179 
19.86  	 1.90216815591999 
19.87  	 1.929296976723148 
19.88  	 1.950269008953651 
19.89  	 1.967336109482053 
19.9  	 1.981815359579653 
19.91  	 1.994538970711661 
19.92  	 2.006070065030072 
19.93  	 2.01681620555081 
19.94  	 2.027094468029718 
19.95  	 2.03717246056873 
19.96  	 2.047297630418062 
19.97  	 2.057722110609538 
19.98  	 2.068728585781062 
19.99  	 2.080663052918735 
20  	 2.093983167310095 
20.01  	 2.109337974619007 
20.02  	 2.127711678581912 
20.03  	 2.150706306961907 
20.04  	 2.181155330218519 
20.05  	 2.224635692321498 
20.06  	 2.293915291057608 
20.07  	 2.426175938279797 
20.08  	 2.79517950793179 
20.09  	 11.43849488938579 
20.1  	 1.126702702266211 
20.11  	 1.606955081446987 
20.12  	 1.759667899422658 
20.13  	 1.83608759818032 
20.14  	 1.882862196442223 
20.15  	 1.915090370758079 
20.16  	 1.939146663718443 
20.17  	 1.958197147538043 
20.18  	 1.974002196866089 
20.19  	 1.987628781174548 
20.2  	 1.999772123224069 
20.21  	 2.010916671493876 
20.22  	 2.021424043963858 
20.23  	 2.031585468445159 
20.24  	 2.041656539453791 
20.25  	 2.051883836488899 
20.26  	 2.062529574508183 
20.27  	 2.073899689033414 
20.28  	 2.086382111479884 
20.29  	 2.100506327821698 
20.3  	 2.117045685230754 
20.31  	 2.137208904497446 
20.32  	 2.163032458577164 
20.33  	 2.198277195749724 
20.34  	 2.250797454538453 
20.35  	 2.340275409517581 
20.36  	 2.534105762610446 
20.37  	 3.31535957566996 
20.38  	 0.3276604199285051 
20.39  	 1.424782203614683 
20.4  	 1.689709009050852 
20.41  	 1.798606144617696 
20.42  	 1.859084413851 
20.43  	 1.898337442293419 
20.44  	 1.926447511280584 
20.45  	 1.948025285219433 
20.46  	 1.96548793734843 
20.47  	 1.98023477682774 
20.48  	 1.993142371804181 
20.49  	 2.004799126451947 
20.5  	 2.01562741804421 
20.51  	 2.025952877804447 
20.52  	 2.03604751873724 
20.53  	 2.046160021344007 
20.54  	 2.056540828814173 
20.55  	 2.067467624556542 
20.56  	 2.079276913306255 
20.57  	 2.092409895353152 
20.58  	 2.107487239115847 
20.59  	 2.12544253454034 
20.6  	 2.14778187085905 
20.61  	 2.177140049695281 
20.62  	 2.218627671614369 
20.63  	 2.28369536272905 
20.64  	 2.404494656551206 
20.65  	 2.719543604754756 
20.66  	 6.026299076214987 
20.67  	 0.987410160069881 
20.68  	 1.577152999278975 
20.69  	 1.746833932587286 
20.7  	 1.828852176583744 
20.71  	 1.878140216871236 
20.72  	 1.911705762162601 
20.73  	 1.936553686654369 
20.74  	 1.956107105540799 
20.75  	 1.972246955260973 
20.76  	 1.986102594057132 
20.77  	 1.998403847611601 
20.78  	 2.009655216889958 
20.79  	 2.0202300869832 
20.8  	 2.030426285938649 
20.81  	 2.040502383813114 
20.82  	 2.050704945057495 
20.83  	 2.06129315325075 
20.84  	 2.072566197479508 
20.85  	 2.084899892361841 
20.86  	 2.098802884890688 
20.87  	 2.115012167371356 
20.88  	 2.134670049865471 
20.89  	 2.159682586310962 
20.9  	 2.19352674334758 
20.91  	 2.243340660055528 
20.92  	 2.326542100949887 
20.93  	 2.499900524667589 
20.94  	 3.115621631537701 
20.95  	 1.555920165638395 
20.96  	 1.3639242770944 
20.97  	 1.670023174639104 
20.98  	 1.788812776865382 
20.99  	 1.853129336054593 
21  	 1.89426011646411 
21.01  	 1.923423624779461 
21.02  	 1.945647208195601 
21.03  	 1.963529949425056 
21.04  	 1.978560634118613 
21.05  	 1.991663727724089 
21.06  	 2.003454810209861 
21.07  	 2.014372172706542 
21.08  	 2.024750698259535 
21.09  	 2.034867296239285 
21.1  	 2.044972281977773 
21.11  	 2.055314803494177 
21.12  	 2.066168013505431 
21.13  	 2.077859585757256 
21.14  	 2.090815317886677 
21.15  	 2.105629346545153 
21.16  	 2.12318818292529 
21.17  	 2.144909425063927 
21.18  	 2.17324682864422 
21.19  	 2.21289334422142 
21.2  	 2.274150774415037 
21.21  	 2.384980461912599 
21.22  	 2.657481195663387 
21.23  	 4.569004777198839 
21.24  	 0.798251227965636 
21.25  	 1.543025803897562 
21.26  	 1.732804548627624 
21.27  	 1.821102251716672 
21.28  	 1.873134611493202 
21.29  	 1.90813735765653 
21.3  	 1.933827368487845 
21.31  	 1.95391219897838 
21.32  	 1.970404332110514 
21.33  	 1.984500523354048 
21.34  	 1.99696772383843 
21.35  	 2.008331868777606 
21.36  	 2.018978931031138 
21.37  	 2.029213874097836 
21.38  	 2.039298639615928 
21.39  	 2.049480125388237 
21.4  	 2.060014859704172 
21.41  	 2.071195777145573 
21.42  	 2.083387321785313 
21.43  	 2.097078563180801 
21.44  	 2.112972468573719 
21.45  	 2.132149631968557 
21.46  	 2.156396150929189 
21.47  	 2.188931641147902 
21.48  	 2.236258519838503 
21.49  	 2.313850672470821 
21.5  	 2.469914326735597 
21.51  	 2.969620843585529 
21.52  	 5.424705971065673 
21.53  	 1.290016764399494 
21.54  	 1.648129477856575 
21.55  	 1.778271392728195 
21.56  	 1.846822581858497 
21.57  	 1.889980413988057 
21.58  	 1.92026553845322 
21.59  	 1.943170293357369 
21.6  	 1.961493215958081 
21.61  	 1.976819985825067 
21.62  	 1.990126475192655 
21.63  	 2.00205725629271 
21.64  	 2.013067552098653 
21.65  	 2.023502117487272 
21.66  	 2.033643178212168 
21.67  	 2.043743015614065 
21.68  	 2.054049801980267 
21.69  	 2.064832541253631 
21.7  	 2.076410621730481 
21.71  	 2.089195323201831 
21.72  	 2.103755826856112 
21.73  	 2.120934616781068 
21.74  	 2.142067260191165 
21.75  	 2.169441728640376 
21.76  	 2.207375065185847 
21.77  	 2.265161321287559 
21.78  	 2.367241494479598 
21.79  	 2.605499966180624 
21.8  	 3.891347840717334 
21.81  	 0.527258201605485 
21.82  	 1.503756023156177 
21.83  	 1.717523232985086 
21.84  	 1.812866871422535 
21.85  	 1.867887005286048 
21.86  	 1.90442628155381 
21.87  	 1.931005649557042 
21.88  	 1.951646832134257 
21.89  	 1.968505402871132 
21.9  	 1.982850624758214 
21.91  	 1.99548907395529 
21.92  	 2.006969447738485 
21.93  	 2.017691069401451 
21.94  	 2.027966517528327 
21.95  	 2.038061447830149 
21.96  	 2.048223385181301 
21.97  	 2.058706517615598 
21.98  	 2.069797941331396 
21.99  	 2.081851370862496 
22  	 2.095337396504005 
22.01  	 2.110927006201599 
22.02  	 2.129643214631149 
22.03  	 2.153161363092722 
22.04  	 2.184466841836717 
22.05  	 2.229495222294393 
22.06  	 2.302041439665363 
22.07  	 2.443332765763213 
22.08  	 2.858061101197899 
22.09  	 101.5639849915485 
22.1  	 1.19855361448494 
22.11  	 1.623741622396145 
22.12  	 1.766969340745065 
22.13  	 1.840192719793974 
22.14  	 1.885533875286069 
22.15  	 1.917008519347442 
22.16  	 1.940627840481317 
22.17  	 1.959408778864171 
22.18  	 1.975041704159474 
22.19  	 1.988557492149864 
22.2  	 2.000631522764341 
22.21  	 2.011736941667186 
22.22  	 2.022228961983537 
22.23  	 2.032395511328512 
22.24  	 2.042491133017438 
22.25  	 2.052763304889243 
22.26  	 2.0634772183689 
22.27  	 2.074944460362307 
22.28  	 2.087562584144973 
22.29  	 2.101877231676986 
22.3  	 2.118689602822539 
22.31  	 2.139259017443444 
22.32  	 2.165721201452615 
22.33  	 2.202053728939798 
22.34  	 2.256662736509109 
22.35  	 2.351010406131871 
22.36  	 2.561245932458593 
22.37  	 3.499332695062909 
22.38  	 0.1066278332019643 
22.39  	 1.458157737122736 
22.4  	 1.70087085644458 
22.41  	 1.804145695360329 
22.42  	 1.862420019248042 
22.43  	 1.900600150549596 
22.44  	 1.928116655825501 
22.45  	 1.9493383840756 
22.46  	 1.966576473463143 
22.47  	 1.981178097636468 
22.48  	 1.993992048462897 
22.49  	 2.005591134885628 
22.5  	 2.01638879032224 
22.51  	 2.026705676087056 
22.52  	 2.03681148877464 
22.53  	 2.04695465566884 
22.54  	 2.057387317012944 
22.55  	 2.068391115897708 
22.56  	 2.080309630523316 
22.57  	 2.09359598647811 
22.58  	 2.108891074519006 
22.59  	 2.127164108684275 
22.6  	 2.149987988133726 
22.61  	 2.180134452101282 
22.62  	 2.223032093432915 
22.63  	 2.291018733801092 
22.64  	 2.419579619211433 
22.65  	 2.76993326469124 
22.66  	 8.529378538767519 
22.67  	 1.082385320189226 
22.68  	 1.596426854744668 
22.69  	 1.754846505510613 
22.7  	 1.833239858306916 
22.71  	 1.880935456637104 
22.72  	 1.91367193540091 
22.73  	 1.938040550233285 
22.74  	 1.957297626695393 
22.75  	 1.973246689530471 
22.76  	 1.986977461310015 
22.77  	 1.999198042660639 
22.78  	 2.010400532659215 
22.79  	 2.020951204971763 
22.8  	 2.031144079724339 
22.81  	 2.041236257874227 
22.82  	 2.051474799823873 
22.83  	 2.062121411490135 
22.84  	 2.073480344181117 
22.85  	 2.085936178790157 
22.86  	 2.100012354358825 
22.87  	 2.116471346088574 
22.88  	 2.136501553356005 
22.89  	 2.162098725453612 
22.9  	 2.196933290675481 
22.91  	 2.248626570204893 
22.92  	 2.336105252724942 
22.93  	 2.523091158968779 
22.94  	 3.243549250154539 
22.95  	 0.6361336151205345 
22.96  	 1.404510757504385 
22.97  	 1.682647990463023 
22.98  	 1.794900341814271 
22.99  	 1.856730194668673 
23  	 1.896666383830937 
23.01  	 1.925172065863801 
23.02  	 1.947000509817007 
23.03  	 1.964632259665492 
23.04  	 1.979498311842613 
23.05  	 1.992492479415612 
23.06  	 2.004213133034856 
23.07  	 2.015088627361362 
23.08  	 2.025448202812179 
23.09  	 2.035565941076723 
23.1  	 2.045691458239912 
23.11  	 2.056075145590922 
23.12  	 2.066993579122947 
23.13  	 2.078780784300887 
23.14  	 2.091873403963984 
23.15  	 2.106884025481178 
23.16  	 2.124731607588168 
23.17  	 2.146894274363512 
23.18  	 2.175948701282017 
23.19  	 2.216869165919801 
23.2  	 2.280724129134624 
23.21  	 2.398236157032823 
23.22  	 2.698522094233854 
23.23  	 5.391574436238286 
23.24  	 0.9296496446973608 
23.25  	 1.565569165025519 
23.26  	 1.741791032279574 
23.27  	 1.825933661544034 
23.28  	 1.876177414283914 
23.29  	 1.910256677305015 
23.3  	 1.935413456078831 
23.31  	 1.955167162843384 
23.32  	 1.971443906130808 
23.33  	 1.985396497953216 
23.34  	 1.997767860240536 
23.35  	 2.009070174324556 
23.36  	 2.019681433347844 
23.37  	 2.029902176531779 
23.38  	 2.039992383000722 
23.39  	 2.050198990980992 
23.4  	 2.060780560959588 
23.41  	 2.072034480828918 
23.42  	 2.084333106495741 
23.43  	 2.098178972631109 
23.44  	 2.114298272028559 
23.45  	 2.133813473720622 
23.46  	 2.158591614485841 
23.47  	 2.19202494563307 
23.48  	 2.241039470962748 
23.49  	 2.322392987830688 
23.5  	 2.489870201511927 
23.51  	 3.063395832817862 
23.52  	 2.304828692722354 
23.53  	 1.340327426208995 
23.54  	 1.662569854380156 
23.55  	 1.785057074266208 
23.56  	 1.85079034321914 
23.57  	 1.892613600462985 
23.58  	 1.922167612643303 
23.59  	 1.94463286495848 
23.6  	 1.962674935093881 
23.61  	 1.9778152542645 
23.62  	 1.990995778991066 
23.63  	 2.002842053067021 
23.64  	 2.013798254669118 
23.65  	 2.02420275625473 
23.66  	 2.03433440714059 
23.67  	 2.04444432661245 
23.68  	 2.054781477213194 
23.69  	 2.065617769306889 
23.7  	 2.077278265920224 
23.71  	 2.090184097183447 
23.72  	 2.104921283093116 
23.73  	 2.122361892649279 
23.74  	 2.143896410360167 
23.75  	 2.171923366252183 
23.76  	 2.211009361135471 
23.77  	 2.271113571356908 
23.78  	 2.378980216715891 
23.79  	 2.639494852610372 
23.8  	 4.297394148788148 
23.81  	 0.7193867437427334 
23.82  	 1.530332278996476 
23.83  	 1.727644746335958 
23.84  	 1.818219614648603 
23.85  	 1.871234263564735 
23.86  	 1.90674886025912 
23.87  	 1.932738576868973 
23.88  	 1.953012981973826 
23.89  	 1.969631409218178 
23.9  	 1.983814518723032 
23.91  	 1.996342404826613 
23.92  	 2.007748595619214 
23.93  	 2.018423543482214 
23.94  	 2.028674785817092 
23.95  	 2.038765537281679 
23.96  	 2.048942936601876 
23.97  	 2.059462759489525 
23.98  	 2.070616015786527 
23.99  	 2.082763584275881 
24  	 2.096388365735641 
24.01  	 2.112182612885089 
24.02  	 2.131207558760449 
24.03  	 2.155211908185133 
24.04  	 2.187335798368387 
24.05  	 2.233887973746833 
24.06  	 2.309762714963759 
24.07  	 2.460712696767815 
24.08  	 2.929635741747026 
24.09  	 9.519065068682782 
24.1  	 1.261974155857278 
24.11  	 1.64026646941822 
24.12  	 1.774515781292383 
24.13  	 1.844557363156356 
24.14  	 1.888417910641499 
24.15  	 1.919088110379717 
24.16  	 1.942225108977851 
24.17  	 1.9606972872878 
24.18  	 1.976123962850267 
24.19  	 1.98949873990974 
24.2  	 2.001476142676837 
24.21  	 2.012517186047577 
24.22  	 2.022969995988579 
24.23  	 2.033118617667459 
24.24  	 2.043216020368108 
24.25  	 2.053510081710475 
24.26  	 2.064268463888973 
24.27  	 2.075807863578234 
24.28  	 2.088534854405984 
24.29  	 2.103010565804123 
24.3  	 2.120063367623897 
24.31  	 2.141002742175187 
24.32  	 2.168064481368931 
24.33  	 2.205448891768834 
24.34  	 2.262142914367689 
24.35  	 2.361546264244722 
24.36  	 2.589914090243654 
24.37  	 3.740598586581617 
24.38  	 0.4109966394449783 
24.39  	 1.489606066321282 
24.4  	 1.71221184848955 
24.41  	 1.810028678504102 
24.42  	 1.866070874060686 
24.43  	 1.903126521802358 
24.44  	 1.930000503863343 
24.45  	 1.950823564063906 
24.46  	 1.967800300033948 
24.47  	 1.982224565822445 
24.48  	 1.994916260977497 
24.49  	 2.006431675319404 
24.5  	 2.017174548158905 
24.51  	 2.027459949615388 
24.52  	 2.037554724421693 
24.53  	 2.047706560227303 
24.54  	 2.058168825672818 
24.55  	 2.069226645561831 
24.56  	 2.081230162047007 
24.57  	 2.09464387419418 
24.58  	 2.110128325863434 
24.59  	 2.128687908652726 
24.6  	 2.151962533474367 
24.61  	 2.182863649505975 
24.62  	 2.227150917815972 
24.63  	 2.298110739770137 
24.64  	 2.434940699389692 
24.65  	 2.826409523210297 
24.66  	 19.47149410792974 
24.67  	 1.16399779110114 
24.68  	 1.615279497691092 
24.69  	 1.763159827927826 
24.7  	 1.83798121250152 
24.71  	 1.884050501183838 
24.72  	 1.915913914499154 
24.73  	 1.939762481136303 
24.74  	 1.958687582610744 
24.75  	 1.974414801723709 
24.76  	 1.987993306419088 
24.77  	 2.000108614265449 
24.78  	 2.011239703139545 
24.79  	 2.021745141205396 
24.8  	 2.031914640181315 
24.81  	 2.042003393887434 
24.82  	 2.052258556319679 
24.83  	 2.062943966984805 
24.84  	 2.074368547716372 
24.85  	 2.086925244585451 
24.86  	 2.101151897335405 
24.87  	 2.117836174710442 
24.88  	 2.138212692487056 
24.89  	 2.164368483861811 
24.9  	 2.200174239353552 
24.91  	 2.253762235423468 
24.92  	 2.345703580419967 
24.93  	 2.547701068528933 
24.94  	 3.403318425607002 
24.95  	 0.08566993148077566 
24.96  	 1.441914777149629 
24.97  	 1.695265022562979 
24.98  	 1.801286003159512 
24.99  	 1.860650128338631 
25  	 1.899366240104436 
25.01  	 1.927182202953093 
25.02  	 1.948585437314942 
25.03  	 1.965939373918395 
25.04  	 1.980617027853899 
25.05  	 1.9934810244877 
25.06  	 2.005111978281298 
25.07  	 2.015927825782593 
25.08  	 2.026251753481237 
25.09  	 2.036354660908426 
25.1  	 2.04648515099678 
25.11  	 2.056894570999082 
25.12  	 2.06786265037691 
25.13  	 2.079729514128643 
25.14  	 2.092942436429568 
25.15  	 2.108132352241532 
25.16  	 2.126250889019436 
25.17  	 2.148837874697481 
25.18  	 2.178597057602575 
25.19  	 2.220798542036404 
25.2  	 2.287335614207859 
25.21  	 2.412008734397925 
25.22  	 2.744346933944001 
25.23  	 7.002224847467545 
25.24  	 1.037846558915814 
25.25  	 1.587048059389384 
25.26  	 1.750862681201039 
25.27  	 1.831011793897444 
25.28  	 1.879483739399915 
25.29  	 1.912626347745774 
25.3  	 1.937230701950855 
25.31  	 1.956634057933276 
25.32  	 1.972677624083754 
25.33  	 1.986470466016648 
25.34  	 1.998731307303385 
25.35  	 2.009958319402257 
25.36  	 2.020521259608551 
25.37  	 2.030716010571025 
25.38  	 2.040800384075878 
25.39  	 2.05102117988734 
25.4  	 2.061638837792009 
25.41  	 2.072955079289089 
25.42  	 2.085350109500342 
25.43  	 2.099339985402202 
25.44  	 2.115674461384525 
25.45  	 2.135518914510058 
25.46  	 2.160824240561708 
25.47  	 2.195163954874951 
25.48  	 2.245916647084882 
25.49  	 2.331247269015194 
25.5  	 2.511333115567973 
25.51  	 3.177110460415556 
25.52  	 1.019243434683203 
25.53  	 1.38525739786807 
25.54  	 1.676544993433898 
25.55  	 1.791916009899711 
25.56  	 1.85493789521788 
25.57  	 1.895447669788521 
25.58  	 1.924269186401095 
25.59  	 1.946287071818694 
25.6  	 1.964038800280917 
25.61  	 1.978983152202224 
25.62  	 1.992028680742085 
25.63  	 2.003782024966179 
25.64  	 2.014676300698592 
25.65  	 2.025043433519354 
25.66  	 2.035158823271963 
25.67  	 2.045272363254466 
25.68  	 2.055633763384085 
25.69  	 2.066517833522898 
25.7  	 2.078255367680701 
25.71  	 2.091277522285795 
25.72  	 2.10618757670809 
25.73  	 2.123888144218171 
25.74  	 2.14582687796333 
25.75  	 2.174518565946831 
25.76  	 2.214795706397461 
25.77  	 2.277339463961043 
25.78  	 2.391470093704767 
25.79  	 2.677542298943512 
25.8  	 4.930436411201314 
25.81  	 0.8692716446970991 
25.82  	 1.554877140220407 
25.83  	 1.737489265735122 
25.84  	 1.82360218689101 
25.85  	 1.874694405143268 
25.86  	 1.90921078711223 
25.87  	 1.934618939211738 
25.88  	 1.954527800321759 
25.89  	 1.970904592905375 
25.9  	 1.98492303163583 
25.91  	 1.997337447788217 
25.92  	 2.008666529722843 
25.93  	 2.019292018458726 
25.94  	 2.029516496185872 
25.95  	 2.039600796277574 
25.96  	 2.049791733297075 
25.97  	 2.060346759040096 
25.98  	 2.0715609427101 
25.99  	 2.083802582272781 
26  	 2.097567353943082 
26.01  	 2.113569665251956 
26.02  	 2.132910784210212 
26.03  	 2.157416820471669 
26.04  	 2.190392766854505 
26.05  	 2.238550375282866 
26.06  	 2.317996340718977 
26.07  	 2.47966663338158 
26.08  	 3.014847095695961 
26.09  	 3.419242701307584 
26.1  	 1.316832956068456 
26.11  	 1.655751722525398 
26.12  	 1.781843034678594 
26.13  	 1.848904622521718 
26.14  	 1.891355306273655 
26.15  	 1.921251342584496 
26.16  	 1.943920759742951 
26.17  	 1.962092053300021 
26.18  	 1.977317028903743 
26.19  	 1.990553644992184 
26.2  	 2.002436391867548 
26.21  	 2.01341460829642 
26.22  	 2.023829611818056 
26.23  	 2.033961761031624 
26.24  	 2.044062616230229 
26.25  	 2.0543806255346 
26.26  	 2.06518613407966 
26.27  	 2.0768012506474 
26.28  	 2.089642044519077 
26.29  	 2.104285941657426 
26.3  	 2.121589969843714 
26.31  	 2.142916759734125 
26.32  	 2.170608844331976 
26.33  	 2.209106477167836 
26.34  	 2.268031763675016 
26.35  	 2.372957474316713 
26.36  	 2.622084973773128 
26.37  	 4.07780676071192 
26.38  	 0.6325511029236484 
26.39  	 1.51788252379149 
26.4  	 1.722891909348985 
26.41  	 1.815708243622601 
26.42  	 1.869663994558237 
26.43  	 1.905657264508894 
26.44  	 1.931920605244118 
26.45  	 1.952363702277655 
26.46  	 1.96909127404718 
26.47  	 1.983346860646778 
26.48  	 1.995922986010243 
26.49  	 2.00736026337323 
26.5  	 2.018053252141453 
26.51  	 2.028311780267096 
26.52  	 2.038400110752548 
26.53  	 2.048565436472157 
26.54  	 2.059062616983661 
26.55  	 2.070180586413341 
26.56  	 2.082276512966207 
26.57  	 2.095826987888986 
26.58  	 2.111513426042427 
26.59  	 2.130377647458214 
26.6  	 2.154131169463471 
26.61  	 2.185835774562418 
26.62  	 2.231611248856026 
26.63  	 2.305794198454102 
26.64  	 2.451828523149817 
26.65  	 2.892738268008125 
26.66  	 23.38957049050593 
26.67  	 1.232564160653979 
26.68  	 1.632526955341332 
26.69  	 1.770988197197583 
26.7  	 1.842524088676651 
26.71  	 1.887077861123548 
26.72  	 1.918122669608611 
26.73  	 1.941482611235617 
26.74  	 1.960096121248265 
26.75  	 1.975615983834934 
26.76  	 1.989053320301002 
26.77  	 2.001072421887639 
26.78  	 2.01213995049273 
26.79  	 2.022607293803562 
26.8  	 2.032760236377707 
26.81  	 2.042852380171084 
26.82  	 2.05313127563956 
26.83  	 2.063863234979006 
26.84  	 2.075362285941326 
26.85  	 2.088030365766754 
26.86  	 2.102420704587136 
26.87  	 2.119347873652173 
26.88  	 2.140095944857666 
26.89  	 2.16685009405838 
26.9  	 2.203698014067013 
26.91  	 2.259332729150858 
26.92  	 2.356170200819003 
26.93  	 2.575285247521416 
26.94  	 3.612760235219939 
26.95  	 0.2759136635230234 
26.96  	 1.474904053253912 
26.97  	 1.706901943606306 
26.98  	 1.80728559868809 
26.99  	 1.864376933135837 
27  	 1.901959236590579 
27.01  	 1.929132492437235 
27.02  	 1.950139876218032 
27.03  	 1.967236280014333 
27.04  	 1.981740696190635 
27.05  	 1.994486614359455 
27.06  	 2.006038064344725 
27.07  	 2.016803296421652 
27.08  	 2.027099945879233 
27.09  	 2.037196115957551 
27.1  	 2.047339734540729 
27.11  	 2.057783448161296 
27.12  	 2.068810542814492 
27.13  	 2.080767780514106 
27.14  	 2.094113863971979 
27.15  	 2.109499373307015 
27.16  	 2.127910917386858 
27.17  	 2.1509545855636 
27.18  	 2.181471356288597 
27.19  	 2.225053816560096 
27.2  	 2.29450862758392 
27.21  	 2.427145190853398 
27.22  	 2.797479213339896 
27.23  	 11.59116815597705 
27.24  	 1.126242508078739 
27.25  	 1.606428259024608 
27.26  	 1.7592639088627 
27.27  	 1.835770502033611 
27.28  	 1.882606217424097 
27.29  	 1.914879708396614 
27.3  	 1.93897132307754 
27.31  	 1.958050537189816 
27.32  	 1.973879826709979 
27.33  	 1.987527533422419 
27.34  	 1.999689828192047 
27.35  	 2.010851854226122 
27.36  	 2.021375773002713 
27.37  	 2.031553270914998 
27.38  	 2.041640364456967 
27.39  	 2.051884059883776 
27.4  	 2.062547046871807 
27.41  	 2.073935838222169 
27.42  	 2.086439125541264 
27.43  	 2.100587470072031 
27.44  	 2.117155846920841 
27.45  	 2.137355622431381 
27.46  	 2.163227933871354 
27.47  	 2.198542742972999 
27.48  	 2.251174896983588 
27.49  	 2.340863774615999 
27.5  	 2.535237468970239 
27.51  	 3.319871097058475 
27.52  	 0.3227395374805166 
27.53  	 1.424372737796599 
27.54  	 1.689318357228912 
27.55  	 1.798285503778812 
27.56  	 1.858817869571017 
27.57  	 1.898111504745611 
27.58  	 1.92625308128942 
27.59  	 1.947856245783499 
27.6  	 1.965340085942646 
27.61  	 1.980105170825378 
27.62  	 1.993028933802744 
27.63  	 2.004700403628154 
27.64  	 2.015542434979829 
27.65  	 2.025881049336656 
27.66  	 2.035988604959027 
27.67  	 2.046114116456693 
27.68  	 2.056508382532686 
27.69  	 2.067449501594576 
27.7  	 2.079274505628299 
27.71  	 2.092425317415568 
27.72  	 2.107523666758595 
27.73  	 2.125504814369579 
27.74  	 2.147877685990347 
27.75  	 2.177282357383227 
27.76  	 2.218840478702909 
27.77  	 2.284030143452814 
27.78  	 2.405092778738882 
27.79  	 2.721053413141279 
27.8  	 6.057054717756945 
27.81  	 0.9879016422166876 
27.82  	 1.576893855067586 
27.83  	 1.746567465424526 
27.84  	 1.828615203604401 
27.85  	 1.877931024808598 
27.86  	 1.911519587350093 
27.87  	 1.93638651938048 
27.88  	 1.955955940852544 
27.89  	 1.972109590154956 
27.9  	 1.985977422568558 
27.91  	 1.998289711223397 
27.92  	 2.009551304184033 
27.93  	 2.020135870146977 
27.94  	 2.030341485019103 
27.95  	 2.040426953737284 
27.96  	 2.050639084268224 
27.97  	 2.061237336844881 
27.98  	 2.072521243142391 
27.99  	 2.084867076304698 
28  	 2.098784141905844 
28.01  	 2.115010444607814 
28.02  	 2.13468996569671 
28.03  	 2.159731754888615 
28.04  	 2.193618735705004 
28.05  	 2.243502693985361 
28.06  	 2.326840052319581 
28.07  	 2.500558247520377 
28.08  	 3.118395643234819 
28.09  	 1.536731374133095 
28.1  	 1.364103887244402 
28.11  	 1.669894478954359 
28.12  	 1.788650698642599 
28.13  	 1.8529690861235 
28.14  	 1.894108181211137 
28.15  	 1.923280814062968 
28.16  	 1.945513028850075 
28.17  	 1.963403670911265 
28.18  	 1.97844157515763 
28.19  	 1.991551329337362 
28.2  	 2.003348647257898 
28.21  	 2.014271949934923 
28.22  	 2.024656246008636 
28.23  	 2.034778571526886 
28.24  	 2.04488937816326 
28.25  	 2.055237972015004 
28.26  	 2.066097703291876 
28.27  	 2.077796510410534 
28.28  	 2.090760569635112 
28.29  	 2.105584594619077 
28.3  	 2.123156035764397 
28.31  	 2.144894138347905 
28.32  	 2.173255823451684 
28.33  	 2.212940901475509 
28.34  	 2.274268812616353 
28.35  	 2.385260291944899 
28.36  	 2.658348225952339 
28.37  	 4.581609583509332 
28.38  	 0.8004611223856448 
28.39  	 1.543195458780267 
28.4  	 1.732774697984481 
28.41  	 1.821023889561883 
28.42  	 1.873040731643636 
28.43  	 1.908038389331353 
28.44  	 1.933727312386874 
28.45  	 1.95381277274509 
28.46  	 1.970306324454805 
28.47  	 1.984404312517015 
28.48  	 1.996873500501007 
28.49  	 2.008239741575459 
28.5  	 2.018888981757171 
28.51  	 2.029126190828284 
28.52  	 2.03921334117791 
28.53  	 2.04939738486856 
28.54  	 2.059934933084478 
28.55  	 2.071119044171542 
28.56  	 2.083314350179822 
28.57  	 2.097010216614946 
28.58  	 2.112910099858196 
28.59  	 2.132095453425495 
28.6  	 2.156354007073388 
28.61  	 2.18890880752003 
28.62  	 2.236270568874876 
28.63  	 2.313937886345261 
28.64  	 2.470221537548615 
28.65  	 2.971256271168204 
28.66  	 5.320827679273447 
28.67  	 1.290961830306028 
28.68  	 1.648322751350034 
28.69  	 1.778312014257825 
28.7  	 1.84680865682034 
28.71  	 1.889941269576014 
28.72  	 1.920212859024979 
28.73  	 1.9431096073793 
28.74  	 1.961427458565398 
28.75  	 1.976750850138679 
28.76  	 1.990055001959217 
28.77  	 2.0019841196667 
28.78  	 2.012993210438881 
28.79  	 2.02342689930173 
28.8  	 2.033567335432767 
28.81  	 2.043666760552666 
28.82  	 2.053973337559074 
28.83  	 2.064756091725699 
28.84  	 2.076334471672125 
28.85  	 2.08911987653614 
28.86  	 2.103681707928459 
28.87  	 2.120862860435409 
28.88  	 2.141999701931664 
28.89  	 2.169381888931955 
28.9  	 2.207330424205553 
28.91  	 2.265150299227286 
28.92  	 2.367321536443945 
28.93  	 2.605952192640372 
28.94  	 3.89769965642349 
28.95  	 0.5320176183791498 
28.96  	 1.504372858241331 
28.97  	 1.717733961356176 
28.98  	 1.812954762153988 
28.99  	 1.867920437559373 
29  	 1.904430204386583 
29.01  	 1.930991435927419 
29.02  	 1.951620447956059 
29.03  	 1.968470293938019 
29.04  	 1.982808924034703 
29.05  	 1.995442171060749 
29.06  	 2.006918283237849 
29.07  	 2.017636298381613 
29.08  	 2.027908606411421 
29.09  	 2.038000735366479 
29.1  	 2.048160124012592 
29.11  	 2.05864090627425 
29.12  	 2.069730154146117 
29.13  	 2.081781593872542 
29.14  	 2.095265881998188 
29.15  	 2.110854170783844 
29.16  	 2.129569837457396 
29.17  	 2.153089028549737 
29.18  	 2.184399042489769 
29.19  	 2.229440528248286 
29.2  	 2.30202470332114 
29.21  	 2.443450782053395 
29.22  	 2.859043878673841 
29.23  	 126.800233425222 
29.24  	 1.200286876502331 
29.25  	 1.624216503058378 
29.26  	 1.767185824644999 
29.27  	 1.840309524790103 
29.28  	 1.885600040836302 
29.29  	 1.917044556166781 
29.3  	 1.940643986110588 
29.31  	 1.959410770872826 
29.32  	 1.975033029014563 
29.33  	 1.988540395562311 
29.34  	 2.000607513522993 
29.35  	 2.011707063762962 
29.36  	 2.022193951211211 
29.37  	 2.032355890337727 
29.38  	 2.042447272003104 
29.39  	 2.052715462841877 
29.4  	 2.063425574194079 
29.41  	 2.074889141273652 
29.42  	 2.087503699954997 
29.43  	 2.101814929511292 
29.44  	 2.118624173077646 
29.45  	 2.139191126109607 
29.46  	 2.165652454658203 
29.47  	 2.20198821576991 
29.48  	 2.256611984563617 
29.49  	 2.351013803482954 
29.5  	 2.56150231689567 
29.51  	 3.502962850009992 
29.52  	 0.1153529334627495 
29.53  	 1.459138500359357 
29.54  	 1.701260063157868 
29.55  	 1.804357548418911 
29.56  	 1.862551560223518 
29.57  	 1.90068689455538 
29.58  	 1.928175005074084 
29.59  	 1.949377087335063 
29.6  	 1.966600674669835 
29.61  	 1.981191037682646 
29.62  	 1.993995873937661 
29.63  	 2.00558731923469 
29.64  	 2.016378369245929 
29.65  	 2.026689386748346 
29.66  	 2.036789856121318 
29.67  	 2.046928048478108 
29.68  	 2.057355986558103 
29.69  	 2.068355225783205 
29.7  	 2.080269285236256 
29.71  	 2.093551268679696 
29.72  	 2.108842109801912 
29.73  	 2.12711120047023 
29.74  	 2.149931933232977 
29.75  	 2.180077360335372 
29.76  	 2.222979812827525 
29.77  	 2.29098953025332 
29.78  	 2.419646632632909 
29.79  	 2.770614900425548 
29.8  	 8.61528789972936 
29.81  	 1.084853768557913 
29.82  	 1.59708636777319 
29.83  	 1.755172004243512 
29.84  	 1.833439310862697 
29.85  	 1.881071077373789 
29.86  	 1.913769459930601 
29.87  	 1.938112790888798 
29.88  	 1.957351775975697 
29.89  	 1.973287136502877 
29.9  	 1.987007050458911 
29.91  	 1.999218700167463 
29.92  	 2.010413604375113 
29.93  	 2.02095765083507 
29.94  	 2.031144591583711 
29.95  	 2.041231334274021 
29.96  	 2.051464795940471 
29.97  	 2.062106575187395 
29.98  	 2.073460846258036 
29.99  	 2.085912145863349 
30  	 2.099983917551305 
30.01  	 2.116438732601598 
30.02  	 2.136465286180218 
30.03  	 2.162060108672124 
30.04  	 2.19689573110321 
30.05  	 2.248599771521492 
30.06  	 2.336122026667217 
30.07  	 2.52330901775796 
30.08  	 3.245926298829723 
30.09  	 0.6195585004120221 
30.1  	 1.405731260249198 
30.11  	 1.683127217706774 
30.12  	 1.795173019493539 
30.13  	 1.856912054588627 
30.14  	 1.896798368996707 
30.15  	 1.925272745290665 
30.16  	 1.947079685966923 
30.17  	 1.96469566435478 
30.18  	 1.979549549989695 
30.19  	 1.992533943038264 
30.2  	 2.004246473778922 
30.21  	 2.015115019445638 
30.22  	 2.025468498327381 
30.23  	 2.035580766577941 
30.24  	 2.045701278063387 
30.25  	 2.056080306364827 
30.26  	 2.06699434502179 
30.27  	 2.078777371355937 
30.28  	 2.091866024126521 
30.29  	 2.10687295969623 
30.3  	 2.124717350317867 
30.31  	 2.146877856165106 
30.32  	 2.175932491979848 
30.33  	 2.216859154406229 
30.34  	 2.280737709539715 
30.35  	 2.398337849876511 
30.36  	 2.699113616561581 
30.37  	 5.413715340813581 
30.38  	 0.9328370792875802 
30.39  	 1.566307571633558 
30.4  	 1.742151790442267 
30.41  	 1.826160479687622 
30.42  	 1.876338692942433 
30.43  	 1.910379740954728 
30.44  	 1.9355116099225 
30.45  	 1.955247766963956 
30.46  	 1.971511410335354 
30.47  	 1.985453773335214 
30.48  	 1.997816852581171 
30.49  	 2.009112253290753 
30.5  	 2.019717592328245 
30.51  	 2.029933153920098 
30.52  	 2.040018740166001 
30.53  	 2.050221166043534 
30.54  	 2.060798910086632 
30.55  	 2.072049315986272 
30.56  	 2.084344739326692 
30.57  	 2.098187779523742 
30.58  	 2.11430481036076 
30.59  	 2.133818718599889 
30.6  	 2.158597496458782 
30.61  	 2.192035724920613 
30.62  	 2.241065833207377 
30.63  	 2.322467355066351 
30.64  	 2.490130744027157 
30.65  	 3.065188292669404 
30.66  	 2.263685840515781 
30.67  	 1.34168203872174 
30.68  	 1.663059762698945 
30.69  	 1.785332531694618 
30.7  	 1.850976831505892 
30.71  	 1.892753079670663 
30.72  	 1.922278445684502 
30.73  	 1.944724507850271 
30.74  	 1.962752821272939 
30.75  	 1.97788276237321 
30.76  	 1.991055139269319 
30.77  	 2.002894808664985 
30.78  	 2.013845515653996 
30.79  	 2.024245349096689 
30.8  	 2.034372968442593 
30.81  	 2.044479366330198 
30.82  	 2.054813425918164 
30.83  	 2.065647019524879 
30.84  	 2.077305216904487 
30.85  	 2.090209215723828 
30.86  	 2.10494520289896 
30.87  	 2.122385600209465 
30.88  	 2.143921632273255 
30.89  	 2.171953469010197 
30.9  	 2.211051736065185 
30.91  	 2.271187217627745 
30.92  	 2.379147692351655 
30.93  	 2.640089041806486 
30.94  	 4.307368718341175 
30.95  	 0.7234662226166307 
30.96  	 1.531072399358917 
30.97  	 1.727984884174103 
30.98  	 1.818430472184428 
30.99  	 1.871385416435043 
31  	 1.906866681131388 
31.01  	 1.932835445766692 
31.02  	 1.953095565406415 
31.03  	 1.969703660187173 
31.04  	 1.983878956498077 
31.05  	 1.996400729194176 
31.06  	 2.007802009738388 
31.07  	 2.018472936832642 
31.08  	 2.028720845322988 
31.09  	 2.038808820148092 
31.1  	 2.048983923125591 
31.11  	 2.05950189740326 
31.12  	 2.070653765604125 
31.13  	 2.082800476685336 
31.14  	 2.096425088706113 
31.15  	 2.112220163032819 
31.16  	 2.131247533874253 
31.17  	 2.155257132457639 
31.18  	 2.187391822110197 
31.19  	 2.233967255443599 
31.2  	 2.309899124518346 
31.21  	 2.461033527025364 
31.22  	 2.931130927983432 
31.23  	 9.247492898116318 
31.24  	 1.263421169512395 
31.25  	 1.640719118452638 
31.26  	 1.774757155387246 
31.27  	 1.844718065988714 
31.28  	 1.888538477703102 
31.29  	 1.919185407985224 
31.3  	 1.942307501328374 
31.31  	 1.960769444580451 
31.32  	 1.976188729517611 
31.33  	 1.989557970634858 
31.34  	 2.001531118196271 
31.35  	 2.012568838326148 
31.36  	 2.02301903977879 
31.37  	 2.033165633715283 
31.38  	 2.043261513553073 
31.39  	 2.053554527766459 
31.4  	 2.064312354643869 
31.41  	 2.07585176076774 
