0.01  	 0.01030803463677396 
0.02  	 0.02141879793030585 
0.03  	 0.03319898862561388 
0.04  	 0.04549796051082601 
0.05  	 0.05814970223796399 
0.06  	 0.07097509212201834 
0.07000000000000001  	 0.083784397452543 
0.08  	 0.09637998406618839 
0.09  	 0.1085591986039244 
0.1  	 0.1201173830607756 
0.11  	 0.1308509789695422 
0.12  	 0.1405606768767428 
0.13  	 0.1490545656946476 
0.14  	 0.1561512360654084 
0.15  	 0.1616827920611729 
0.16  	 0.1654977263684194 
0.17  	 0.1674636155577288 
0.18  	 0.1674695941054984 
0.19  	 0.165428568487102 
0.2  	 0.1612791358691295 
0.21  	 0.1549871756514209 
0.22  	 0.1465470863004258 
0.23  	 0.1359826445202471 
0.24  	 0.1233474687670922 
0.25  	 0.1087250743622241 
0.26  	 0.092228512929197 
0.27  	 0.07399959450115642 
0.28  	 0.05420769633891802 
0.29  	 0.03304816819464151 
0.3  	 0.01074034937300334 
0.31  	 -0.01247478159375106 
0.32  	 -0.03633729860263887 
0.33  	 -0.060571329974646 
0.34  	 -0.08488833521956045 
0.35  	 -0.1089906168590326 
0.36  	 -0.1325750239396837 
0.37  	 -0.1553368007519247 
0.38  	 -0.1769735317396084 
0.39  	 -0.1971891316788167 
0.4  	 -0.2156978289512015 
0.41  	 -0.2322280891601887 
0.42  	 -0.2465264264502117 
0.43  	 -0.2583610506942464 
0.44  	 -0.2675253002085761 
0.45  	 -0.2738408118222356 
0.46  	 -0.2771603829494182 
0.47  	 -0.2773704837551448 
0.48  	 -0.2743933815282565 
0.49  	 -0.2681888439341035 
0.5  	 -0.2587553928577111 
0.51  	 -0.2461310860056822 
0.52  	 -0.2303938092447903 
0.53  	 -0.2116610687452544 
0.54  	 -0.190089278291089 
0.55  	 -0.1658725435395295 
0.5600000000000001  	 -0.1392409514750124 
0.5700000000000001  	 -0.1104583797280645 
0.58  	 -0.07981984673313094 
0.59  	 -0.0476484298002128 
0.6  	 -0.01429178399353778 
0.61  	 0.01988169983027457 
0.62  	 0.05448705444459442 
0.63  	 0.08912716522765698 
0.64  	 0.1233974168150082 
0.65  	 0.1568905022041054 
0.66  	 0.1892013363992969 
0.67  	 0.2199320147028688 
0.68  	 0.2486967545102328 
0.6900000000000001  	 0.275126758976673 
0.7000000000000001  	 0.2988749412020261 
0.71  	 0.3196204486312953 
0.72  	 0.3370729291868296 
0.73  	 0.3509764832150251 
0.74  	 0.3611132486216367 
0.75  	 0.367306570549616 
0.76  	 0.369423711577873 
0.77  	 0.367378063636101 
0.78  	 0.3611308285795958 
0.79  	 0.3506921405815718 
0.8  	 0.3361216101052544 
0.8100000000000001  	 0.3175282761350447 
0.8200000000000001  	 0.2950699604918776 
0.8300000000000001  	 0.2689520253456628 
0.84  	 0.2394255423781538 
0.85  	 0.2067848893522024 
0.86  	 0.1713647970174104 
0.87  	 0.1335368762379503 
0.88  	 0.09370566187811313 
0.89  	 0.0523042162404654 
0.9  	 0.009789340640110958 
0.91  	 -0.03336355105852689 
0.92  	 -0.07666583848752494 
0.93  	 -0.1196213179966428 
0.9400000000000001  	 -0.161731977420107 
0.9500000000000001  	 -0.2025038543116524 
0.96  	 -0.2414529079337056 
0.97  	 -0.2781108344867741 
0.98  	 -0.3120307551182535 
0.99  	 -0.3427927071616501 
1  	 -0.3700088708227763 
1.01  	 -0.393328466133485 
1.02  	 -0.4124422584102272 
1.03  	 -0.427086614648318 
1.04  	 -0.4370470582076947 
1.05  	 -0.4421612747473356 
1.06  	 -0.4423215285799551 
1.07  	 -0.437476455374774 
1.08  	 -0.4276322043557165 
1.09  	 -0.4128529107407819 
1.1  	 -0.3932604870559202 
1.11  	 -0.3690337300397732 
1.12  	 -0.3404067480374291 
1.13  	 -0.307666721963407 
1.14  	 -0.2711510209973479 
1.15  	 -0.2312437020618741 
1.16  	 -0.1883714297241179 
1.17  	 -0.14299886036684 
1.18  	 -0.09562354120234318 
1.19  	 -0.04677038086826346 
1.2  	 0.003014246129139107 
1.21  	 0.05316869404203793 
1.22  	 0.1031224684522222 
1.23  	 0.1523028024420515 
1.24  	 0.2001413096724269 
1.25  	 0.2460806362298725 
1.26  	 0.2895810325857227 
1.27  	 0.3301267674291035 
1.28  	 0.3672323064923881 
1.29  	 0.4004481817722587 
1.3  	 0.4293664797393767 
1.31  	 0.453625881191853 
1.32  	 0.4729161902984594 
1.33  	 0.4869822960428534 
1.34  	 0.4956275156564348 
1.35  	 0.498716276642356 
1.36  	 0.4961761015661686 
1.37  	 0.4879988678319978 
1.38  	 0.474241323083271 
1.39  	 0.4550248455652147 
1.4  	 0.4305344476600235 
1.41  	 0.4010170297496906 
1.42  	 0.3667789004694746 
1.43  	 0.3281825881803013 
1.44  	 0.2856429770057027 
1.45  	 0.239622808945293 
1.46  	 0.1906276012931052 
1.47  	 0.1392000357611271 
1.48  	 0.08591388224793353 
1.49  	 0.03136752601841559 
1.5  	 -0.02382282789955133 
1.51  	 -0.07903019510583049 
1.52  	 -0.1336240157245123 
1.53  	 -0.18697743818576 
1.54  	 -0.2384745979131684 
1.55  	 -0.2875178055773128 
1.56  	 -0.3335345602254151 
1.57  	 -0.375984304251784 
1.58  	 -0.414364839818661 
1.59  	 -0.448218329945184 
1.6  	 -0.4771368120146607 
1.61  	 -0.5007671568573154 
1.62  	 -0.5188154127866218 
1.63  	 -0.5310504809318025 
1.64  	 -0.5373070758374642 
1.65  	 -0.5374879335058437 
1.66  	 -0.5315652377427574 
1.67  	 -0.5195812447339773 
1.68  	 -0.5016480951184084 
1.69  	 -0.4779468123284681 
1.7  	 -0.4487254955244443 
1.71  	 -0.4142967249453144 
1.72  	 -0.3750342068208054 
1.73  	 -0.3313686940273046 
1.74  	 -0.2837832273155183 
1.75  	 -0.2328077500867393 
1.76  	 -0.1790131572489717 
1.77  	 -0.1230048455524664 
1.78  	 -0.06541583890276073 
1.79  	 -0.006899567403277525 
1.8  	 0.05187761677609817 
1.81  	 0.1102441002277442 
1.82  	 0.167530756982529 
1.83  	 0.2230786948492589 
1.84  	 0.2762469089563107 
1.85  	 0.3264197528220466 
1.86  	 0.3730141391266688 
1.87  	 0.4154863852441417 
1.88  	 0.4533386224877812 
1.89  	 0.486124692884121 
1.9  	 0.5134554630621835 
1.91  	 0.5350034914638091 
1.92  	 0.5505069924695286 
1.93  	 0.5597730491085524 
1.94  	 0.5626800346874014 
1.95  	 0.559179212828855 
1.96  	 0.5492954949544879 
1.97  	 0.533127344058527 
1.98  	 0.5108458235929666 
1.99  	 0.4826928002965709 
2  	 0.4489783197355004 
2.01  	 0.4100771830634098 
2.02  	 0.3664247629385563 
2.03  	 0.318512105542718 
2.04  	 0.2668803741242553 
2.05  	 0.2121146973341894 
2.06  	 0.154837492745666 
2.07  	 0.09570134225794352 
2.08  	 0.03538150150980286 
2.09  	 -0.02543187010193995 
2.1  	 -0.08604166874016961 
2.11  	 -0.1457519023106836 
2.12  	 -0.2038757497095363 
2.13  	 -0.2597435291021205 
2.14  	 -0.3127104820750714 
2.15  	 -0.362164282472053 
2.16  	 -0.4075321817699268 
2.17  	 -0.4482877069389424 
2.18  	 -0.4839568318132593 
2.19  	 -0.5141235490183056 
2.2  	 -0.5384347763899928 
2.21  	 -0.5566045394980395 
2.22  	 -0.5684173802625546 
2.23  	 -0.5737309506320998 
2.24  	 -0.5724777597679133 
2.25  	 -0.5646660530420085 
2.26  	 -0.5503798112908612 
2.27  	 -0.5297778690523978 
2.28  	 -0.5030921608310166 
2.29  	 -0.4706251146618956 
2.3  	 -0.4327462222612025 
2.31  	 -0.3898878247347025 
2.32  	 -0.3425401620590243 
2.33  	 -0.291245743237958 
2.34  	 -0.236593102067463 
2.35  	 -0.1792100107220093 
2.36  	 -0.1197562298146899 
2.37  	 -0.05891587910721949 
2.38  	 0.00261048241277298 
2.39  	 0.0641139748656025 
2.4  	 0.1248856195785279 
2.41  	 0.1842245689889899 
2.42  	 0.2414462482026248 
2.43  	 0.2958903129978723 
2.44  	 0.3469283311302579 
2.45  	 0.3939710969475918 
2.46  	 0.4364754935463057 
2.47  	 0.4739508219302924 
2.48  	 0.5059645228162744 
2.49  	 0.5321472237919327 
2.5  	 0.5521970523923601 
2.51  	 0.5658831642249319 
2.52  	 0.5730484444420869 
2.53  	 0.5736113505281796 
2.54  	 0.5675668744169816 
2.55  	 0.5549866122723698 
2.56  	 0.5360179407248403 
2.57  	 0.510882308837514 
2.58  	 0.4798726654536817 
2.59  	 0.4433500517312548 
2.6  	 0.4017393984778519 
2.61  	 0.3555245772478119 
2.62  	 0.3052427629386562 
2.63  	 0.2514781737256128 
2.64  	 0.1948552615028531 
2.65  	 0.1360314324722223 
2.66  	 0.07568938305771036 
2.67  	 0.01452914086095753 
2.68  	 -0.04674009614424743 
2.69  	 -0.1074082265937556 
2.7  	 -0.1667725220441412 
2.71  	 -0.2241458156436111 
2.72  	 -0.2788645072124187 
2.73  	 -0.3302962909315717 
2.74  	 -0.3778475150926617 
2.75  	 -0.4209700876824995 
2.76  	 -0.4591678469131822 
2.77  	 -0.4920023220984674 
2.78  	 -0.5190978174468235 
2.79  	 -0.5401457593057755 
2.8  	 -0.5549082560572663 
2.81  	 -0.5632208291274794 
2.82  	 -0.5649942833275942 
2.83  	 -0.5602156948691471 
2.84  	 -0.5489485057794488 
2.85  	 -0.5313317239562741 
2.86  	 -0.5075782386225988 
2.87  	 -0.4779722713472105 
2.88  	 -0.4428659929626701 
2.89  	 -0.402675346518224 
2.9  	 -0.3578751257360525 
2.91  	 -0.3089933671844455 
2.92  	 -0.2566051224378568 
2.93  	 -0.2013256837661757 
2.94  	 -0.1438033432981253 
2.95  	 -0.08471177106093505 
2.96  	 -0.02474210174599873 
2.97  	 0.03540517656422891 
2.98  	 0.09502843618911436 
2.99  	 0.1534331294883104 
3  	 0.2099399176582641 
3.01  	 0.2638926131275593 
3.02  	 0.3146658422481813 
3.03  	 0.3616723383369642 
3.04  	 0.4043697795394222 
3.05  	 0.4422670914141815 
3.06  	 0.474930140505707 
3.07  	 0.5019867524101774 
3.08  	 0.5231309958581474 
3.09  	 0.5381266830427758 
3.1  	 0.5468100457104843 
3.11  	 0.5490915562916878 
3.12  	 0.5449568734668688 
3.13  	 0.5344669019177326 
3.14  	 0.5177569664817017 
3.15  	 0.4950351113865049 
3.16  	 0.4665795455661886 
3.17  	 0.4327352651282574 
3.18  	 0.3939098937346894 
3.19  	 0.3505687908626153 
3.2  	 0.3032294865147275 
3.21  	 0.2524555088533991 
3.22  	 0.1988496783427967 
3.23  	 0.1430469482162094 
3.24  	 0.08570687636809982 
3.25  	 0.02750581804004071 
3.26  	 -0.03087106812315118 
3.27  	 -0.08873790596338649 
3.28  	 -0.145416183978207 
3.29  	 -0.2002427382526709 
3.3  	 -0.2525775419214815 
3.31  	 -0.3018112093276699 
3.32  	 -0.3473721265296116 
3.33  	 -0.3887331243377564 
3.34  	 -0.4254176155814836 
3.35  	 -0.4570051247485598 
3.36  	 -0.4831361454274362 
3.37  	 -0.5035162690287398 
3.38  	 -0.5179195369705099 
3.39  	 -0.526190977777903 
3.4  	 -0.5282483002616184 
3.41  	 -0.5240827239842798 
3.42  	 -0.5137589384807454 
3.43  	 -0.4974141930446434 
3.44  	 -0.4752565292062524 
3.45  	 -0.4475621781835449 
3.46  	 -0.4146721554681622 
3.47  	 -0.3769880941940472 
3.48  	 -0.3349673679159826 
3.49  	 -0.2891175617920689 
3.5  	 -0.2399903588193063 
3.51  	 -0.1881749146245809 
3.52  	 -0.1342908002837956 
3.53  	 -0.07898059765951559 
3.54  	 -0.02290223575364111 
3.55  	 0.03327884048030651 
3.56  	 0.08889757556460537 
3.57  	 0.1432971891205292 
3.58  	 0.1958369480205549 
3.59  	 0.2458997328946056 
3.6  	 0.2928993094026778 
3.61  	 0.3362872183369353 
3.62  	 0.3755592032857066 
3.63  	 0.410261100222909 
3.64  	 0.4399941199109331 
3.65  	 0.4644194613440589 
3.66  	 0.4832622025245056 
3.67  	 0.4963144235571345 
3.68  	 0.5034375262671189 
3.69  	 0.5045637241769182 
3.7  	 0.4996966866091586 
3.71  	 0.4889113307916409 
3.72  	 0.472352766008731 
3.73  	 0.450234403948378 
3.74  	 0.4228352593153551 
3.75  	 0.3904964744007735 
3.76  	 0.3536171105009757 
3.77  	 0.3126492577561655 
3.78  	 0.2680925230275946 
3.79  	 0.2204879627564509 
3.8  	 0.170411534261208 
3.81  	 0.1184671445563131 
3.82  	 0.06527938044765677 
3.83  	 0.01148600732468053 
3.84  	 -0.0422696733172013 
3.85  	 -0.09534651605680655 
3.86  	 -0.1471131814268679 
3.87  	 -0.1969556521549656 
3.88  	 -0.2442845261839326 
3.89  	 -0.2885419997154096 
3.9  	 -0.329208457379371 
3.91  	 -0.3658085914776453 
3.92  	 -0.397916978021312 
3.93  	 -0.4251630439099549 
3.94  	 -0.4472353670044987 
3.95  	 -0.4638852589349668 
3.96  	 -0.4749295891620779 
3.97  	 -0.480252817972343 
3.98  	 -0.4798082156197451 
3.99  	 -0.4736182546183917 
4  	 -0.4617741721219684 
4.01  	 -0.4444347092781176 
4.02  	 -0.4218240442996445 
4.03  	 -0.3942289456316674 
4.04  	 -0.3619951808991974 
4.05  	 -0.3255232261819935 
4.06  	 -0.2852633284771878 
4.07  	 -0.2417099818761447 
4.08  	 -0.195395884909225 
4.09  	 -0.1468854526184963 
4.1  	 -0.09676796213183059 
4.11  	 -0.04565041477096171 
4.12  	 0.005849799018821288 
4.13  	 0.05711234341624431 
4.14  	 0.107521400001092 
4.15  	 0.1564730598452188 
4.16  	 0.2033825562125094 
4.17  	 0.2476912512377524 
4.18  	 0.2888732930673668 
4.19  	 0.3264418640569597 
4.2  	 0.3599549456808853 
4.21  	 0.3890205317550951 
4.22  	 0.4133012283338039 
4.23  	 0.4325181861303533 
4.24  	 0.4464543194419609 
4.25  	 0.4549567742280549 
4.26  	 0.4579386170974767 
4.27  	 0.4553797263907725 
4.28  	 0.4473268761860759 
4.29  	 0.4338930137943252 
4.3  	 0.4152557410243634 
4.31  	 0.3916550190738851 
4.32  	 0.3633901262230879 
4.33  	 0.3308159064623392 
4.34  	 0.2943383556658382 
4.350000000000001  	 0.2544095998286208 
4.36  	 0.2115223271198881 
4.37  	 0.1662037419852849 
4.38  	 0.1190091151773844 
4.39  	 0.0705150083403758 
4.4  	 0.02131225556583288 
4.41  	 -0.028001212872869 
4.42  	 -0.07682761764167506 
4.43  	 -0.1245765606506366 
4.44  	 -0.1706721512236313 
4.45  	 -0.2145599422208944 
4.46  	 -0.255713592643835 
4.47  	 -0.2936411766972901 
4.48  	 -0.3278910636911166 
4.49  	 -0.3580572984763087 
4.5  	 -0.3837844182652319 
4.51  	 -0.4047716486055971 
4.52  	 -0.4207764288788387 
4.53  	 -0.4316172258828382 
4.54  	 -0.4371756027367335 
4.55  	 -0.4373975194063459 
4.56  	 -0.4322938504825422 
4.57  	 -0.4219401153384571 
4.58  	 -0.4064754253299689 
4.59  	 -0.3861006621717975 
4.600000000000001  	 -0.3610759109046975 
4.61  	 -0.3317171798554689 
4.62  	 -0.2983924485726285 
4.63  	 -0.2615170927933341 
4.64  	 -0.2215487429645669 
4.65  	 -0.1789816396141101 
4.66  	 -0.1343405548634949 
4.67  	 -0.08817435452426989 
4.68  	 -0.04104927945947268 
4.69  	 0.006457971826107932 
4.7  	 0.05376727511887747 
4.71  	 0.1003021414438644 
4.72  	 0.1454967212948284 
4.73  	 0.1888026672312062 
4.74  	 0.2296957717698746 
4.75  	 0.2676823003477679 
4.76  	 0.3023049429479568 
4.77  	 0.3331483127194404 
4.78  	 0.3598439255210991 
4.79  	 0.3820746007141188 
4.8  	 0.3995782306362647 
4.81  	 0.4121508739286735 
4.82  	 0.4196491361567999 
4.83  	 0.4219918098709312 
4.84  	 0.4191607552822384 
4.850000000000001  	 0.4112010119778179 
4.86  	 0.3982201414502064 
4.87  	 0.3803868095599126 
4.88  	 0.3579286272703119 
4.89  	 0.3311292769810931 
4.9  	 0.3003249604306059 
4.91  	 0.2659002123344507 
4.92  	 0.228283131578537 
4.93  	 0.1879400887973994 
4.94  	 0.1453699754583934 
4.95  	 0.1010980650639817 
4.96  	 0.05566956171185133 
4.97  	 0.00964291496085988 
4.98  	 -0.0364170173042677 
4.99  	 -0.08194587456726962 
5  	 -0.1263866837580221 
5.01  	 -0.169196649828101 
5.02  	 -0.2098537642481217 
5.03  	 -0.2478631511622841 
5.04  	 -0.282763074220203 
5.05  	 -0.3141305313230067 
5.06  	 -0.3415863696177132 
5.07  	 -0.3647998589882694 
5.08  	 -0.383492668950727 
5.09  	 -0.3974422011822253 
5.100000000000001  	 -0.4064842378091662 
5.11  	 -0.4105148739527232 
5.12  	 -0.4094917117774524 
5.13  	 -0.4034343023046147 
5.14  	 -0.3924238304260703 
5.15  	 -0.3766020477756209 
5.16  	 -0.3561694672703348 
5.17  	 -0.3313828421134636 
5.18  	 -0.3025519607440439 
5.19  	 -0.270035797520738 
5.2  	 -0.234238066738289 
5.21  	 -0.1956022347995969 
5.22  	 -0.1546060519174987 
5.23  	 -0.1117556705187445 
5.24  	 -0.06757942249849899 
5.25  	 -0.02262133156710178 
5.26  	 0.02256555990730107 
5.27  	 0.06742596796402457 
5.28  	 0.1114091652293575 
5.29  	 0.1539757172282511 
5.3  	 0.1946040746682545 
5.31  	 0.2327969413577194 
5.32  	 0.2680873402191788 
5.33  	 0.3000443035998727 
5.34  	 0.3282781187184646 
5.350000000000001  	 0.3524450645630439 
5.36  	 0.3722515828033233 
5.37  	 0.3874578322229916 
5.38  	 0.3978805837315193 
5.39  	 0.4033954210860181 
5.4  	 0.4039382209444892 
5.41  	 0.3995058946783396 
5.42  	 0.3901563833870459 
5.43  	 0.3760079066714415 
5.44  	 0.3572374748233142 
5.45  	 0.3340786830670602 
5.46  	 0.3068188152348258 
5.47  	 0.2757952926635618 
5.48  	 0.2413915120685627 
5.49  	 0.204032123576622 
5.5  	 0.1641778069027708 
5.51  	 0.1223196097452005 
5.52  	 0.07897291777961976 
5.53  	 0.03467113009275278 
5.54  	 -0.01004088254893647 
5.55  	 -0.05461345658775064 
5.56  	 -0.09849887007779404 
5.57  	 -0.1411580503204191 
5.58  	 -0.1820671728136462 
5.59  	 -0.220724070959022 
5.600000000000001  	 -0.2566543783125018 
5.61  	 -0.2894173284613415 
5.62  	 -0.3186111418161481 
5.63  	 -0.343877933674581 
5.64  	 -0.3649080837786739 
5.65  	 -0.3814440141796495 
5.66  	 -0.3932833294618766 
5.67  	 -0.4002812811729179 
5.68  	 -0.402352526564312 
5.69  	 -0.3994721603671153 
5.7  	 -0.3916760072022213 
5.71  	 -0.3790601712498985 
5.72  	 -0.3617798488659174 
5.73  	 -0.3400474188226791 
5.74  	 -0.3141298336634583 
5.75  	 -0.2843453441789867 
5.76  	 -0.2510595971444497 
5.77  	 -0.2146811540926518 
5.78  	 -0.1756564859527361 
5.79  	 -0.1344645047676702 
5.8  	 -0.09161069934013413 
5.81  	 -0.04762094647700082 
5.82  	 -0.003035073448746699 
5.83  	 0.04159974969600795 
5.84  	 0.08573570725570423 
5.850000000000001  	 0.1288310426546527 
5.86  	 0.1703566890051901 
5.87  	 0.2098027444965882 
5.88  	 0.2466847135542689 
5.89  	 0.2805494375762478 
5.9  	 0.3109806428453158 
5.91  	 0.3376040378889974 
5.92  	 0.3600918980577839 
5.93  	 0.3781670813484954 
5.94  	 0.3916064264376262 
5.95  	 0.4002434914246411 
5.96  	 0.4039705998256229 
5.97  	 0.4027401688054956 
5.98  	 0.3965653033893882 
5.99  	 0.3855196493439827 
6  	 0.3697365064589394 
6.01  	 0.3494072129766603 
6.02  	 0.3247788208059518 
6.03  	 0.2961510898033969 
6.04  	 0.2638728377101653 
6.05  	 0.2283376901904982 
6.06  	 0.1899792827355385 
6.07  	 0.1492659728834656 
6.08  	 0.1066951271826188 
6.09  	 0.06278705251570363 
6.100000000000001  	 0.01807864574706008 
6.11  	 -0.02688316090158568 
6.12  	 -0.07154807884040568 
6.13  	 -0.1153691850311418 
6.140000000000001  	 -0.1578096048658899 
6.15  	 -0.1983490744952475 
6.16  	 -0.2364903025502147 
6.17  	 -0.271765053631384 
6.18  	 -0.3037398793136394 
6.19  	 -0.3320214266938446 
6.2  	 -0.3562612596408642 
6.21  	 -0.3761601338293872 
6.22  	 -0.3914716732794593 
6.23  	 -0.4020054034016743 
6.24  	 -0.4076291033751777 
6.25  	 -0.4082704489668499 
6.26  	 -0.4039179255345894 
6.27  	 -0.3946209998405307 
6.28  	 -0.3804895483232958 
6.29  	 -0.3616925485322548 
6.3  	 -0.338456049401151 
6.31  	 -0.3110604448241563 
6.32  	 -0.2798370834875749 
6.33  	 -0.245164256001702 
6.34  	 -0.2074626079712796 
6.350000000000001  	 -0.1671900346471322 
6.36  	 -0.1248361191306154 
6.37  	 -0.08091618167935258 
6.38  	 -0.03596501241940738 
6.390000000000001  	 0.009469636352492816 
6.4  	 0.05483371914015789 
6.41  	 0.09957364636481164 
6.42  	 0.143143031494796 
6.43  	 0.1850093540487484 
6.44  	 0.2246604573253188 
6.45  	 0.261610801692038 
6.46  	 0.295407397208819 
6.47  	 0.3256353432322662 
6.48  	 0.3519229073986856 
6.49  	 0.3739460819589451 
6.5  	 0.3914325617695968 
6.51  	 0.404165095255234 
6.52  	 0.4119841672619169 
6.53  	 0.4147899808284491 
6.54  	 0.412543713412952 
6.55  	 0.4052680319233109 
6.56  	 0.3930468599046841 
6.57  	 0.3760243993260518 
6.58  	 0.3544034184703485 
6.59  	 0.3284428263589774 
6.600000000000001  	 0.2984545628229793 
6.61  	 0.2647998416642893 
6.62  	 0.2278847922300613 
6.63  	 0.1881555520551262 
6.640000000000001  	 0.1460928699230288 
6.65  	 0.1022062846732538 
6.66  	 0.05702795026834818 
6.67  	 0.01110618196643857 
6.68  	 -0.03500119813078167 
6.69  	 -0.08073363540906571 
6.7  	 -0.1255346547101576 
6.71  	 -0.1688586271985007 
6.72  	 -0.2101774098932969 
6.73  	 -0.2489867771383379 
6.74  	 -0.2848125657680431 
6.75  	 -0.3172164591651383 
6.76  	 -0.3458013397520338 
6.77  	 -0.3702161446618087 
6.78  	 -0.3901601653329669 
6.79  	 -0.405386738492305 
6.8  	 -0.4157062833510747 
6.81  	 -0.4209886477520549 
6.82  	 -0.4211647343733976 
6.83  	 -0.4162273868178241 
6.84  	 -0.4062315243872376 
6.850000000000001  	 -0.3912935234543589 
6.86  	 -0.3715898524840978 
6.87  	 -0.3473549768171826 
6.88  	 -0.3188785581971473 
6.890000000000001  	 -0.2865019825914916 
6.9  	 -0.2506142580246025 
6.91  	 -0.2116473318046679 
6.92  	 -0.170070883596143 
6.93  	 -0.1263866571773914 
6.94  	 -0.08112239935215937 
6.95  	 -0.03482547928497984 
6.96  	 0.01194373455411533 
6.97  	 0.05861865966892111 
6.98  	 0.104633364863038 
6.99  	 0.1494294324197192 
7  	 0.1924627339354709 
7.01  	 0.2332100376085416 
7.02  	 0.2711753667815774 
7.03  	 0.305896032508946 
7.04  	 0.3369482668279651 
7.05  	 0.3639523882125378 
7.06  	 0.38657743631972 
7.07  	 0.404545219536644 
7.08  	 0.4176337259198074 
7.09  	 0.425679855805468 
7.100000000000001  	 0.428581442565887 
7.11  	 0.4262985365923656 
7.12  	 0.4188539364983259 
7.13  	 0.4063329606462746 
7.140000000000001  	 0.3888824613010672 
7.15  	 0.3667090928870903 
7.16  	 0.3400768548676363 
7.17  	 0.3093039385613175 
7.18  	 0.27475891565619 
7.19  	 0.2368563141749105 
7.2  	 0.1960516350867251 
7.21  	 0.152835869564032 
7.22  	 0.1077295829600173 
7.23  	 0.06127663686551927 
7.24  	 0.01403762502352988 
7.25  	 -0.03341689761529584 
7.26  	 -0.08051331086592024 
7.27  	 -0.1266818669233317 
7.28  	 -0.171363585681623 
7.29  	 -0.2140170242882221 
7.3  	 -0.2541248389412294 
7.31  	 -0.2912000594083659 
7.32  	 -0.3247920001801968 
7.33  	 -0.354491736526912 
7.34  	 -0.3799370789546923 
7.350000000000001  	 -0.4008169855916879 
7.36  	 -0.4168753588022047 
7.37  	 -0.4279141797492491 
7.38  	 -0.4337959426105944 
7.390000000000001  	 -0.4344453586056178 
7.4  	 -0.4298503088072661 
7.41  	 -0.4200620337890952 
7.42  	 -0.4051945573817261 
7.43  	 -0.385423351074714 
7.44  	 -0.3609832547867312 
7.45  	 -0.3321656787279367 
7.46  	 -0.2993151197845045 
7.47  	 -0.2628250341610659 
7.48  	 -0.2231331158216664 
7.49  	 -0.180716037479143 
7.5  	 -0.1360837174091424 
7.51  	 -0.08977318112912852 
7.52  	 -0.04234209191464317 
7.53  	 0.00563797183520038 
7.54  	 0.05358841127269347 
7.55  	 0.100930590587624 
7.56  	 0.1470928249613385 
7.57  	 0.1915172885509825 
7.58  	 0.2336667589921699 
7.59  	 0.2730311168442847 
7.600000000000001  	 0.3091335213254625 
7.61  	 0.3415361875591032 
7.62  	 0.3698456953340521 
7.63  	 0.393717765008924 
7.640000000000001  	 0.4128614425997356 
7.65  	 0.4270426432018803 
7.66  	 0.4360870096268444 
7.67  	 0.4398820513877358 
7.68  	 0.4383785378461177 
7.69  	 0.4315911283310858 
7.7  	 0.4195982312513702 
7.71  	 0.4025410935312564 
7.72  	 0.380622130998836 
7.73  	 0.3541025195281538 
7.74  	 0.3232990756743231 
7.75  	 0.2885804641345491 
7.76  	 0.2503627775142732 
7.77  	 0.2091045414777283 
7.78  	 0.1653012053240565 
7.79  	 0.1194791842694518 
7.8  	 0.0721895251568995 
7.81  	 0.02400127189198791 
7.82  	 -0.02450538943963741 
7.83  	 -0.0727461231248208 
7.84  	 -0.1201394897014706 
7.850000000000001  	 -0.1661139601415652 
7.86  	 -0.2101148136659026 
7.87  	 -0.2516108358894739 
7.88  	 -0.2901007363743459 
7.890000000000001  	 -0.3251192080229988 
7.9  	 -0.3562425550389628 
7.91  	 -0.3830938213617838 
7.92  	 -0.4053473574875509 
7.930000000000001  	 -0.4227327703421863 
7.94  	 -0.435038208301082 
7.95  	 -0.4421129414560016 
7.96  	 -0.4438692057219257 
7.97  	 -0.4402832882503206 
7.98  	 -0.4313958407641086 
7.99  	 -0.4173114167430259 
8  	 -0.3981972377536606 
8.01  	 -0.3742812035232004 
8.02  	 -0.3458491694874106 
8.029999999999999  	 -0.3132415243913141 
8.040000000000001  	 -0.2768491089785289 
8.050000000000001  	 -0.2371085247700185 
8.06  	 -0.1944968893088181 
8.07  	 -0.1495261009448954 
8.08  	 -0.1027366821726409 
8.09  	 -0.05469127564064905 
8.1  	 -0.005967871167567432 
8.109999999999999  	 0.04284715463226851 
8.120000000000001  	 0.0911661022236625 
8.130000000000001  	 0.138407031361825 
8.140000000000001  	 0.184000776229212 
8.15  	 0.2273978088708911 
8.16  	 0.2680748681066916 
8.17  	 0.3055412739036581 
8.18  	 0.3393448509639267 
8.19  	 0.3690773899758233 
8.199999999999999  	 0.3943795805333132 
8.210000000000001  	 0.4149453560840657 
8.220000000000001  	 0.4305255983428113 
8.23  	 0.440931156319143 
8.24  	 0.4460351433645079 
8.25  	 0.4457744843423369 
8.26  	 0.4401506940631968 
8.27  	 0.4292298773945072 
8.279999999999999  	 0.4131419508399575 
8.290000000000001  	 0.3920790947740451 
8.300000000000001  	 0.366293454798808 
8.31  	 0.3360941197508109 
8.32  	 0.3018434126173677 
8.33  	 0.2639525389164156 
8.34  	 0.2228766448541937 
8.35  	 0.1791093447051766 
8.359999999999999  	 0.1331767832733949 
8.370000000000001  	 0.08563130491579302 
8.380000000000001  	 0.03704480536863029 
8.390000000000001  	 -0.01199815354047905 
8.4  	 -0.06090738333600722 
8.41  	 -0.1090941776584652 
8.42  	 -0.1559784046608247 
8.43  	 -0.2009954975298014 
8.44  	 -0.2436032588363354 
8.449999999999999  	 -0.283288396648628 
8.460000000000001  	 -0.3195727135604762 
8.470000000000001  	 -0.3520188739587126 
8.48  	 -0.3802356799261566 
8.49  	 -0.4038827920895411 
8.5  	 -0.4226748384042134 
8.51  	 -0.4363848612385037 
8.52  	 -0.4448470610916886 
8.529999999999999  	 -0.4479588037543834 
8.540000000000001  	 -0.4456818665967778 
8.550000000000001  	 -0.4380429088413833 
8.56  	 -0.4251331600322396 
8.57  	 -0.4071073303390295 
8.58  	 -0.384181755718523 
8.59  	 -0.3566318001840113 
8.6  	 -0.3247885463945372 
8.609999999999999  	 -0.2890348143616274 
8.620000000000001  	 -0.249800556178254 
8.630000000000001  	 -0.2075576822050271 
8.640000000000001  	 -0.1628143810112249 
8.65  	 -0.1161090014803261 
8.66  	 -0.06800357077739486 
8.67  	 -0.01907702627508833 
8.68  	 0.030081757006967 
8.69  	 0.07888105941997259 
8.700000000000001  	 0.1267334446699948 
8.710000000000001  	 0.1730628368468003 
8.720000000000001  	 0.2173114611818179 
8.73  	 0.2589465648543934 
8.74  	 0.2974668368097997 
8.75  	 0.3324084491744032 
8.76  	 0.3633506474093783 
8.77  	 0.3899208217795205 
8.779999999999999  	 0.4117989989625401 
8.790000000000001  	 0.4287216996114221 
8.800000000000001  	 0.4404851153237635 
8.81  	 0.4469475666753277 
8.82  	 0.4480312126414667 
8.83  	 0.4437229907550295 
8.84  	 0.4340747766240606 
8.85  	 0.4192027608451164 
8.859999999999999  	 0.3992860507848454 
8.870000000000001  	 0.3745645140497567 
8.880000000000001  	 0.3453358896090488 
8.890000000000001  	 0.3119522013676746 
8.9  	 0.2748155173998795 
8.91  	 0.2343731059457742 
8.92  	 0.191112046549825 
8.93  	 0.1455533612926687 
8.94  	 0.0982457368570426 
8.950000000000001  	 0.04975891310499131 
8.960000000000001  	 0.0006768178672768646 
8.970000000000001  	 -0.04840946929151121 
8.98  	 -0.09690883950425161 
8.99  	 -0.1442372773598247 
9  	 -0.1898248981141601 
9.01  	 -0.2331228145093422 
9.02  	 -0.2736097504100071 
9.029999999999999  	 -0.310798321518633 
9.040000000000001  	 -0.3442409074455714 
9.050000000000001  	 -0.3735350443373845 
9.06  	 -0.3983282730488082 
9.07  	 -0.4183223844097204 
9.08  	 -0.4332770104096491 
9.09  	 -0.4430125180108891 
9.1  	 -0.4474121707120509 
9.109999999999999  	 -0.446423531815359 
9.120000000000001  	 -0.4400590924967153 
9.130000000000001  	 -0.4283961171270823 
9.140000000000001  	 -0.4115757077343434 
9.15  	 -0.3898010989125351 
9.16  	 -0.3633352037666067 
9.17  	 -0.332497440513654 
9.18  	 -0.2976598780369138 
9.19  	 -0.2592427469020225 
9.200000000000001  	 -0.2177093699970375 
9.210000000000001  	 -0.1735605739561757 
9.220000000000001  	 -0.1273286487876978 
9.23  	 -0.07957092857333273 
9.24  	 -0.03086307067438618 
9.25  	 0.01820788548690157 
9.26  	 0.06705059634690139 
9.27  	 0.1150765434520877 
9.279999999999999  	 0.1617071280584024 
9.290000000000001  	 0.2063806455166917 
9.300000000000001  	 0.2485590553369631 
9.31  	 0.2877344652934488 
9.32  	 0.3234352513865633 
9.33  	 0.3552317398751008 
9.34  	 0.3827413828793347 
9.35  	 0.4056333651692269 
9.359999999999999  	 0.4236325866179204 
9.370000000000001  	 0.4365229723361969 
9.380000000000001  	 0.4441500706176627 
9.390000000000001  	 0.4464229074191459 
9.4  	 0.4433150750724028 
9.41  	 0.4348650421634533 
9.42  	 0.421175680913174 
9.43  	 0.4024130178337549 
9.44  	 0.3788042228063353 
9.450000000000001  	 0.350634860912484 
9.460000000000001  	 0.3182454402453178 
9.470000000000001  	 0.2820272974176417 
9.48  	 0.2424178704720833 
9.49  	 0.199895416285416 
9.5  	 0.1549732362569836 
9.51  	 0.1081934799985778 
9.52  	 0.06012060182876616 
9.529999999999999  	 0.01133454905720602 
9.540000000000001  	 -0.03757623572651877 
9.550000000000001  	 -0.08602191390845243 
9.56  	 -0.1334183659819517 
9.57  	 -0.1791942367040667 
9.58  	 -0.2227978252781527 
9.59  	 -0.2637037374429858 
9.6  	 -0.3014192192304201 
9.609999999999999  	 -0.3354900960035501 
9.620000000000001  	 -0.3655062451588903 
9.630000000000001  	 -0.3911065365115952 
9.640000000000001  	 -0.4119831808141086 
9.65  	 -0.427885434008175 
9.66  	 -0.4386226125914962 
9.67  	 -0.4440663837994877 
9.68  	 -0.4441523030591287 
9.69  	 -0.4388805802600448 
9.700000000000001  	 -0.4283160656979875 
9.710000000000001  	 -0.4125874559653718 
9.720000000000001  	 -0.3918857294787649 
9.73  	 -0.3664618306305419 
9.74  	 -0.3366236306190884 
9.75  	 -0.3027322017395035 
9.76  	 -0.2651974501993987 
9.77  	 -0.2244731602621412 
9.779999999999999  	 -0.1810515096193913 
9.790000000000001  	 -0.1354571222703672 
9.800000000000001  	 -0.08824073076004324 
9.81  	 -0.03997252433519895 
9.82  	 0.008764736640842548 
9.83  	 0.05738275686240367 
9.84  	 0.1052948078848648 
9.85  	 0.1519228098162269 
9.859999999999999  	 0.1967043074096663 
9.870000000000001  	 0.2390992563559577 
9.880000000000001  	 0.2785965378771623 
9.890000000000001  	 0.3147201230140821 
9.9  	 0.3470348122398315 
9.91  	 0.3751514811691764 
9.92  	 0.3987317691059247 
9.93  	 0.4174921539063915 
9.94  	 0.4312073640544211 
9.950000000000001  	 0.4397130868529533 
9.960000000000001  	 0.4429079401419138 
9.970000000000001  	 0.4407546838495187 
9.98  	 0.4332806568664274 
9.99  	 0.4205774340886403 
10  	 0.4027997078926001 
10.01  	 0.3801634076708839 
10.02  	 0.3529430802560729 
10.03  	 0.3214685629827753 
10.04  	 0.2861209896756314 
10.05  	 0.247328177901376 
10.06  	 0.2055594532884946 
10.07  	 0.1613199735085913 
10.08  	 0.1151446205473472 
10.09  	 0.06759153509708632 
10.1  	 0.01923537121473712 
10.11  	 -0.02933964724361817 
10.12  	 -0.07754678451792973 
10.13  	 -0.1248038799065334 
10.14  	 -0.1705403781942234 
10.15  	 -0.2142042186397053 
10.16  	 -0.2552684993366766 
10.17  	 -0.2932378364879444 
10.18  	 -0.3276543418286948 
10.19  	 -0.3581031460585182 
10.2  	 -0.3842174016361039 
10.21  	 -0.4056827045891831 
10.22  	 -0.4222408820191419 
10.23  	 -0.4336930996497713 
10.24  	 -0.4399022519901494 
10.25  	 -0.4407946063532791 
10.26  	 -0.4363606809900361 
10.27  	 -0.4266553468532215 
10.28  	 -0.4117971518872312 
10.29  	 -0.3919668761317037 
10.3  	 -0.3674053352190122 
10.31  	 -0.33841045892338 
10.32  	 -0.3053336801740794 
10.33  	 -0.26857567827088 
10.34  	 -0.2285815278361093 
10.35  	 -0.1858353122102429 
10.36  	 -0.1408542664602679 
10.37  	 -0.09418252084415971 
10.38  	 -0.04638452039221982 
10.39  	 0.001961799831370965 
10.4  	 0.05027200128267107 
10.41  	 0.09796220586016521 
10.42  	 0.1444561518245658 
10.43  	 0.1891921564545927 
10.44  	 0.2316299013161539 
10.45  	 0.2712569581777589 
10.46  	 0.3075949767506068 
10.47  	 0.3402054595294648 
10.48  	 0.368695054010576 
10.49  	 0.3927202984048789 
10.5  	 0.4119917635780953 
10.51  	 0.4262775412537412 
10.52  	 0.4354060364224924 
10.53  	 0.4392680303159646 
10.54  	 0.4378179891231039 
10.55  	 0.4310746027463897 
10.56  	 0.4191205472026956 
10.57  	 0.4021014736574311 
10.58  	 0.380224236427078 
10.59  	 0.3537543814814986 
10.6  	 0.3230129259122986 
10.61  	 0.2883724673991199 
10.62  	 0.250252670798548 
10.63  	 0.2091151865025691 
10.64  	 0.1654580620743812 
10.65  	 0.1198097147859699 
10.66  	 0.07272253798039327 
10.67  	 0.02476621859819624 
10.68  	 -0.02347915331145856 
10.69  	 -0.07143009977050019 
10.7  	 -0.1185068099216474 
10.71  	 -0.1641401496562739 
10.72  	 -0.2077785410886651 
10.73  	 -0.2488946287290759 
10.74  	 -0.2869916517970593 
10.75  	 -0.3216094456790851 
10.76  	 -0.3523300000273174 
10.77  	 -0.3787825063651949 
10.78  	 -0.4006478342451379 
10.79  	 -0.4176623819195397 
10.8  	 -0.4296212550544852 
10.81  	 -0.4363807351448484 
10.82  	 -0.4378600078812043 
10.83  	 -0.434042130669468 
10.84  	 -0.4249742277050865 
10.85  	 -0.4107669103437295 
10.86  	 -0.3915929298768132 
10.87  	 -0.3676850790996301 
10.88  	 -0.3393333681401699 
10.89  	 -0.3068815087881543 
10.9  	 -0.2707227499203688 
10.91  	 -0.2312951144590623 
10.92  	 -0.1890760955302823 
10.93  	 -0.1445768760211465 
10.94  	 -0.09833614149034733 
10.95  	 -0.05091356129511212 
10.96  	 -0.002883016801152397 
10.97  	 0.04517434140849595 
10.98  	 0.09267712335118171 
10.99  	 0.1390507314711926 
11  	 0.1837343094423344 
11.01  	 0.2261875239267157 
11.02  	 0.2658970972986967 
11.03  	 0.3023830123628959 
11.04  	 0.3352043140696356 
11.05  	 0.3639644381121159 
11.06  	 0.3883160020178368 
11.07  	 0.4079650008530083 
11.08  	 0.4226743568641729 
11.09  	 0.4322667801988236 
11.1  	 0.4366269061818652 
11.11  	 0.4357026833765181 
11.12  	 0.4295059957208366 
11.13  	 0.4181125112948216 
11.14  	 0.4016607596261088 
11.15  	 0.3803504487713192 
11.16  	 0.3544400426025692 
11.17  	 0.3242436276732069 
11.18  	 0.2901271076254461 
11.19  	 0.2525037712313834 
11.2  	 0.2118292877296468 
11.21  	 0.1685961900411479 
11.22  	 0.1233279126354447 
11.23  	 0.07657245619930064 
11.24  	 0.02889575576616028 
11.25  	 -0.01912516745499368 
11.26  	 -0.06690918770378804 
11.27  	 -0.1138781052909335 
11.28  	 -0.1594636411787209 
11.29  	 -0.2031143109220585 
11.3  	 -0.2443020948384095 
11.31  	 -0.2825288237460576 
11.32  	 -0.3173322030564609 
11.33  	 -0.3482914023863215 
11.34  	 -0.375032143115362 
11.35  	 -0.3972312223929955 
11.36  	 -0.4146204189175579 
11.37  	 -0.4269897332930065 
11.38  	 -0.4341899238194775 
11.39  	 -0.4361343070984174 
11.4  	 -0.4327998017270649 
11.41  	 -0.4242272025132616 
11.42  	 -0.4105206819491888 
11.43  	 -0.3918465250290804 
11.44  	 -0.3684311127682273 
11.45  	 -0.3405581788665409 
11.46  	 -0.3085653727497082 
11.47  	 -0.272840170608272 
11.48  	 -0.2338151839384092 
11.49  	 -0.1919629223724263 
11.5  	 -0.1477900741840177 
11.51  	 -0.1018313736833633 
11.52  	 -0.05464312970974577 
11.53  	 -0.006796493524181046 
11.54  	 0.04112945244786712 
11.55  	 0.08855470141131666 
11.56  	 0.1349053397705251 
11.57  	 0.1796204905835537 
11.58  	 0.2221590989136082 
11.59  	 0.2620064770063772 
11.6  	 0.2986805301312627 
11.61  	 0.3317375877910664 
11.62  	 0.3607777697817534 
11.63  	 0.3854498222136424 
11.64  	 0.4054553650196537 
11.65  	 0.4205524995974631 
11.66  	 0.4305587329744169 
11.67  	 0.4353531831531985 
11.68  	 0.4348780389924666 
11.69  	 0.4291392569948304 
11.7  	 0.418206486605497 
11.71  	 0.4022122249570816 
11.72  	 0.3813502113165362 
11.73  	 0.3558730806862156 
11.74  	 0.3260893049715344 
11.75  	 0.2923594587441252 
11.76  	 0.2550918547976858 
11.77  	 0.2147376023150297 
11.78  	 0.1717851474470728 
11.79  	 0.1267543623631825 
11.8  	 0.08019025429180765 
11.81  	 0.03265637066459754 
11.82  	 -0.01527201984922818 
11.83  	 -0.06301488792308317 
11.84  	 -0.1099944615620703 
11.85  	 -0.1556422166031455 
11.86  	 -0.199405755163489 
11.87  	 -0.2407554888318128 
11.88  	 -0.2791910457613047 
11.89  	 -0.3142473241645988 
11.9  	 -0.3455001189901387 
11.91  	 -0.3725712537237802 
11.92  	 -0.3951331552469841 
11.93  	 -0.4129128164210485 
11.94  	 -0.4256950984740061 
11.95  	 -0.4333253332534671 
11.96  	 -0.4357111938782258 
11.97  	 -0.4328238111714089 
11.98  	 -0.4246981223813003 
11.99  	 -0.4114324479823767 
12  	 -0.3931873016862106 
12.01  	 -0.3701834480668287 
12.02  	 -0.3426992313056649 
12.03  	 -0.311067207377371 
12.04  	 -0.2756701204228129 
12.05  	 -0.2369362719877036 
12.06  	 -0.195334339148579 
12.07  	 -0.1513677042133976 
12.08  	 -0.105568364591354 
12.09  	 -0.05849049650407249 
12.1  	 -0.01070375039682809 
12.11  	 0.0372136408468268 
12.12  	 0.08468185751988253 
12.13  	 0.1311265079135611 
12.14  	 0.1759855774913771 
12.15  	 0.2187162283554611 
12.16  	 0.258801366756116 
12.17  	 0.2957558992014342 
12.18  	 0.3291326014905024 
12.19  	 0.3585275296756938 
12.2  	 0.3835849075001729 
12.21  	 0.4040014311889906 
12.22  	 0.4195299395194587 
12.23  	 0.4299824047736062 
12.24  	 0.4352322083896078 
12.25  	 0.4352156737807825 
12.26  	 0.4299328377754498 
12.27  	 0.419447451339955 
12.28  	 0.4038862095691436 
12.29  	 0.3834372202507486 
12.3  	 0.3583477295198103 
12.31  	 0.32892113210499 
12.32  	 0.2955133023218001 
12.33  	 0.258528290183699 
12.34  	 0.2184134346813306 
12.35  	 0.1756539533300428 
12.36  	 0.1307670734209485 
12.37  	 0.08429577595456514 
12.38  	 0.03680222792144393 
12.39  	 -0.01113901763549106 
12.4  	 -0.05894797153253765 
12.41  	 -0.1060462242714012 
12.42  	 -0.1518639429222561 
12.43  	 -0.1958467644338639 
12.44  	 -0.2374625019923541 
12.45  	 -0.2762075833100909 
12.46  	 -0.3116131429669504 
12.47  	 -0.3432506951091202 
12.48  	 -0.3707373178846445 
12.49  	 -0.3937402868990046 
12.5  	 -0.4119811016366698 
12.51  	 -0.4252388561351976 
12.52  	 -0.4333529131283515 
12.53  	 -0.43622484929794 
12.54  	 -0.4338196480888077 
12.55  	 -0.4261661256410324 
12.56  	 -0.413356584667864 
12.57  	 -0.395545700445123 
12.58  	 -0.3729486523647459 
12.59  	 -0.3458385236296126 
12.6  	 -0.3145430005183729 
12.61  	 -0.2794404111206545 
12.62  	 -0.2409551514323387 
12.63  	 -0.1995525541108983 
12.64  	 -0.1557332619324988 
12.65  	 -0.1100271739841109 
12.66  	 -0.06298703779282663 
12.67  	 -0.01518176487836494 
12.68  	 0.03281044943839848 
12.69  	 0.08040911876864681 
12.7  	 0.1270384863650697 
12.71  	 0.1721344889013688 
12.72  	 0.2151515791017457 
12.73  	 0.2555693247048808 
12.74  	 0.2928987039493844 
12.75  	 0.3266880214354108 
12.76  	 0.3565283728057273 
12.77  	 0.3820585921435781 
12.78  	 0.4029696222382119 
12.79  	 0.419008254846384 
12.8  	 0.4299801956951116 
12.81  	 0.4357524171353842 
12.82  	 0.4362547699696822 
12.83  	 0.4314808349339031 
12.84  	 0.4214880035083208 
12.85  	 0.4063967870513413 
12.86  	 0.3863893625813868 
12.87  	 0.3617073727633952 
12.88  	 0.3326490066755455 
12.89  	 0.2995653966298449 
12.9  	 0.2628563745919539 
12.91  	 0.222965639491058 
12.92  	 0.1803753938360413 
12.93  	 0.1356005144735079 
12.94  	 0.08918232795869147 
12.95  	 0.04168206579383155 
12.96  	 -0.006325921337691644 
12.97  	 -0.05426110829614087 
12.98  	 -0.1015438151987525 
12.99  	 -0.1476022172414794 
13  	 -0.1918792598655609 
13.01  	 -0.2338393956468164 
13.02  	 -0.2729750614381959 
13.03  	 -0.3088128174339222 
13.04  	 -0.3409190739085945 
13.05  	 -0.3689053363675496 
13.06  	 -0.3924329056653466 
13.07  	 -0.4112169762371184 
13.08  	 -0.4250300828630768 
13.09  	 -0.4337048542617155 
13.1  	 -0.4371360401870414 
13.11  	 -0.4352817874881439 
13.12  	 -0.4281641496694373 
13.13  	 -0.415868823757176 
13.14  	 -0.3985441176203228 
13.15  	 -0.3763991601985772 
13.16  	 -0.3497013762448534 
13.17  	 -0.318773256083038 
13.18  	 -0.2839884594069244 
13.19  	 -0.2457673001997254 
13.2  	 -0.2045716673381314 
13.21  	 -0.1608994422699824 
13.22  	 -0.1152784812377381 
13.23  	 -0.0682602347874772 
13.24  	 -0.02041308169142913 
13.25  	 0.02768454213204578 
13.26  	 0.07545113663536818 
13.27  	 0.1223091680523478 
13.28  	 0.1676920517038551 
13.29  	 0.2110510027721271 
13.3  	 0.2518616722102306 
13.31  	 0.2896304875476895 
13.32  	 0.3239006219179493 
13.33  	 0.3542575191251461 
13.34  	 0.3803339079322864 
13.35  	 0.4018142449255949 
13.36  	 0.4184385322158611 
13.37  	 0.430005463793622 
13.38  	 0.4363748624696481 
13.39  	 0.437469377907353 
13.4  	 0.4332754251857684 
13.41  	 0.4238433525126525 
13.42  	 0.409286836026126 
13.43  	 0.389781508967321 
13.44  	 0.3655628417629005 
13.45  	 0.3369232986130627 
13.46  	 0.3042088049282854 
13.47  	 0.2678145682908251 
13.48  	 0.2281803034341141 
13.49  	 0.1857849189401747 
13.5  	 0.1411407298648492 
13.51  	 0.09478726623430561 
13.52  	 0.04728475224458004 
13.53  	 -0.000792665020257835 
13.54  	 -0.04886385550457794 
13.55  	 -0.09634773084375267 
13.56  	 -0.1426702688565095 
13.57  	 -0.1872714529495368 
13.58  	 -0.2296120425421309 
13.59  	 -0.2691800926581991 
13.6  	 -0.3054971438620305 
13.61  	 -0.3381240076963367 
13.62  	 -0.3666660776680306 
13.63  	 -0.390778101560007 
13.64  	 -0.4101683573565412 
13.65  	 -0.424602182277155 
13.66  	 -0.4339048122318278 
13.67  	 -0.4379634973447385 
13.68  	 -0.4367288679436025 
13.69  	 -0.4302155344713366 
13.7  	 -0.4185019140367491 
13.71  	 -0.4017292856692675 
13.72  	 -0.3801000856663895 
13.73  	 -0.3538754636088547 
13.74  	 -0.3233721285564424 
13.75  	 -0.2889585235187432 
13.76  	 -0.251050374416493 
13.77  	 -0.2101056673118998 
13.78  	 -0.1666191145994137 
13.79  	 -0.1211161770279855 
13.8  	 -0.07414671379732132 
13.81  	 -0.0262783374690098 
13.82  	 0.02191044599573194 
13.83  	 0.06983722915976098 
13.84  	 0.1169227424851926 
13.85  	 0.1625978560735547 
13.86  	 0.206310459136353 
13.87  	 0.2475321340364967 
13.88  	 0.2857645442213054 
13.89  	 0.3205454588233922 
13.9  	 0.3514543410948624 
13.91  	 0.3781174331099396 
13.92  	 0.4002122752576758 
13.93  	 0.4174716058762494 
13.94  	 0.4296865938709833 
13.95  	 0.4367093652190978 
13.96  	 0.4384547927979119 
13.97  	 0.4349015278766127 
13.98  	 0.4260922607771771 
13.99  	 0.4121332075268143 
14  	 0.3931928286797459 
14.01  	 0.3694997957672082 
14.02  	 0.34134022992903 
14.03  	 0.3090542460781018 
14.04  	 0.2730318443441302 
14.05  	 0.2337081984338048 
14.06  	 0.1915583978354814 
14.07  	 0.1470917073995726 
14.08  	 0.1008454136611999 
14.09  	 0.05337833226874724 
14.1  	 0.005264054980341271 
14.11  	 -0.04291598215959339 
14.12  	 -0.09057952568779094 
14.13  	 -0.1371505417064776 
14.14  	 -0.1820661779327025 
14.15  	 -0.2247835666640564 
14.16  	 -0.2647863864325597 
14.17  	 -0.3015911030328232 
14.18  	 -0.33475281448364 
14.19  	 -0.3638706292671655 
14.2  	 -0.3885925128289585 
14.21  	 -0.4086195437472722 
14.22  	 -0.4237095281134307 
14.23  	 -0.4336799284207211 
14.24  	 -0.4384100715432389 
14.25  	 -0.4378426090984198 
14.26  	 -0.431984212522302 
14.27  	 -0.4209054944356587 
14.28  	 -0.4047401572302648 
14.29  	 -0.3836833791446631 
14.3  	 -0.3579894573150018 
14.31  	 -0.3279687362674207 
14.32  	 -0.2939838589555126 
14.33  	 -0.2564453856351827 
14.34  	 -0.2158068335107848 
14.35  	 -0.1725591970883531 
14.36  	 -0.127225015449434 
14.37  	 -0.08035205813656102 
14.38  	 -0.03250670595258353 
14.39  	 0.01573289333489178 
14.4  	 0.06378381167036382 
14.41  	 0.1110653853323494 
14.42  	 0.1570062323619051 
14.43  	 0.2010511579861325 
14.44  	 0.242667864576916 
14.45  	 0.2813533850457708 
14.46  	 0.3166401619165309 
14.47  	 0.3481016985983382 
14.48  	 0.3753577145502718 
14.49  	 0.3980787420235273 
14.5  	 0.4159901088148797 
14.51  	 0.428875258884703 
14.52  	 0.4365783706943969 
14.53  	 0.4390062416050025 
14.54  	 0.4361294155484942 
14.55  	 0.4279825403285233 
14.56  	 0.4146639502177297 
14.57  	 0.3963344788816103 
14.58  	 0.3732155169611635 
14.59  	 0.3455863377757057 
14.6  	 0.3137807234530167 
14.61  	 0.2781829322494142 
14.62  	 0.2392230557852815 
14.63  	 0.1973718222957121 
14.64  	 0.1531349086921809 
14.65  	 0.1070468301685371 
14.66  	 0.05966448119138254 
14.67  	 0.01156040592931368 
14.68  	 -0.03668412055338759 
14.69  	 -0.08448611672477169 
14.7  	 -0.1312679397433698 
14.71  	 -0.1764642662031397 
14.72  	 -0.2195289240991531 
14.73  	 -0.2599414934449031 
14.74  	 -0.2972135957669882 
14.75  	 -0.3308947964619973 
14.76  	 -0.3605780486782388 
14.77  	 -0.3859046129250239 
14.78  	 -0.4065683929475559 
14.79  	 -0.4223196354595585 
14.8  	 -0.4329679490133265 
14.81  	 -0.4383846055150159 
14.82  	 -0.4385040965622476 
14.83  	 -0.433324925786728 
14.84  	 -0.4229096276177306 
14.85  	 -0.4073840122313612 
14.86  	 -0.3869356458025449 
14.87  	 -0.3618115844185963 
14.88  	 -0.3323153890333727 
14.89  	 -0.2988034575303283 
14.9  	 -0.2616807182162876 
14.91  	 -0.2213957367856475 
14.92  	 -0.1784352958837564 
14.93  	 -0.1333185127726814 
14.94  	 -0.08659056618544386 
14.95  	 -0.03881610817858195 
14.96  	 0.009427559399512633 
14.97  	 0.05755746136165375 
14.98  	 0.1049919942447179 
14.99  	 0.1511579548408917 
15  	 0.1954974672550912 
15.01  	 0.2374747247721221 
15.02  	 0.2765824650547271 
15.03  	 0.3123481004159973 
15.04  	 0.3443394290777736 
15.05  	 0.3721698583902522 
15.06  	 0.3955030768858563 
15.07  	 0.4140571187012519 
15.08  	 0.4276077712446839 
15.09  	 0.435991284922835 
15.1  	 0.4391063521762431 
15.11  	 0.436915331903007 
15.12  	 0.429444704470351 
15.13  	 0.4167847518123688 
15.14  	 0.3990884664775576 
15.15  	 0.3765697028083843 
15.16  	 0.3495005925944751 
15.17  	 0.3182082564303926 
15.18  	 0.2830708505209104 
15.19  	 0.2445129967083486 
15.2  	 0.2030006509508132 
15.21  	 0.1590354722670007 
15.22  	 0.1131487602005516 
15.23  	 0.06589503407179492 
15.24  	 0.01784533161409813 
15.25  	 -0.03041969201641949 
15.26  	 -0.07831678145631414 
15.27  	 -0.1252671297691311 
15.28  	 -0.170703373312547 
15.29  	 -0.2140764483020282 
15.3  	 -0.2548622262061369 
15.31  	 -0.292567847781557 
15.32  	 -0.3267376791980495 
15.33  	 -0.356958818270861 
15.34  	 -0.3828660842553973 
15.35  	 -0.4041464309005314 
15.36  	 -0.4205427294272928 
15.37  	 -0.43185687571465 
15.38  	 -0.4379521841416123 
15.39  	 -0.4387550391562204 
15.4  	 -0.4342557846129849 
15.41  	 -0.424508840132522 
15.42  	 -0.4096320430792096 
15.43  	 -0.3898052241117144 
15.44  	 -0.3652680335241224 
15.45  	 -0.3363170446501784 
15.46  	 -0.3033021693403743 
15.47  	 -0.2666224288357177 
15.48  	 -0.2267211311524766 
15.49  	 -0.1840805132648789 
15.5  	 -0.1392159128409566 
15.51  	 -0.09266953997228294 
15.52  	 -0.04500392417255198 
15.53  	 0.003204884155641505 
15.54  	 0.05137427561927586 
15.55  	 0.09892212295797218 
15.56  	 0.1452738162938298 
15.57  	 0.1898692074815277 
15.58  	 0.232169379631163 
15.59  	 0.2716631599896193 
15.6  	 0.3078732974683959 
15.61  	 0.3403622301592721 
15.62  	 0.3687373731349525 
15.63  	 0.3926558626300254 
15.64  	 0.4118286992680979 
15.65  	 0.426024240264418 
15.66  	 0.4350709984018867 
15.67  	 0.4388597139569693 
15.68  	 0.4373446745393956 
15.69  	 0.4305442668994613 
15.7  	 0.4185407540393559 
15.71  	 0.4014792803280479 
15.72  	 0.3795661166496893 
15.73  	 0.353066166800488 
15.74  	 0.3222997652775261 
15.75  	 0.2876388051671611 
15.76  	 0.2495022429369284 
15.77  	 0.2083510344654126 
15.78  	 0.1646825635183575 
15.79  	 0.119024630013266 
15.8  	 0.07192907073476165 
15.81  	 0.02396508960475499 
15.82  	 -0.02428762187871134 
15.83  	 -0.07224589088458053 
15.84  	 -0.1193301114940145 
15.85  	 -0.1649712497608874 
15.86  	 -0.2086177209232869 
15.87  	 -0.2497420556476561 
15.88  	 -0.2878472747376894 
15.89  	 -0.3224728952643418 
15.9  	 -0.353200495528712 
15.91  	 -0.3796587716022749 
15.92  	 -0.401528024334491 
15.93  	 -0.4185440226019411 
15.94  	 -0.430501196112604 
15.95  	 -0.4372551191825887 
15.96  	 -0.4387242554725931 
15.97  	 -0.4348909426040146 
15.98  	 -0.4258016047620064 
15.99  	 -0.4115661907238135 
16  	 -0.3923568441126559 
16.01  	 -0.3684058219570936 
16.02  	 -0.3400026867210496 
16.03  	 -0.3074908057506779 
16.04  	 -0.271263200454907 
16.05  	 -0.2317577953955956 
16.06  	 -0.1894521247158245 
16.07  	 -0.1448575598932508 
16.08  	 -0.09851312859041339 
16.09  	 -0.05097899931547633 
16.1  	 -0.002829710645418586 
16.11  	 0.04535277314969605 
16.12  	 0.09298609614529177 
16.13  	 0.1394945494447131 
16.14  	 0.1843160294312401 
16.15  	 0.2269088314883935 
16.16  	 0.2667581970767237 
16.17  	 0.3033825350372232 
16.18  	 0.336339241929844 
16.19  	 0.3652300510627416 
16.2  	 0.3897058455652044 
16.21  	 0.4094708773358936 
16.22  	 0.4242863408797019 
16.23  	 0.4339732588444296 
16.24  	 0.4384146443883141 
16.25  	 0.4375569142506675 
16.26  	 0.4314105354548265 
16.27  	 0.4200498978358135 
16.28  	 0.4036124139425858 
16.29  	 0.382296857203421 
16.3  	 0.3563609584499421 
16.31  	 0.3261182898592818 
16.32  	 0.29193447398654 
16.33  	 0.254222763716927 
16.34  	 0.2134390465702036 
16.35  	 0.1700763337473317 
16.36  	 0.1246588005365529 
16.37  	 0.07773545011814648 
16.38  	 0.02987347735835973 
16.39  	 -0.0183485871915588 
16.4  	 -0.06634787021946537 
16.41  	 -0.1135442009736909 
16.42  	 -0.1593671238233718 
16.43  	 -0.2032627932963394 
16.44  	 -0.2447006682545899 
16.45  	 -0.2831799242961071 
16.46  	 -0.3182355068785354 
16.47  	 -0.3494437520036976 
16.48  	 -0.376427506529726 
16.49  	 -0.3988606862264216 
16.5  	 -0.4164722164862575 
16.51  	 -0.4290493080660332 
16.52  	 -0.4364400282723656 
16.53  	 -0.4385551365207995 
16.54  	 -0.4353691620903876 
16.55  	 -0.4269207110556514 
16.56  	 -0.4133119986951565 
16.57  	 -0.3947076130379021 
16.58  	 -0.3713325245021745 
16.59  	 -0.3434693656941081 
16.6  	 -0.3114550142547978 
16.61  	 -0.2756765200687806 
16.62  	 -0.2365664260712345 
16.63  	 -0.1945975392205411 
16.64  	 -0.1502772148483504 
16.65  	 -0.1041412234806303 
16.66  	 -0.05674727426932113 
16.67  	 -0.008668273324134196 
16.68  	 0.03951460156240145 
16.69  	 0.08721892608505465 
16.7  	 0.1338680695729795 
16.71  	 0.178898165015441 
16.72  	 0.2217649247163335 
16.73  	 0.2619502191944955 
16.74  	 0.298968339809467 
16.75  	 0.3323718694161535 
16.76  	 0.3617570900906303 
16.77  	 0.3867688625657541 
16.78  	 0.4071049184016878 
16.79  	 0.4225195130156897 
16.8  	 0.4328263954217495 
16.81  	 0.4379010587904739 
16.82  	 0.4376822446331891 
16.83  	 0.4321726824364455 
16.84  	 0.421439055814928 
16.85  	 0.4056111956004699 
16.86  	 0.3848805096294345 
16.87  	 0.359497668217201 
16.88  	 0.3297695733053551 
16.89  	 0.2960556479256812 
16.9  	 0.2587634908405345 
16.91  	 0.2183439488923203 
16.92  	 0.1752856666328968 
16.93  	 0.1301091791216601 
16.94  	 0.08336061930251368 
16.95  	 0.03560511602812843 
16.96  	 -0.01258003746143427 
16.97  	 -0.06061236202471983 
16.98  	 -0.1079112337127855 
16.99  	 -0.1539049023583042 
17  	 -0.1980374028199968 
17.01  	 -0.239775275340885 
17.02  	 -0.2786140137870464 
17.03  	 -0.3140841638236556 
17.04  	 -0.3457569973173375 
17.05  	 -0.3732496943770693 
17.06  	 -0.3962299703981211 
17.07  	 -0.4144200921828515 
17.08  	 -0.4276002345974789 
17.09  	 -0.4356111371959513 
17.1  	 -0.4383560287043591 
17.11  	 -0.4358017961096987 
17.12  	 -0.4279793842281994 
17.13  	 -0.4149834209304961 
17.14  	 -0.3969710725612288 
17.15  	 -0.3741601433960152 
17.16  	 -0.3468264421167109 
17.17  	 -0.3153004471459681 
17.18  	 -0.2799633111572425 
17.19  	 -0.2412422530641309 
17.2  	 -0.1996053931966935 
17.21  	 -0.1555560941027398 
17.22  	 -0.1096268753875801 
17.23  	 -0.06237297615423714 
17.24  	 -0.0143656428653539 
17.25  	 0.03381477623346838 
17.26  	 0.08158584665150653 
17.27  	 0.1283700883459697 
17.28  	 0.1736019564608974 
17.29  	 0.2167346777279222 
17.3  	 0.2572468598903399 
17.31  	 0.2946487942562883 
17.32  	 0.3284883751969312 
17.33  	 0.3583565650365434 
17.34  	 0.3838923382772889 
17.35  	 0.4047870453958606 
17.36  	 0.4207881434658895 
17.37  	 0.4317022485143343 
17.38  	 0.4373974727193825 
17.39  	 0.4378050182026232 
17.4  	 0.432920008154878 
17.41  	 0.4228015452544721 
17.42  	 0.4075719966774407 
17.43  	 0.3874155143482886 
17.44  	 0.3625758083244383 
17.45  	 0.3333532002356672 
17.46  	 0.3001009924025145 
17.47  	 0.2632211965296352 
17.48  	 0.2231596736114081 
17.49  	 0.18040074380418 
17.5  	 0.1354613314263336 
17.51  	 0.08888471586645119 
17.52  	 0.04123396394329371 
17.53  	 -0.006914876888453297 
17.54  	 -0.05497974220223337 
17.55  	 -0.1023795869532461 
17.56  	 -0.1485414094632259 
17.57  	 -0.1929071781279636 
17.58  	 -0.2349405771155696 
17.59  	 -0.2741334895120422 
17.6  	 -0.3100121395449814 
17.61  	 -0.3421428196378867 
17.62  	 -0.3701371330665801 
17.63  	 -0.3936566888452205 
17.64  	 -0.412417192091334 
17.65  	 -0.4261918804272261 
17.66  	 -0.4348142648807201 
17.67  	 -0.4381801421558181 
17.68  	 -0.4362488539519676 
17.69  	 -0.4290437781126663 
17.7  	 -0.4166520456701189 
17.71  	 -0.3992234872103166 
17.72  	 -0.3769688212991386 
17.73  	 -0.3501571068722405 
17.74  	 -0.31911249038886 
17.75  	 -0.2842102870746713 
17.76  	 -0.2458724436284149 
17.77  	 -0.2045624372439069 
17.78  	 -0.1607796726128219 
17.79  	 -0.1150534446419697 
17.8  	 -0.06793653986830686 
17.81  	 -0.0199985539221813 
17.82  	 0.02818099417849266 
17.83  	 0.07601966766476539 
17.84  	 0.1229391528960839 
17.85  	 0.168372250369113 
17.86  	 0.2117697313456101 
17.87  	 0.2526069772137743 
17.88  	 0.2903903213241982 
17.89  	 0.3246630166384282 
17.9  	 0.3550107570517382 
17.91  	 0.3810666856473197 
17.92  	 0.4025158293414923 
17.93  	 0.4190989063137474 
17.94  	 0.4306154601976323 
17.95  	 0.4369262831470098 
17.96  	 0.4379550984887004 
17.97  	 0.4336894826230178 
17.98  	 0.4241810150300437 
17.99  	 0.4095446545704874 
18  	 0.3899573496228427 
18.01  	 0.3656558988602296 
18.02  	 0.3369340885288366 
18.03  	 0.3041391408357487 
18.04  	 0.267667516381455 
18.05  	 0.2279601213807884 
18.06  	 0.1854969776110939 
18.07  	 0.1407914195210545 
18.08  	 0.09438388864933817 
18.09  	 0.0468354003699557 
18.1  	 -0.001279238057890007 
18.11  	 -0.0493783761515123 
18.12  	 -0.09688055157894146 
18.13  	 -0.143211519246852 
18.14  	 -0.1878111931312464 
18.15  	 -0.230140416934878 
18.16  	 -0.2696874817247549 
18.17  	 -0.3059743117618094 
18.18  	 -0.3385622437459743 
18.19  	 -0.3670573296149789 
18.2  	 -0.3911150987947626 
18.21  	 -0.410444722333857 
18.22  	 -0.4248125285844395 
18.23  	 -0.4340448279315877 
18.24  	 -0.4380300124248245 
18.25  	 -0.4367199049313547 
18.26  	 -0.4301303415025042 
18.27  	 -0.4183409799141199 
18.28  	 -0.4014943366960095 
18.29  	 -0.3797940642918325 
18.3  	 -0.3535024891764482 
18.31  	 -0.3229374406915477 
18.32  	 -0.288468408934453 
18.33  	 -0.2505120781456056 
18.34  	 -0.2095272895894588 
18.35  	 -0.1660094948199568 
18.36  	 -0.1204847663821849 
18.37  	 -0.07350343835162368 
18.38  	 -0.02563345358707666 
18.39  	 0.02254650188133006 
18.4  	 0.0704539943345108 
18.41  	 0.1175098831526787 
18.42  	 0.1631453217973753 
18.43  	 0.2068086343563536 
18.44  	 0.2479719845246465 
18.45  	 0.2861377564042668 
18.46  	 0.3208445699886278 
18.47  	 0.3516728586138352 
18.48  	 0.3782499409540962 
18.49  	 0.400254526248621 
18.5  	 0.4174205982986771 
18.51  	 0.4295406312830964 
18.52  	 0.4364680985177382 
18.53  	 0.4381192438315398 
18.54  	 0.4344740941455291 
18.55  	 0.4255767010137657 
18.56  	 0.4115346082057483 
18.57  	 0.3925175517657061 
18.58  	 0.3687554082622723 
18.59  	 0.3405354160301861 
18.6  	 0.3081987029939987 
18.61  	 0.2721361630460564 
18.62  	 0.2327837308259572 
18.63  	 0.1906171120210401 
18.64  	 0.1461460328893567 
18.65  	 0.09990807851842504 
18.66  	 0.05246219430462748 
18.67  	 0.00438192920928434 
18.68  	 -0.04375149753099934 
18.69  	 -0.0913562224278873 
18.7  	 -0.1378567715658503 
18.71  	 -0.1826910172003731 
18.72  	 -0.2253169730359488 
18.73  	 -0.2652193460399598 
18.74  	 -0.3019157655915082 
18.75  	 -0.3349626146646217 
18.76  	 -0.3639603925558839 
18.77  	 -0.3885585443292655 
18.78  	 -0.4084596985973111 
18.79  	 -0.4234232624099503 
18.8  	 -0.4332683297935821 
18.81  	 -0.4378758687798004 
18.82  	 -0.437190160484884 
18.83  	 -0.4312194728425408 
18.84  	 -0.4200359608440827 
18.85  	 -0.4037747944903707 
18.86  	 -0.3826325249954902 
18.87  	 -0.3568647089903421 
18.88  	 -0.3267828194438508 
18.89  	 -0.2927504806418743 
18.9  	 -0.2551790727349268 
18.91  	 -0.2145227589867106 
18.92  	 -0.1712729958340816 
18.93  	 -0.1259525921210886 
18.94  	 -0.07910938931953831 
18.95  	 -0.03130963913028458 
18.96  	 0.01686884148227905 
18.97  	 0.06484365507944309 
18.98  	 0.1120348639276517 
18.99  	 0.1578720004650005 
19  	 0.20180096331054 
19.01  	 0.2432907154555606 
19.02  	 0.2818397036671157 
19.03  	 0.3169819215039016 
19.04  	 0.348292542652519 
19.05  	 0.3753930564860234 
19.06  	 0.3979558437637447 
19.07  	 0.4157081371588799 
19.08  	 0.4284353187365506 
19.09  	 0.4359835145199501 
19.1  	 0.4382614547790361 
19.11  	 0.4352415775522051 
19.12  	 0.4269603620592575 
19.13  	 0.4135178879731169 
19.14  	 0.3950766258756969 
19.15  	 0.371859473516876 
19.16  	 0.3441470616124231 
19.17  	 0.3122743617466834 
19.18  	 0.2766266373821726 
19.19  	 0.2376347869189409 
19.2  	 0.1957701350956722 
19.21  	 0.1515387356931422 
19.22  	 0.1054752544082597 
19.23  	 0.0581365058420398 
19.24  	 0.01009472272616389 
19.25  	 -0.03806936125028531 
19.26  	 -0.08577353139888594 
19.27  	 -0.132441129917013 
19.28  	 -0.1775080266253908 
19.29  	 -0.2204294382948618 
19.3  	 -0.2606865141292045 
19.31  	 -0.2977926077973385 
19.32  	 -0.3312991601970455 
19.33  	 -0.360801121837636 
19.34  	 -0.3859418492939093 
19.35  	 -0.406417416541037 
19.36  	 -0.4219802890527853 
19.37  	 -0.4324423162483035 
19.38  	 -0.4376770061124169 
19.39  	 -0.4376210544913845 
19.4  	 -0.4322751105755204 
19.41  	 -0.4217037693130307 
19.42  	 -0.4060347908442749 
19.43  	 -0.385457556389466 
19.44  	 -0.3602207792526233 
19.45  	 -0.3306294986088182 
19.46  	 -0.2970413924115666 
19.47  	 -0.2598624539878117 
19.48  	 -0.2195420845798254 
19.49  	 -0.1765676611535448 
19.5  	 -0.1314586451360169 
19.51  	 -0.08476030329406345 
19.52  	 -0.03703711665492383 
19.53  	 0.01113404285920185 
19.54  	 0.05917088560267937 
19.55  	 0.1064927428929144 
19.56  	 0.1525275861284604 
19.57  	 0.1967189414917409 
19.58  	 0.2385326166512886 
19.59  	 0.2774631581507025 
19.6  	 0.3130399614267387 
19.61  	 0.3448329595977246 
19.62  	 0.3724578222550793 
19.63  	 0.3955806014135826 
19.64  	 0.4139217684585672 
19.65  	 0.4272595932896427 
19.66  	 0.4354328248119109 
19.67  	 0.4383426403707776 
19.68  	 0.4359538405633402 
19.69  	 0.4282952749810952 
19.7  	 0.415459493735117 
19.71  	 0.3976016289735295 
19.72  	 0.3749375199088946 
19.73  	 0.3477411040175749 
19.74  	 0.3163411059436425 
19.75  	 0.2811170641292834 
19.76  	 0.2424947431992641 
19.77  	 0.2009409875521125 
19.78  	 0.1569580783654622 
19.79  	 0.1110776622258712 
19.8  	 0.06385432477177364 
19.81  	 0.01585888702948506 
19.82  	 -0.03232849452554723 
19.83  	 -0.08012534077727451 
19.84  	 -0.1269538908777902 
19.85  	 -0.1722480861468046 
19.86  	 -0.2154604125412484 
19.87  	 -0.2560685189837471 
19.88  	 -0.2935815315478632 
19.89  	 -0.3275459871742188 
19.9  	 -0.3575513151904534 
19.91  	 -0.3832348003738515 
19.92  	 -0.4042859675623263 
19.93  	 -0.4204503348115151 
19.94  	 -0.4315324897285097 
19.95  	 -0.4373984517939574 
19.96  	 -0.4379772921150211 
19.97  	 -0.4332619910276635 
19.98  	 -0.4233095231794184 
19.99  	 -0.4082401690618673 
20  	 -0.3882360613125795 
20.01  	 -0.3635389833562687 
20.02  	 -0.3344474469925566 
20.03  	 -0.3013130842537673 
20.04  	 -0.2645363971452485 
20.05  	 -0.2245619166426263 
20.06  	 -0.1818728294613276 
20.07  	 -0.1369851375473221 
20.08  	 -0.09044142088658269 
20.09  	 -0.0428042790259513 
20.1  	 0.005350469418036574 
20.11  	 0.05344074706021557 
20.12  	 0.100885253723631 
20.13  	 0.1471104930430756 
20.14  	 0.1915577047593265 
20.15  	 0.2336896189078639 
20.16  	 0.2729969502585393 
20.17  	 0.3090045545022463 
20.18  	 0.3412771717691797 
20.19  	 0.3694246880513211 
20.2  	 0.3931068509290867 
20.21  	 0.4120373825981583 
20.22  	 0.425987440477673 
20.23  	 0.4347883835671121 
20.24  	 0.4383338111110676 
20.25  	 0.4365808489271538 
20.26  	 0.4295506678463371 
20.27  	 0.4173282279969518 
20.28  	 0.4000612520214679 
20.29  	 0.3779584396355472 
20.3  	 0.3512869451094162 
20.31  	 0.3203691481612367 
20.32  	 0.2855787572932817 
20.33  	 0.2473362926710632 
20.34  	 0.2061040031455916 
20.35  	 0.1623802788589907 
20.36  	 0.1166936269710835 
20.37  	 0.06959628332558696 
20.38  	 0.021657537275376 
20.39  	 -0.02654314964630356 
20.4  	 -0.07442314802968555 
20.41  	 -0.1214037032017466 
20.42  	 -0.1669169310199787 
20.43  	 -0.21041268228353 
20.44  	 -0.2513651927865167 
20.45  	 -0.2892794386292297 
20.46  	 -0.3236971199655587 
20.47  	 -0.3542022008561526 
20.48  	 -0.3804259382623579 
20.49  	 -0.4020513393909576 
20.5  	 -0.4188169935095415 
20.51  	 -0.4305202319134477 
20.52  	 -0.4370195778462256 
20.53  	 -0.4382364567583293 
20.54  	 -0.4341561462294999 
20.55  	 -0.4248279540709692 
20.56  	 -0.410364622453125 
20.57  	 -0.3909409652598362 
20.58  	 -0.3667917551391719 
20.59  	 -0.3382088857897108 
20.6  	 -0.30553784378241 
20.61  	 -0.2691735325641804 
20.62  	 -0.2295554991200106 
20.63  	 -0.1871626209910438 
20.64  	 -0.142507317869154 
20.65  	 -0.09612935773544359 
20.66  	 -0.04858933241122265 
20.67  	 -0.0004618813861883286 
20.68  	 0.04767125416860613 
20.69  	 0.09522826324260089 
20.7  	 0.1416342976840884 
20.71  	 0.1863284207462856 
20.72  	 0.2287703874893992 
20.73  	 0.268447175079303 
20.74  	 0.3048791840464913 
20.75  	 0.3376260355461781 
20.76  	 0.3662918945437032 
20.77  	 0.3905302545797647 
20.78  	 0.4100481262781436 
20.79  	 0.4246095789658682 
20.8  	 0.4340385925950517 
20.81  	 0.4382211854924178 
20.82  	 0.4371067922160309 
20.83  	 0.4307088748631636 
20.84  	 0.419104760438988 
20.85  	 0.402434706250886 
20.86  	 0.3809002046245292 
20.87  	 0.3547615474327171 
20.88  	 0.3243346798751077 
20.89  	 0.2899873815383053 
20.9  	 0.2521348208974132 
20.91  	 0.2112345369938362 
20.92  	 0.1677809089482718 
20.93  	 0.122299180158771 
20.94  	 0.07533910941662841 
20.95  	 0.02746832568263332 
20.96  	 -0.02073453315165877 
20.97  	 -0.06868681458177592 
20.98  	 -0.1158088943427426 
20.99  	 -0.1615311826647435 
21  	 -0.2053010092430096 
21.01  	 -0.2465893036988744 
21.02  	 -0.2848969907808989 
21.03  	 -0.3197610230030079 
21.04  	 -0.3507599777990428 
21.05  	 -0.3775191515370394 
21.06  	 -0.399715088818261 
21.07  	 -0.4170794923120379 
21.08  	 -0.4294024658652843 
21.09  	 -0.4365350516846558 
21.1  	 -0.4383910309222822 
21.11  	 -0.4349479658996953 
21.12  	 -0.4262474713713633 
21.13  	 -0.4123947115483238 
21.14  	 -0.3935571289611418 
21.15  	 -0.3699624205266717 
21.16  	 -0.3418957852826434 
21.17  	 -0.3096964770579267 
21.18  	 -0.2737537037480391 
21.19  	 -0.234501922763486 
21.2  	 -0.1924155895174025 
21.21  	 -0.148003422430463 
21.22  	 -0.1018022537752266 
21.23  	 -0.05437054068835045 
21.24  	 -0.006281614786913706 
21.25  	 0.04188324801520645 
21.26  	 0.08954185372156301 
21.27  	 0.1361181275678044 
21.28  	 0.18104907737239 
21.29  	 0.2237915987529782 
21.3  	 0.2638290399495441 
21.31  	 0.3006774469010336 
21.32  	 0.3338914130873089 
21.33  	 0.363069463425566 
21.34  	 0.3878589071425587 
21.35  	 0.4079601009627702 
21.36  	 0.4231300710805414 
21.37  	 0.4331854501349381 
21.38  	 0.4380046936861268 
21.39  	 0.4375295494011441 
21.4  	 0.431765761189921 
21.41  	 0.4207829997800628 
21.42  	 0.4047140205694194 
21.43  	 0.3837530589358654 
21.44  	 0.358153482401063 
21.45  	 0.3282247280278623 
21.46  	 0.2943285620708457 
21.47  	 0.2568747070918884 
21.48  	 0.2163158893984752 
21.49  	 0.1731423666694502 
21.5  	 0.1278760019161981 
21.51  	 0.08106395541099581 
21.52  	 0.03327207083216082 
21.53  	 -0.01492196442817456 
21.54  	 -0.06293560211798349 
21.55  	 -0.110188474734789 
21.56  	 -0.1561094107742423 
21.57  	 -0.2001433388200838 
21.58  	 -0.241757997021381 
21.59  	 -0.280450366855348 
21.6  	 -0.315752753406795 
21.61  	 -0.3472384386680371 
21.62  	 -0.3745268395242806 
21.63  	 -0.3972881080766967 
21.64  	 -0.415247118696223 
21.65  	 -0.4281867936141299 
21.66  	 -0.4359507268509277 
21.67  	 -0.4384450747666409 
21.68  	 -0.4356396903803095 
21.69  	 -0.4275684877476356 
21.7  	 -0.4143290319924889 
21.71  	 -0.3960813599480199 
21.72  	 -0.3730460456632508 
21.73  	 -0.3455015341588261 
21.74  	 -0.3137807756607509 
21.75  	 -0.2782672009965246 
21.76  	 -0.2393900868018751 
21.77  	 -0.1976193665620465 
21.78  	 -0.1534599502101499 
21.79  	 -0.1074456209454616 
21.8  	 -0.06013258304496166 
21.81  	 -0.01209273866005999 
21.82  	 0.03609322513362951 
21.83  	 0.08384285547203307 
21.84  	 0.130578974178937 
21.85  	 0.1757366544800112 
21.86  	 0.2187700496224314 
21.87  	 0.2591589908581395 
21.88  	 0.2964152750366694 
21.89  	 0.330088565805392 
21.9  	 0.3597718370856504 
21.91  	 0.3851062930261033 
21.92  	 0.4057857049627933 
21.93  	 0.4215601129625183 
21.94  	 0.4322388472068131 
21.95  	 0.4376928326954201 
21.96  	 0.4378561494111432 
21.97  	 0.432726829087738 
21.98  	 0.4223668789501995 
21.99  	 0.4069015321409208 
22  	 0.3865177338927756 
22.01  	 0.3614618817482202 
22.02  	 0.3320368471403576 
22.03  	 0.2985983143385634 
22.04  	 0.261550481012739 
22.05  	 0.2213411723867852 
22.06  	 0.1784564280402168 
22.07  	 0.1334146267912703 
22.08  	 0.08676022067834777 
22.09  	 0.03905715378170249 
22.1  	 -0.009117954563219399 
22.11  	 -0.0571827797614488 
22.12  	 -0.1045563309119473 
22.13  	 -0.1506659736341247 
22.14  	 -0.1949543518776889 
22.15  	 -0.236886125047205 
22.16  	 -0.2759544390052128 
22.17  	 -0.3116870527345952 
22.18  	 -0.343652046603229 
22.19  	 -0.3714630432314603 
22.2  	 -0.3947838778545031 
22.21  	 -0.4133326617262423 
22.22  	 -0.4268851894476942 
22.23  	 -0.4352776490338567 
22.24  	 -0.4384086019610003 
22.25  	 -0.4362402092607378 
22.26  	 -0.4287986888407915 
22.27  	 -0.4161739985050999 
22.28  	 -0.3985187485054251 
22.29  	 -0.3760463567698301 
22.3  	 -0.3490284691076825 
22.31  	 -0.3177916755755871 
22.32  	 -0.2827135626964285 
22.33  	 -0.2442181492517004 
22.34  	 -0.2027707608184561 
22.35  	 -0.1588724050064704 
22.36  	 -0.1130537153865588 
22.37  	 -0.06586853731448788 
22.38  	 -0.01788723318352773 
22.39  	 0.03031021196989218 
22.4  	 0.07814120116974405 
22.41  	 0.1250275677696474 
22.42  	 0.1704025641627726 
22.43  	 0.2137177124548489 
22.44  	 0.25444943429134 
22.45  	 0.2921053796994359 
22.46  	 0.3262303784437983 
22.47  	 0.3564119419580088 
22.48  	 0.3822852493462414 
22.49  	 0.4035375571861559 
22.5  	 0.419911979828994 
22.51  	 0.4312105945021602 
22.52  	 0.4372968336812212 
22.53  	 0.4380971358135818 
22.54  	 0.4336018344409734 
22.55  	 0.4238652749739422 
22.56  	 0.4090051577074775 
22.57  	 0.389201115019918 
22.58  	 0.3646925399542652 
22.59  	 0.3357756924301192 
22.6  	 0.3028001180662471 
22.61  	 0.266164422902757 
22.62  	 0.2263114550975409 
22.63  	 0.183722951839952 
22.64  	 0.1389137161889631 
22.65  	 0.09242539422514967 
22.66  	 0.04481992773709975 
22.67  	 -0.003327238415150341 
22.68  	 -0.05143411215171443 
22.69  	 -0.09891918915870943 
22.7  	 -0.1452084819710956 
22.71  	 -0.1897424581866585 
22.72  	 -0.2319828039437551 
22.73  	 -0.2714189309076843 
22.74  	 -0.3075741481110121 
22.75  	 -0.3400114240444113 
22.76  	 -0.3683386693475897 
22.77  	 -0.3922134762448088 
22.78  	 -0.4113472574362893 
22.79  	 -0.4255087344160841 
22.8  	 -0.434526733051019 
22.81  	 -0.4382922526290026 
22.82  	 -0.4367597833671694 
22.83  	 -0.4299478564547838 
22.84  	 -0.4179388199827903 
22.85  	 -0.4008778434692057 
22.86  	 -0.378971163014106 
22.87  	 -0.3524835882970485 
22.88  	 -0.3217353015524365 
22.89  	 -0.2870979872167214 
22.9  	 -0.2489903390319959 
22.91  	 -0.2078729989156655 
22.92  	 -0.1642429887745279 
22.93  	 -0.1186277025707172 
22.94  	 -0.07157853126250002 
22.95  	 -0.02366419768057735 
22.96  	 0.02453611809327264 
22.97  	 0.07243977974607926 
22.98  	 0.1194677375251444 
22.99  	 0.1650515276692814 
23  	 0.208640143872215 
23.01  	 0.2497066977174451 
23.02  	 0.2877547875748055 
23.03  	 0.3223244989730682 
23.04  	 0.3529979639176389 
23.05  	 0.3794044119538273 
23.06  	 0.4012246519198992 
23.07  	 0.4181949302158658 
23.08  	 0.4301101189505602 
23.09  	 0.4368261954298743 
23.1  	 0.4382619830151849 
23.11  	 0.4344001323094255 
23.12  	 0.4252873308110416 
23.13  	 0.4110337385021997 
23.14  	 0.3918116561943738 
23.15  	 0.367853442728704 
23.16  	 0.3394487062082005 
23.17  	 0.306940803214212 
23.18  	 0.2707226883244966 
23.19  	 0.2312321641036329 
23.2  	 0.1889465889834443 
23.21  	 0.1443771070039875 
23.22  	 0.0980624691652677 
23.23  	 0.05056252107632431 
23.24  	 0.002451435622010646 
23.25  	 -0.04568922755008675 
23.26  	 -0.09327755182683535 
23.27  	 -0.1397382977359059 
23.28  	 -0.1845098563343089 
23.29  	 -0.2270510378279039 
23.3  	 -0.2668476133624215 
23.31  	 -0.3034185309102088 
23.32  	 -0.3363217301164339 
23.33  	 -0.3651594858162374 
23.34  	 -0.3895832156317038 
23.35  	 -0.4092976935356729 
23.36  	 -0.4240646184500123 
23.37  	 -0.4337054947422304 
23.38  	 -0.4381037898019845 
23.39  	 -0.4372063426175861 
23.4  	 -0.4310240063264011 
23.41  	 -0.4196315169726338 
23.42  	 -0.4031665900594589 
23.43  	 -0.3818282558167438 
23.44  	 -0.3558744533078681 
23.45  	 -0.3256189124581556 
23.46  	 -0.2914273616948923 
23.47  	 -0.2537131070407691 
23.48  	 -0.2129320361003186 
23.49  	 -0.1695771073306785 
23.5  	 -0.1241723912097679 
23.51  	 -0.07726673533151024 
23.52  	 -0.02942713000359942 
23.53  	 0.01876814545646743 
23.54  	 0.06673651288052983 
23.55  	 0.1138981373681185 
23.56  	 0.1596829362400395 
23.57  	 0.2035374701041403 
23.58  	 0.2449316327352669 
23.59  	 0.2833650589033647 
23.6  	 0.3183731726931168 
23.61  	 0.3495328032042309 
23.62  	 0.3764672997509569 
23.63  	 0.3988510847294215 
23.64  	 0.4164135891187742 
23.65  	 0.4289425230447898 
23.66  	 0.4362864418722482 
23.67  	 0.4383565768079654 
23.68  	 0.4351279078868372 
23.69  	 0.4266394663712162 
23.7  	 0.4129938629086762 
23.71  	 0.3943560471521202 
23.72  	 0.3709513138361482 
23.73  	 0.3430625794123005 
23.74  	 0.311026962163151 
23.75  	 0.2752317071346409 
23.76  	 0.2361095051457544 
23.77  	 0.1941332624589105 
23.78  	 0.1498103843347445 
23.79  	 0.1036766415710088 
23.8  	 0.05628969416611482 
23.81  	 0.008222350392427191 
23.82  	 -0.03994435723729045 
23.83  	 -0.0876281954135438 
23.84  	 -0.1342527679855411 
23.85  	 -0.1792544833546599 
23.86  	 -0.222089367085194 
23.87  	 -0.2622396373826489 
23.88  	 -0.2992199639563092 
23.89  	 -0.3325833346100309 
23.9  	 -0.361926458646963 
23.91  	 -0.3868946417728489 
23.92  	 -0.4071860735710245 
23.93  	 -0.422555475722996 
23.94  	 -0.4328170668757021 
23.95  	 -0.437846808316855 
23.96  	 -0.4375839033132407 
23.97  	 -0.4320315319884805 
23.98  	 -0.4212568128574375 
23.99  	 -0.4053899914825108 
24  	 -0.3846228660594906 
24.01  	 -0.3592064689645213 
24.02  	 -0.3294480322875394 
24.03  	 -0.2957072740326057 
24.04  	 -0.2583920498772121 
24.05  	 -0.2179534230516581 
24.06  	 -0.1748802119332435 
24.07  	 -0.1296930812633185 
24.08  	 -0.08293824841182043 
24.09  	 -0.03518088076715967 
24.1  	 0.01300173593708071 
24.11  	 0.06102717577830422 
24.12  	 0.1083149129329552 
24.13  	 0.1542933389944847 
24.14  	 0.1984066724969261 
24.15  	 0.2401216771228029 
24.16  	 0.2789341073867081 
24.17  	 0.3143748038801451 
24.18  	 0.3460153643992909 
24.19  	 0.3734733224040229 
24.2  	 0.3964167702118692 
24.21  	 0.4145683710425203 
24.22  	 0.4277087114160297 
24.23  	 0.43567895338155 
24.24  	 0.4383827545169986 
24.25  	 0.4357874324911309 
24.26  	 0.4279243601111171 
24.27  	 0.4148885860804944 
24.28  	 0.3968376860518683 
24.29  	 0.373989857862809 
24.3  	 0.3466212839795936 
24.31  	 0.3150627930313137 
24.32  	 0.2796958607893584 
24.33  	 0.240947998931955 
24.34  	 0.1992875873338085 
24.35  	 0.1552182123474525 
24.36  	 0.1092725795144129 
24.37  	 0.06200607428850641 
24.38  	 0.01399004860835655 
24.39  	 -0.03419508552990306 
24.4  	 -0.08196687201583046 
24.41  	 -0.1287478512760715 
24.42  	 -0.1739725405275825 
24.43  	 -0.2170942692564051 
24.44  	 -0.2575917872957412 
24.45  	 -0.2949755656258705 
24.46  	 -0.3287937137327913 
24.47  	 -0.3586374419974578 
24.48  	 -0.3841460030870897 
24.49  	 -0.4050110526177847 
24.5  	 -0.4209803763774285 
24.51  	 -0.4318609390548231 
24.52  	 -0.4375212176224912 
24.53  	 -0.4378927911676111 
24.54  	 -0.4329711679534831 
24.55  	 -0.4228158397141715 
24.56  	 -0.4075495625260526 
24.57  	 -0.3873568729490209 
24.58  	 -0.3624818573740515 
24.59  	 -0.333225201540938 
24.6  	 -0.2999405558912251 
24.61  	 -0.2630302606914243 
24.62  	 -0.2229404826006073 
24.63  	 -0.1801558214708339 
24.64  	 -0.1351934525726175 
24.65  	 -0.08859687505333938 
24.66  	 -0.0409293421963181 
24.67  	 0.00723294710541747 
24.68  	 0.05530781336020207 
24.69  	 0.102714133781643 
24.7  	 0.1488788668194873 
24.71  	 0.1932439790059689 
24.72  	 0.2352731903869534 
24.73  	 0.2744584570001161 
24.74  	 0.310326112040922 
24.75  	 0.3424425914829081 
24.76  	 0.3704196749418133 
24.77  	 0.3939191784327635 
24.78  	 0.4126570422951454 
24.79  	 0.4264067648709206 
24.8  	 0.4350021404305628 
24.81  	 0.4383392682509449 
24.82  	 0.436377808559701 
24.83  	 0.4291414701643524 
24.84  	 0.416717723871757 
24.85  	 0.3992567451619684 
24.86  	 0.3769695988972418 
24.87  	 0.3501256880090886 
24.88  	 0.3190494970031947 
24.89  	 0.2841166696461574 
24.9  	 0.2457494682462967 
24.91  	 0.2044116694160004 
24.92  	 0.1606029580147826 
24.93  	 0.1148528870381564 
24.94  	 0.06771447646420348 
24.95  	 0.01975752843395086 
24.96  	 -0.02843826042941433 
24.97  	 -0.0762903063053034 
24.98  	 -0.1232201803615054 
24.99  	 -0.1686606007161506 
25  	 -0.2120622896581094 
25.01  	 -0.2529006132368052 
25.02  	 -0.2906819229630946 
25.03  	 -0.3249495229636929 
25.04  	 -0.3552891904590735 
25.05  	 -0.3813341828341136 
25.06  	 -0.4027696707767386 
25.07  	 -0.4193365438974043 
25.08  	 -0.4308345428276033 
25.09  	 -0.4371246799369862 
25.1  	 -0.4381309194077486 
25.11  	 -0.4338410963577 
25.12  	 -0.4243070639016814 
25.13  	 -0.4096440663735577 
25.14  	 -0.3900293462850494 
25.15  	 -0.3657000018601379 
25.16  	 -0.3369501210426979 
25.17  	 -0.3041272266208895 
25.18  	 -0.2676280754389519 
25.19  	 -0.2278938624747353 
25.2  	 -0.1854048877551983 
25.21  	 -0.1406747505752325 
25.22  	 -0.09424414119906616 
25.23  	 -0.04667430508907249 
25.24  	 0.001459741334745093 
25.25  	 0.04957616139785084 
25.26  	 0.09709333131793188 
25.27  	 0.143436870779807 
25.28  	 0.188046585954059 
25.29  	 0.2303832410333121 
25.3  	 0.2699350764329128 
25.31  	 0.3062239948650352 
25.32  	 0.3388113405099113 
25.33  	 0.3673032014264442 
25.34  	 0.3913551711074548 
25.35  	 0.4106765116225669 
25.36  	 0.4250336680252362 
25.37  	 0.4342530915422256 
25.38  	 0.438223337419142 
25.39  	 0.4368964120634819 
25.4  	 0.4302883532009862 
25.41  	 0.4184790360323103 
25.42  	 0.4016112077329886 
25.43  	 0.3798887619673256 
25.44  	 0.3535742742734329 
25.45  	 0.3229858281110934 
25.46  	 0.2884931699384886 
25.47  	 0.2505132397944141 
25.48  	 0.2095051314114001 
25.49  	 0.1659645427808948 
25.5  	 0.1204177842510083 
25.51  	 0.07341541658579745 
25.52  	 0.02552559588804689 
25.53  	 -0.02267279416910076 
25.54  	 -0.07059713978532184 
25.55  	 -0.1176681395672501 
25.56  	 -0.1633168070246617 
25.57  	 -0.2069913483837456 
25.58  	 -0.2481638325796281 
25.59  	 -0.2863365728024017 
25.6  	 -0.3210481424575824 
25.61  	 -0.3518789528210395 
25.62  	 -0.3784563249665842 
25.63  	 -0.400458994657533 
25.64  	 -0.4176209957477786 
25.65  	 -0.4297348751503584 
25.66  	 -0.4366542005113915 
25.67  	 -0.4382953302768997 
25.68  	 -0.4346384247560829 
25.69  	 -0.4257276859593168 
25.7  	 -0.4116708233115666 
25.71  	 -0.392637751699394 
25.72  	 -0.3688585375891438 
25.73  	 -0.3406206180430847 
25.74  	 -0.3082653262493605 
25.75  	 -0.2721837655643498 
25.76  	 -0.2328120819411064 
25.77  	 -0.1906261918897656 
25.78  	 -0.1461360296972379 
25.79  	 -0.09987938344464065 
25.8  	 -0.05241539433146303 
25.81  	 -0.004317797885367736 
25.82  	 0.04383201124341299 
25.83  	 0.09145200707163434 
25.84  	 0.13796656770594 
25.85  	 0.1828134333562094 
25.86  	 0.2254505028321482 
25.87  	 0.2653623863682835 
25.88  	 0.3020666355679675 
25.89  	 0.3351195751598999 
25.9  	 0.3641216660738789 
25.91  	 0.3887223350078051 
25.92  	 0.4086242121068992 
25.93  	 0.4235867255307135 
25.94  	 0.4334290094573263 
25.95  	 0.4380320903731416 
25.96  	 0.4373403252206596 
25.97  	 0.4313620740199748 
25.98  	 0.420169598833298 
25.99  	 0.4038981902936126 
26  	 0.3827445322556393 
26.01  	 0.356964324336716 
26.02  	 0.326869191085695 
26.03  	 0.2928229151410669 
26.04  	 0.2552370399110253 
26.05  	 0.2145658949292888 
26.06  	 0.1713011040190996 
26.07  	 0.1259656426495449 
26.08  	 0.07910751631763951 
26.09  	 0.03129313637059206 
26.1  	 -0.01689952666002167 
26.11  	 -0.0648879294510436 
26.12  	 -0.1120919975573319 
26.13  	 -0.1579411372398357 
26.14  	 -0.2018811326945082 
26.15  	 -0.2433808453096568 
26.16  	 -0.2819386339723527 
26.17  	 -0.3170884188164112 
26.18  	 -0.3484053151144484 
26.19  	 -0.3755107692125187 
26.2  	 -0.3980771344250382 
26.21  	 -0.4158316315773384 
26.22  	 -0.4285596463214424 
26.23  	 -0.4361073233676041 
26.24  	 -0.4383834262728878 
26.25  	 -0.4353604403058652 
26.26  	 -0.4270749050560483 
26.27  	 -0.4136269727673717 
26.28  	 -0.3951791977343337 
26.29  	 -0.371954571394171 
26.3  	 -0.3442338268663233 
26.31  	 -0.3123520455212284 
26.32  	 -0.2766946065974265 
26.33  	 -0.2376925288270643 
26.34  	 -0.1958172603791828 
26.35  	 -0.151574980098808 
26.36  	 -0.1055004789272389 
26.37  	 -0.05815069546362562 
26.38  	 -0.01009798380861585 
26.39  	 0.03807680493301308 
26.4  	 0.0857913438613532 
26.41  	 0.1324688693310377 
26.42  	 0.177545152754957 
26.43  	 0.2204753208882313 
26.44  	 0.2607404421501761 
26.45  	 0.2978537993700686 
26.46  	 0.331366773132956 
26.47  	 0.3608742646087214 
26.48  	 0.3860195923142453 
26.49  	 0.4064988036174814 
26.5  	 0.4220643488667372 
26.51  	 0.4325280737329005 
26.52  	 0.4377634935936522 
26.53  	 0.4377073224672293 
26.54  	 0.432360238014157 
26.55  	 0.4217868733596202 
26.56  	 0.4061150358351819 
26.57  	 0.3855341620833997 
26.58  	 0.3602930281995843 
26.59  	 0.3306967425899098 
26.6  	 0.2971030578954698 
26.61  	 0.2599180465628729 
26.62  	 0.2195911923340933 
26.63  	 0.176609956988546 
26.64  	 0.1314938880134175 
26.65  	 0.08478833842745445 
26.66  	 0.03705787467163684 
26.67  	 -0.01112054774924041 
26.68  	 -0.05916455838266327 
26.69  	 -0.1064934114005029 
26.7  	 -0.1525350055342282 
26.71  	 -0.1967327995176809 
26.72  	 -0.2385525394449357 
26.73  	 -0.2774887167242929 
26.74  	 -0.3130706785659304 
26.75  	 -0.3448683171408423 
26.76  	 -0.3724972686416078 
26.77  	 -0.395623559399738 
26.78  	 -0.4139676428982016 
26.79  	 -0.4273077788804617 
26.8  	 -0.4354827137099487 
26.81  	 -0.4383936295802348 
26.82  	 -0.4360053390141495 
26.83  	 -0.4283467102128714 
26.84  	 -0.4155103181133525 
26.85  	 -0.3976513253719143 
26.86  	 -0.3749856068003458 
26.87  	 -0.3477871399258323 
26.88  	 -0.316384693216985 
26.89  	 -0.2811578520079204 
26.9  	 -0.2425324301581067 
26.91  	 -0.200975322910807 
26.92  	 -0.1569888631676278 
26.93  	 -0.1111047493992944 
26.94  	 -0.06387761859075797 
26.95  	 -0.01587834190949586 
26.96  	 0.0323128758624546 
26.97  	 0.08011350972011974 
26.98  	 0.1269457558744601 
26.99  	 0.17224351612304 
27  	 0.2154592407268673 
27.01  	 0.2560705470781123 
27.02  	 0.2935865341536023 
27.03  	 0.3275537164262546 
27.04  	 0.3575615055065204 
27.05  	 0.3832471732528492 
27.06  	 0.4043002363580712 
27.07  	 0.4204662094116705 
27.08  	 0.4315496810716488 
27.09  	 0.4374166761617855 
27.1  	 0.4379962751416838 
27.11  	 0.4332814713737139 
27.12  	 0.4233292558243142 
27.13  	 0.4082599281757266 
27.14  	 0.3882556426752302 
27.15  	 0.363558206299275 
27.16  	 0.3344661558477792 
27.17  	 0.3013311493000002 
27.18  	 0.2645537150524576 
27.19  	 0.2245784104211745 
27.2  	 0.1818884479312031 
27.21  	 0.1369998543496785 
27.22  	 0.09045523306675157 
27.23  	 0.04281720522340296 
27.24  	 -0.005338391131609527 
27.25  	 -0.0534294616485216 
27.26  	 -0.1008746919087038 
27.27  	 -0.1471005742296775 
27.28  	 -0.1915483401044555 
27.29  	 -0.2336807144773265 
27.3  	 -0.2729884102117965 
27.31  	 -0.3089962842469042 
27.32  	 -0.3412690810275573 
27.33  	 -0.3694166937834809 
27.34  	 -0.3930988800595099 
27.35  	 -0.4120293744968505 
27.36  	 -0.4259793491508347 
27.37  	 -0.4347801795175361 
27.38  	 -0.438325482834057 
27.39  	 -0.4365724040138997 
27.4  	 -0.4295421336732652 
27.41  	 -0.417319651986447 
27.42  	 -0.4000527014665021 
27.43  	 -0.3779500010879746 
27.44  	 -0.3512787233389469 
27.45  	 -0.32036126469925 
27.46  	 -0.2855713485825851 
27.47  	 -0.2473295078493468 
27.48  	 -0.2060980014965604 
27.49  	 -0.1623752269708988 
27.5  	 -0.1166896956475477 
27.51  	 -0.06959364429805362 
27.52  	 -0.02165635977037844 
27.53  	 0.02654270242897824 
27.54  	 0.07442092246965967 
27.55  	 0.1213995587820079 
27.56  	 0.1669107437622093 
27.57  	 0.2104043480354098 
27.58  	 0.2513546303030215 
27.59  	 0.2892665923922522 
27.6  	 0.3236819626893434 
27.61  	 0.3541847356300204 
27.62  	 0.3804062002869415 
27.63  	 0.402029397269626 
27.64  	 0.4187929500627742 
27.65  	 0.4304942244905534 
27.66  	 0.4369917781158953 
27.67  	 0.438207069966967 
27.68  	 0.4341254099239903 
27.69  	 0.4247961362904088 
27.7  	 0.4103320194019523 
27.71  	 0.390907898482638 
27.72  	 0.3667585682251029 
27.73  	 0.3381759406418349 
27.74  	 0.3055055164942495 
27.75  	 0.2691422089522338 
27.76  	 0.2295255699668894 
27.77  	 0.1871344770590793 
27.78  	 0.1424813447487695 
27.79  	 0.09610593059620001 
27.8  	 0.04856881072616532 
27.81  	 0.0004446037019078669 
27.82  	 -0.04768497534297689 
27.83  	 -0.09523814635441755 
27.84  	 -0.1416400967924079 
27.85  	 -0.1863299298436093 
27.86  	 -0.2287674444234687 
27.87  	 -0.2684396650126008 
27.88  	 -0.3048670423961345 
27.89  	 -0.337609250352781 
27.9  	 -0.3662705082244571 
27.91  	 -0.3905043650283571 
27.92  	 -0.4100178872821273 
27.93  	 -0.4245751999205951 
27.94  	 -0.4340003375021941 
27.95  	 -0.4381793712403101 
27.96  	 -0.437061786148446 
27.97  	 -0.4306610916525746 
27.98  	 -0.4190546582897417 
27.99  	 -0.4023827824668863 
28  	 -0.3808469905848982 
28.01  	 -0.3547076030273257 
28.02  	 -0.3242805874597507 
28.03  	 -0.2899337394765138 
28.04  	 -0.2520822367623561 
28.05  	 -0.2111836205093695 
28.06  	 -0.1677322647528609 
28.07  	 -0.1222534004796703 
28.08  	 -0.07529676674429531 
28.09  	 -0.0274299655368298 
28.1  	 0.02076839927229391 
28.11  	 0.06871571597573395 
28.12  	 0.1158324075182838 
28.13  	 0.1615489373033789 
28.14  	 0.2053126936323244 
28.15  	 0.246594669558568 
28.16  	 0.2848958574123257 
28.17  	 0.3197532806998761 
28.18  	 0.3507455904651831 
28.19  	 0.3774981584661967 
28.2  	 0.3996876056005871 
28.21  	 0.4170457108422568 
28.22  	 0.429362653438235 
28.23  	 0.4364895491749753 
28.24  	 0.4383402500562188 
28.25  	 0.4348923856383197 
28.26  	 0.4261876334356173 
28.27  	 0.4123312151272862 
28.28  	 0.3934906246554439 
28.29  	 0.3698936035890427 
28.3  	 0.3418253882269642 
28.31  	 0.3096252617168041 
28.32  	 0.2736824528666602 
28.33  	 0.2344314312242788 
28.34  	 0.1923466552957063 
28.35  	 0.1479368373859304 
28.36  	 0.1017387943869679 
28.37  	 0.0543109588438336 
28.38  	 0.006226628735315508 
28.39  	 -0.04193296243516043 
28.4  	 -0.08958567147124229 
28.41  	 -0.1361554823111167 
28.42  	 -0.1810794687909924 
28.43  	 -0.2238145991801433 
28.44  	 -0.2638443002356873 
28.45  	 -0.3006847014321599 
28.46  	 -0.3338904838869244 
28.47  	 -0.363060263280824 
28.48  	 -0.3878414417064509 
28.49  	 -0.40793446979591 
28.5  	 -0.4230964676083768 
28.51  	 -0.433144160508933 
28.52  	 -0.4379560945504147 
28.53  	 -0.4374741045792265 
28.54  	 -0.4317040173190027 
28.55  	 -0.4207155809334263 
28.56  	 -0.4046416219196818 
28.57  	 -0.38367643952389 
28.58  	 -0.3580734570865479 
28.59  	 -0.3281421587080827 
28.6  	 -0.2942443482635247 
28.61  	 -0.2567897759866173 
28.62  	 -0.2162311854883655 
28.63  	 -0.1730588410806979 
28.64  	 -0.1277946015578786 
28.65  	 -0.08098561207062904 
28.66  	 -0.03319769034433521 
28.67  	 0.01499151281258317 
28.68  	 0.06299949603573206 
28.69  	 0.1102459485638446 
28.7  	 0.1561597649178096 
28.71  	 0.2001859483076033 
28.72  	 0.2417923193201388 
28.73  	 0.2804759487947781 
28.74  	 0.3157692371272215 
28.75  	 0.3472455665163935 
28.76  	 0.3745244578311301 
28.77  	 0.3972761697615309 
28.78  	 0.4152256846613965 
28.79  	 0.428156032901726 
28.8  	 0.435910915551202 
28.81  	 0.4383965936812714 
28.82  	 0.4355830214583313 
28.83  	 0.4275042093264759 
28.84  	 0.4142578128907769 
28.85  	 0.3960039524706422 
28.86  	 0.3729632775923082 
28.87  	 0.3454142998165414 
28.88  	 0.3136900261418428 
28.89  	 0.2781739336779498 
28.9  	 0.2392953342470218 
28.91  	 0.1975241849443229 
28.92  	 0.1533654073873464 
28.93  	 0.1073527843211935 
28.94  	 0.06004250735685257 
28.95  	 0.01200645383605303 
28.96  	 -0.03617472590936971 
28.97  	 -0.08391862734375582 
28.98  	 -0.130648131717851 
28.99  	 -0.1757983821649838 
29  	 -0.218823611577532 
29.01  	 -0.2592037397296761 
29.02  	 -0.2964506599017476 
29.03  	 -0.3301141390147254 
29.04  	 -0.3597872599552548 
29.05  	 -0.3851113403054739 
29.06  	 -0.4057802680210524 
29.07  	 -0.4215442016486657 
29.08  	 -0.4322125903554519 
29.09  	 -0.437656477264977 
29.1  	 -0.4378100582574892 
29.11  	 -0.4326714773920401 
29.12  	 -0.4223028493356196 
29.13  	 -0.4068295085282332 
29.14  	 -0.3864384941599194 
29.15  	 -0.361376289273051 
29.16  	 -0.3319458413192566 
29.17  	 -0.2985029001859247 
29.18  	 -0.2614517179575483 
29.19  	 -0.2212401623923857 
29.2  	 -0.1783543031818051 
29.21  	 -0.1333125364325744 
29.22  	 -0.08665931839422567 
29.23  	 -0.03895858417698606 
29.24  	 0.009213068986463617 
29.25  	 0.05727335153600015 
29.26  	 0.1046413201863196 
29.27  	 0.1507444002552067 
29.28  	 0.1950253068332921 
29.29  	 0.2369487811335644 
29.3  	 0.2760080605929812 
29.31  	 0.3117310045168795 
29.32  	 0.3436858012206207 
29.33  	 0.3714861876816902 
29.34  	 0.3947961186081499 
29.35  	 0.413333828484697 
29.36  	 0.4268752374951486 
29.37  	 0.4352566601512697 
29.38  	 0.4383767838866133 
29.39  	 0.4361978936985604 
29.4  	 0.4287463280353734 
29.41  	 0.4161121604176347 
29.42  	 0.3984481106426137 
29.43  	 0.3759676987327562 
29.44  	 0.3489426639430506 
29.45  	 0.3176996800258459 
29.46  	 0.2826164064584005 
29.47  	 0.2441169233651879 
29.48  	 0.202666605316763 
29.49  	 0.158766495969736 
29.5  	 0.1129472515461385 
29.51  	 0.06576272636224148 
29.52  	 0.01778327794372261 
29.53  	 -0.03041112734634079 
29.54  	 -0.07823792482881925 
29.55  	 -0.1251189934373975 
29.56  	 -0.1704876439334951 
29.57  	 -0.2137954689350654 
29.58  	 -0.254518971957466 
29.59  	 -0.2921658953358592 
29.6  	 -0.3262811705384653 
29.61  	 -0.3564524189444589 
29.62  	 -0.3823149365942031 
29.63  	 -0.4035561026571536 
29.64  	 -0.4199191583287645 
29.65  	 -0.4312063104778543 
29.66  	 -0.4372811225281828 
29.67  	 -0.4380701636737627 
29.68  	 -0.4335638964925491 
29.69  	 -0.4238167922292437 
29.7  	 -0.4089466723537356 
29.71  	 -0.3891332843543301 
29.72  	 -0.3646161289813393 
29.73  	 -0.3356915652049259 
29.74  	 -0.3027092278819464 
29.75  	 -0.2660678014343706 
29.76  	 -0.2262102006262662 
29.77  	 -0.1836182166932085 
29.78  	 -0.1388066935406893 
29.79  	 -0.09231730440853195 
29.8  	 -0.044712004227805 
29.81  	 0.0034337631831097 
29.82  	 0.05153802097318597 
29.83  	 0.09901929408312754 
29.84  	 0.1453036380038495 
29.85  	 0.1898315765067954 
29.86  	 0.2320648644841529 
29.87  	 0.2714929941510709 
29.88  	 0.3076393659641774 
29.89  	 0.34006704966354 
29.9  	 0.3683840657997276 
29.91  	 0.3922481239039142 
29.92  	 0.411370760026962 
29.93  	 0.4255208236337367 
29.94  	 0.4345272717037755 
29.95  	 0.4382812362637865 
29.96  	 0.4367373403600735 
29.97  	 0.4299142465636961 
29.98  	 0.417894431378169 
29.99  	 0.4008231882766455 
30  	 0.3789068714197094 
30.01  	 0.3524104012834012 
30.02  	 0.3216540623489952 
30.03  	 0.2870096315634583 
30.04  	 0.2488958843690393 
30.05  	 0.2077735326242564 
30.06  	 0.1641396556057381 
30.07  	 0.1185216914079096 
30.08  	 0.07147106137134282 
30.09  	 0.02355650460646109 
30.1  	 -0.02464279681639735 
30.11  	 -0.07254421890917478 
30.12  	 -0.1195687384132947 
30.13  	 -0.1651479319217047 
30.14  	 -0.2087308468717238 
30.15  	 -0.2497906613534617 
30.16  	 -0.287831052231333 
30.17  	 -0.3223921946020518 
30.18  	 -0.3530563200688216 
30.19  	 -0.379452766644388 
30.2  	 -0.4012624592407116 
30.21  	 -0.41822176658598 
30.22  	 -0.4301256879473079 
30.23  	 -0.4368303311386508 
30.24  	 -0.4382546518602697 
30.25  	 -0.4343814333449655 
30.26  	 -0.4252574944693265 
30.27  	 -0.4109931238144015 
30.28  	 -0.3917607465167821 
30.29  	 -0.3677928400249613 
30.3  	 -0.3393791239549221 
30.31  	 -0.306863058013459 
30.32  	 -0.2706376903216768 
30.33  	 -0.2311409063233483 
30.34  	 -0.1888501357084277 
30.35  	 -0.1442765813334202 
30.36  	 -0.09795903989831944 
30.37  	 -0.05045738907459077 
30.38  	 -0.002345819810550431 
30.39  	 0.04579410437926178 
30.4  	 0.09338047724273844 
30.41  	 0.1398380837616696 
30.42  	 0.1846053532407227 
30.43  	 0.2271411474663358 
30.44  	 0.2669313018815679 
30.45  	 0.3034948407084457 
30.46  	 0.3363897908906094 
30.47  	 0.3652185245784427 
30.48  	 0.3896325655777615 
30.49  	 0.4093368016626421 
30.5  	 0.4240930518347705 
30.51  	 0.4337229454089769 
30.52  	 0.4381100781231336 
30.53  	 0.4372014192097839 
30.54  	 0.4310079524211022 
30.55  	 0.4196045432586076 
30.56  	 0.4031290340125442 
30.57  	 0.3817805775499271 
30.58  	 0.3558172299921143 
30.59  	 0.3255528313811628 
30.6  	 0.2913532120408835 
30.61  	 0.2536317704893814 
30.62  	 0.2128444763564292 
30.63  	 0.1694843587094567 
30.64  	 0.1240755464122157 
30.65  	 0.07716693255512394 
30.66  	 0.02932553954044064 
30.67  	 -0.01887033497615043 
30.68  	 -0.06683810843700635 
30.69  	 -0.1139979555290138 
30.7  	 -0.1597798170009874 
30.71  	 -0.2036302904307414 
30.72  	 -0.2450193196475663 
30.73  	 -0.2834466019496606 
30.74  	 -0.3184476356673059 
30.75  	 -0.3495993349700066 
30.76  	 -0.3765251440468884 
30.77  	 -0.3988995888411273 
30.78  	 -0.4164522113179226 
30.79  	 -0.4289708387093412 
30.8  	 -0.4363041482180331 
30.81  	 -0.4383634961781759 
30.82  	 -0.4351239895631039 
30.83  	 -0.4266247868874476 
30.84  	 -0.412968624866537 
30.85  	 -0.3943205765547212 
30.86  	 -0.3709060559739918 
30.87  	 -0.3430080933525751 
30.88  	 -0.3109639139098874 
30.89  	 -0.2751608615428416 
30.9  	 -0.2360317166872038 
30.91  	 -0.1940494649507878 
30.92  	 -0.1497215797542462 
30.93  	 -0.103583888089793 
30.94  	 -0.05619409354738764 
30.95  	 -0.008125034900791202 
30.96  	 0.04004223825758953 
30.97  	 0.08772548913267886 
30.98  	 0.1343483316934114 
30.99  	 0.1793471979165277 
31  	 0.2221781500887846 
31.01  	 0.262323455821782 
31.02  	 0.2992978463018939 
31.03  	 0.3326543821267798 
31.04  	 0.3619898558233767 
31.05  	 0.3869496657427696 
31.06  	 0.4072321024172383 
31.07  	 0.4225919955668193 
31.08  	 0.4328436776710657 
31.09  	 0.4378632282829197 
31.1  	 0.4375899719558575 
31.11  	 0.432027211677651 
31.12  	 0.4212421889451327 
31.13  	 0.4053652709625707 
31.14  	 0.3845883747886359 
31.15  	 0.3591626474805655 
31.16  	 0.329395430277487 
31.17  	 0.2956465435192651 
31.18  	 0.25832393720805 
31.19  	 0.2178787597876968 
31.2  	 0.1747999047486932 
31.21  	 0.12960810097818 
31.22  	 0.08284961828976964 
31.23  	 0.03508966421949909 
31.24  	 -0.01309444809382708 
31.25  	 -0.06112027835856346 
31.26  	 -0.1084072995562648 
31.27  	 -0.1543839152405314 
31.28  	 -0.1984943688849045 
31.29  	 -0.2402054617609474 
31.3  	 -0.2790129981420973 
31.31  	 -0.3144478799249059 
31.32  	 -0.3460817769970594 
31.33  	 -0.3735323048098615 
31.34  	 -0.3964676465696776 
31.35  	 -0.4146105641761754 
31.36  	 -0.4277417494239116 
31.37  	 -0.4357024749585767 
31.38  	 -0.438396512943645 
31.39  	 -0.4357912982449496 
31.4  	 -0.4279183220728213 
31.41  	 -0.414872751323514 
