0.01  	 1.084222127087837 
0.02  	 1.155748871100022 
0.03  	 1.212788338238311 
0.04  	 1.253736585778807 
0.05  	 1.277206010454314 
0.06  	 1.282050829765145 
0.07000000000000001  	 1.267389263905071 
0.08  	 1.23262207031748 
0.09  	 1.177447132189877 
0.1  	 1.101869855798777 
0.11  	 1.006209188819125 
0.12  	 0.8910991317509189 
0.13  	 0.7574856766893905 
0.14  	 0.6066191709439934 
0.15  	 0.4400421666474853 
0.16  	 0.2595728806346506 
0.17  	 0.06728445066015096 
0.18  	 -0.134519766368521 
0.19  	 -0.3433345518525817 
0.2  	 -0.5564844835167242 
0.21  	 -0.7711584904727535 
0.22  	 -0.9844468586197043 
0.23  	 -1.19338020221664 
0.24  	 -1.394969886297264 
0.25  	 -1.586249360159638 
0.26  	 -1.76431584481954 
0.27  	 -1.926371807330459 
0.28  	 -2.069765652419091 
0.29  	 -2.192031067036797 
0.3  	 -2.290924466159361 
0.31  	 -2.364460008354786 
0.32  	 -2.410941677058724 
0.33  	 -2.428991957830886 
0.34  	 -2.417576682702735 
0.35  	 -2.376025659569794 
0.36  	 -2.304048756852563 
0.37  	 -2.201747170696962 
0.38  	 -2.069619663090944 
0.39  	 -1.908563623665161 
0.4  	 -1.719870874801858 
0.41  	 -1.505218208141204 
0.42  	 -1.266652709765945 
0.43  	 -1.006572000367786 
0.44  	 -0.7276995846532874 
0.45  	 -0.4330555702437565 
0.46  	 -0.1259230794929146 
0.47  	 0.1901892628497396 
0.48  	 0.5115883281583976 
0.49  	 0.8344404808213395 
0.5  	 1.154818041732947 
0.51  	 1.468747649151886 
0.52  	 1.772259917243709 
0.53  	 2.061439769641358 
0.54  	 2.332476810182521 
0.55  	 2.581715085869464 
0.5600000000000001  	 2.805701598194299 
0.5700000000000001  	 3.001232928326137 
0.58  	 3.165399359206753 
0.59  	 3.295625903184064 
0.6  	 3.389709677160412 
0.61  	 3.445853107977507 
0.62  	 3.462692498437979 
0.63  	 3.439321538419977 
0.64  	 3.375309405336986 
0.65  	 3.270713163014381 
0.66  	 3.126084237113402 
0.67  	 2.942468817690145 
0.68  	 2.721402114441438 
0.6900000000000001  	 2.464896466733734 
0.7000000000000001  	 2.17542338768215 
0.71  	 1.855889698377578 
0.72  	 1.50960798388162 
0.73  	 1.140261675863549 
0.74  	 0.75186513680477 
0.75  	 0.3487191866427382 
0.76  	 -0.06463742628768976 
0.77  	 -0.4834800529309188 
0.78  	 -0.9029530639854576 
0.79  	 -1.318127015768432 
0.8  	 -1.724057380189288 
0.8100000000000001  	 -2.115844131874308 
0.8200000000000001  	 -2.488691468377916 
0.8300000000000001  	 -2.837966931157011 
0.84  	 -3.159259195736134 
0.85  	 -3.448433809308291 
0.86  	 -3.701686172840704 
0.87  	 -3.91559109241637 
0.88  	 -4.087148260760088 
0.89  	 -4.213823074282825 
0.9  	 -4.293582243038663 
0.91  	 -4.324923710133818 
0.92  	 -4.306900462675802 
0.93  	 -4.239137887538109 
0.9400000000000001  	 -4.121844401202707 
0.9500000000000001  	 -3.955815162826077 
0.96  	 -3.742428762497712 
0.97  	 -3.483636861424416 
0.98  	 -3.181946846451059 
0.99  	 -2.840397646872803 
1  	 -2.462528945855276 
1.01  	 -2.052344100915748 
1.02  	 -1.614267166809652 
1.03  	 -1.15309448882622 
1.04  	 -0.6739414039841256 
1.05  	 -0.1821846510505358 
1.06  	 0.316598853128309 
1.07  	 0.8166961645338493 
1.08  	 1.312324642951581 
1.09  	 1.79769968392704 
1.1  	 2.267103049926598 
1.11  	 2.714950985814006 
1.12  	 3.135861300427819 
1.13  	 3.524718602607342 
1.14  	 3.876736896445341 
1.15  	 4.187518766703849 
1.16  	 4.453110420955339 
1.17  	 4.670051899728831 
1.18  	 4.835421819260229 
1.19  	 4.946876072772235 
1.2  	 5.002679984844939 
1.21  	 5.001733488594657 
1.22  	 4.943588976183617 
1.23  	 4.828461558691281 
1.24  	 4.657231560582435 
1.25  	 4.431439165850463 
1.26  	 4.153271226302135 
1.27  	 3.825540336264173 
1.28  	 3.451656371102416 
1.29  	 3.035590778225274 
1.3  	 2.581833997584361 
1.31  	 2.095346473007144 
1.32  	 1.581503794962679 
1.33  	 1.046036588591631 
1.34  	 0.4949658271137931 
1.35  	 -0.06546569077256292 
1.36  	 -0.6288649109075301 
1.37  	 -1.188762311699992 
1.38  	 -1.738687049661188 
1.39  	 -2.272242580947538 
1.4  	 -2.783181866861212 
1.41  	 -3.265481271302564 
1.42  	 -3.713412268867856 
1.43  	 -4.121610103561533 
1.44  	 -4.485138569739561 
1.45  	 -4.799550128588821 
1.46  	 -5.060940624724521 
1.47  	 -5.265997927783602 
1.48  	 -5.41204389252667 
1.49  	 -5.49706910715088 
1.5  	 -5.519759982384007 
1.51  	 -5.479517822514864 
1.52  	 -5.376469612783473 
1.53  	 -5.21147035441227 
1.54  	 -4.986096877865682 
1.55  	 -4.702633165504387 
1.56  	 -4.364047315457372 
1.57  	 -3.973960378068616 
1.58  	 -3.536607393493897 
1.59  	 -3.056791052757827 
1.6  	 -2.539828493700081 
1.61  	 -1.991491826661971 
1.62  	 -1.417943061473391 
1.63  	 -0.8256641763552416 
1.64  	 -0.2213831299016038 
1.65  	 0.3880033314047519 
1.66  	 0.9955091763062983 
1.67  	 1.594139977728857 
1.68  	 2.176974242693392 
1.69  	 2.737244229307805 
1.7  	 3.268415299251291 
1.71  	 3.764262867733057 
1.72  	 4.218946037638344 
1.73  	 4.62707704021322 
1.74  	 4.983785650800038 
1.75  	 5.284777804305644 
1.76  	 5.526387700631254 
1.77  	 5.705622764469482 
1.78  	 5.820200905828265 
1.79  	 5.868579616425907 
1.8  	 5.849976531684575 
1.81  	 5.76438118732721 
1.82  	 5.612557802392015 
1.83  	 5.396039025610533 
1.84  	 5.117110688309971 
1.85  	 4.77878771304134 
1.86  	 4.384781431744087 
1.87  	 3.939458669190445 
1.88  	 3.447793045492445 
1.89  	 2.915309044427782 
1.9  	 2.348019481131009 
1.91  	 1.752357082257781 
1.92  	 1.135100963098955 
1.93  	 0.5032988484301164 
1.94  	 -0.1358140636324064 
1.95  	 -0.7748986534838663 
1.96  	 -1.406596875289427 
1.97  	 -2.023617203721996 
1.98  	 -2.618819532283873 
1.99  	 -3.185298527126347 
2  	 -3.716464455854879 
2.01  	 -4.20612053798946 
2.02  	 -4.648535902246931 
2.03  	 -5.038513285196177 
2.04  	 -5.37145066554966 
2.05  	 -5.643396097713478 
2.06  	 -5.851095086424594 
2.07  	 -5.99202993045312 
2.08  	 -6.064450556438219 
2.09  	 -6.067396462872435 
2.1  	 -6.000709497893745 
2.11  	 -5.865037301671284 
2.12  	 -5.661827353520389 
2.13  	 -5.393311674166454 
2.14  	 -5.062482343493413 
2.15  	 -4.673058102360645 
2.16  	 -4.229442412369047 
2.17  	 -3.736673448552019 
2.18  	 -3.200366595657276 
2.19  	 -2.626650107829193 
2.2  	 -2.022094673033176 
2.21  	 -1.393637696505698 
2.22  	 -0.7485031809887167 
2.23  	 -0.09411813474842345 
2.24  	 0.5619735192612441 
2.25  	 1.212198528769097 
2.26  	 1.849042368593733 
2.27  	 2.465136737443723 
2.28  	 3.053345469455658 
2.29  	 3.606847851896907 
2.3  	 4.119218369452967 
2.31  	 4.584501936098456 
2.32  	 4.997283727253892 
2.33  	 5.352752787162468 
2.34  	 5.646758658461859 
2.35  	 5.875860361938018 
2.36  	 6.037367143486042 
2.37  	 6.129370501326162 
2.38  	 6.150767108405375 
2.39  	 6.101272351460929 
2.4  	 5.981424318177689 
2.41  	 5.792578175942618 
2.42  	 5.536890998564373 
2.43  	 5.217297209652003 
2.44  	 4.837474921806094 
2.45  	 4.401803558061422 
2.46  	 3.915313244861158 
2.47  	 3.383626563019274 
2.48  	 2.812893333486047 
2.49  	 2.209719197197045 
2.5  	 1.581088821876729 
2.51  	 0.9342846325059354 
2.52  	 0.2768020154847937 
2.53  	 -0.3837380113103263 
2.54  	 -1.039677639873266 
2.55  	 -1.683411583644709 
2.56  	 -2.307475811936395 
2.57  	 -2.904634665955204 
2.58  	 -3.467965333595412 
2.59  	 -3.990938690655867 
2.6  	 -4.467495558347945 
2.61  	 -4.892117480399028 
2.62  	 -5.259891187100633 
2.63  	 -5.566565987549978 
2.64  	 -5.808603414221075 
2.65  	 -5.983218534901924 
2.66  	 -6.088412444877911 
2.67  	 -6.122995555875089 
2.68  	 -6.086601406478509 
2.69  	 -5.979690830232977 
2.7  	 -5.803546431100066 
2.71  	 -5.560257430044851 
2.72  	 -5.252695059910124 
2.73  	 -4.884478797063298 
2.74  	 -4.459933826254881 
2.75  	 -3.984040238429172 
2.76  	 -3.462374558654541 
2.77  	 -2.901044291738186 
2.78  	 -2.306616255387321 
2.79  	 -1.686039543999841 
2.8  	 -1.046564029444223 
2.81  	 -0.3956553577700994 
2.82  	 0.2590925579465909 
2.83  	 0.9100465189668768 
2.84  	 1.549623449509911 
2.85  	 2.170379180753744 
2.86  	 2.76509556583508 
2.87  	 3.326864901302685 
2.88  	 3.849170662418103 
2.89  	 4.325963603362384 
2.9  	 4.751732328282031 
2.91  	 5.121567504541604 
2.92  	 5.431218964769506 
2.93  	 5.677145028396266 
2.94  	 5.85655346539463 
2.95  	 5.967433623747657 
2.96  	 6.008579346623667 
2.97  	 5.979602414087593 
2.98  	 5.880936356136777 
2.99  	 5.713830597588907 
3  	 5.480335009522581 
3.01  	 5.183275055224048 
3.02  	 4.826217829585175 
3.03  	 4.413429398312799 
3.04  	 3.94982394587604 
3.05  	 3.440905337621633 
3.06  	 2.892701790785405 
3.07  	 2.311694430164398 
3.08  	 1.704740576030534 
3.09  	 1.078992673614789 
3.1  	 0.441813824441828 
3.11  	 -0.1993090806512482 
3.12  	 -0.8368535992866365 
3.13  	 -1.463350303076585 
3.14  	 -2.071470624740035 
3.15  	 -2.654112949886639 
3.16  	 -3.204485938084995 
3.17  	 -3.716188091386754 
3.18  	 -4.183282633648261 
3.19  	 -4.600366820234766 
3.2  	 -4.962634864335319 
3.21  	 -5.265933742362732 
3.22  	 -5.506811225851594 
3.23  	 -5.682555579884943 
3.24  	 -5.791226467272239 
3.25  	 -5.831676702285857 
3.26  	 -5.803564606494679 
3.27  	 -5.70735683081731 
3.28  	 -5.544321621026293 
3.29  	 -5.316512617223535 
3.3  	 -5.026743389929472 
3.31  	 -4.678553025052536 
3.32  	 -4.276163175829939 
3.33  	 -3.824427100600325 
3.34  	 -3.328771299788999 
3.35  	 -2.795130452638057 
3.36  	 -2.229876432965769 
3.37  	 -1.639742252661974 
3.38  	 -1.031741840900398 
3.39  	 -0.4130866154776429 
3.4  	 0.2089001602953445 
3.41  	 0.826870216551434 
3.42  	 1.43353728003877 
3.43  	 2.021763209109464 
3.44  	 2.584642239646928 
3.45  	 3.115582344700261 
3.46  	 3.608382746078393 
3.47  	 4.057306663045265 
3.48  	 4.457148440981493 
3.49  	 4.803294270740264 
3.5  	 5.091775786608 
3.51  	 5.319315916355237 
3.52  	 5.483366449802705 
3.53  	 5.582136891517195 
3.54  	 5.61461426750314 
3.55  	 5.580573663821434 
3.56  	 5.480579385654773 
3.57  	 5.315976737127587 
3.58  	 5.088874533844368 
3.59  	 4.802118570301207 
3.6  	 4.459256371739015 
3.61  	 4.064493663364548 
3.62  	 3.62264308793819 
3.63  	 3.139065794350756 
3.64  	 2.619606603898734 
3.65  	 2.070523536522928 
3.66  	 1.498412545406538 
3.67  	 0.9101283642561634 
3.68  	 0.3127024166563614 
3.69  	 -0.2867412294310033 
3.7  	 -0.881070857046845 
3.71  	 -1.463232030638735 
3.72  	 -2.026331448882114 
3.73  	 -2.56371872165009 
3.74  	 -3.069065099104098 
3.75  	 -3.536438218694864 
3.76  	 -3.960371984790917 
3.77  	 -4.335930755092591 
3.78  	 -4.658767077220047 
3.79  	 -4.925172297044975 
3.8  	 -5.132119446521711 
3.81  	 -5.277297911924204 
3.82  	 -5.359139482387842 
3.83  	 -5.376835482298233 
3.84  	 -5.330344798116983 
3.85  	 -5.220392719401748 
3.86  	 -5.048460623755544 
3.87  	 -4.816766644910614 
3.88  	 -4.528237570805247 
3.89  	 -4.186472323060924 
3.9  	 -3.795697469463859 
3.91  	 -3.360715315704657 
3.92  	 -2.886845210605532 
3.93  	 -2.379858779320712 
3.94  	 -1.8459098705802 
3.95  	 -1.291460066113149 
3.96  	 -0.7232006522027331 
3.97  	 -0.14797199428152 
3.98  	 0.4273187149024056 
3.99  	 0.9957803450735061 
4  	 1.550620361628102 
4.01  	 2.085226013568439 
4.02  	 2.593243205210217 
4.03  	 3.068652110038439 
4.04  	 3.505838625676541 
4.05  	 3.899660820276226 
4.06  	 4.245509582100095 
4.07  	 4.53936275490517 
4.08  	 4.777832121080039 
4.09  	 4.95820268137807 
4.1  	 5.078463773470507 
4.11  	 5.13733167028637 
4.12  	 5.134263402017868 
4.13  	 5.069461651508684 
4.14  	 4.943870680232501 
4.15  	 4.759163349916756 
4.16  	 4.517719411775125 
4.17  	 4.222595339997943 
4.18  	 3.877486087356994 
4.19  	 3.486679237297715 
4.2  	 3.05500211756332 
4.21  	 2.587762524138947 
4.22  	 2.090683780121506 
4.23  	 1.569834921110806 
4.24  	 1.031556856085364 
4.25  	 0.4823853997944864 
4.26  	 -0.07102789108625351 
4.27  	 -0.6219961208477299 
4.28  	 -1.163877726118135 
4.29  	 -1.690156443466037 
4.3  	 -2.194519611024178 
4.31  	 -2.670933863531467 
4.32  	 -3.113717313098408 
4.33  	 -3.517607351796902 
4.34  	 -3.877823266316969 
4.350000000000001  	 -4.19012291875487 
4.36  	 -4.450852820317545 
4.37  	 -4.656991005459426 
4.38  	 -4.80618220172601 
4.39  	 -4.89676488429713 
4.4  	 -4.927789902764154 
4.41  	 -4.899030469844834 
4.42  	 -4.810983406300696 
4.43  	 -4.664861642010399 
4.44  	 -4.462578078692312 
4.45  	 -4.206721023887565 
4.46  	 -3.900521507256724 
4.47  	 -3.547812887788446 
4.48  	 -3.152983252994694 
4.49  	 -2.720921197464728 
4.5  	 -2.256955647235248 
4.51  	 -1.766790467361042 
4.52  	 -1.256434651993389 
4.53  	 -0.7321289484555787 
4.54  	 -0.2002698086284957 
4.55  	 0.3326684080682061 
4.56  	 0.8602120360526969 
4.57  	 1.375966556944082 
4.58  	 1.873693955739063 
4.59  	 2.347388045297619 
4.600000000000001  	 2.791346850580468 
4.61  	 3.200241180979904 
4.62  	 3.569178566476674 
4.63  	 3.893761790653292 
4.64  	 4.170141320093962 
4.65  	 4.395061004587994 
4.66  	 4.565896504911632 
4.67  	 4.680685993787764 
4.68  	 4.738152769831911 
4.69  	 4.737719522740426 
4.7  	 4.679514089466838 
4.71  	 4.564366644433457 
4.72  	 4.393798370685444 
4.73  	 4.170001762056161 
4.74  	 3.895812807628006 
4.75  	 3.574675407819028 
4.76  	 3.210598465119419 
4.77  	 2.808106180713784 
4.78  	 2.372182169893267 
4.79  	 1.90820808330436 
4.8  	 1.421897486809076 
4.81  	 0.9192258092573906 
4.82  	 0.4063572141227844 
4.83  	 -0.1104307128289972 
4.84  	 -0.6248235423066406 
4.850000000000001  	 -1.130546914956676 
4.86  	 -1.621442854891414 
4.87  	 -2.091544557092847 
4.88  	 -2.535148742170393 
4.89  	 -2.946884702589528 
4.9  	 -3.321779205717445 
4.91  	 -3.655316470340264 
4.92  	 -3.943492494061583 
4.93  	 -4.182863078448134 
4.94  	 -4.37058497609407 
4.95  	 -4.504449667985586 
4.96  	 -4.582909369634213 
4.97  	 -4.605094959311604 
4.98  	 -4.570825620205929 
4.99  	 -4.480610089231666 
5  	 -4.335639507334215 
5.01  	 -4.137771968198443 
5.02  	 -3.889508963057512 
5.03  	 -3.593964017583484 
5.04  	 -3.254823911433821 
5.05  	 -2.876302960783392 
5.06  	 -2.463090928005104 
5.07  	 -2.020295199561513 
5.08  	 -1.553377942207508 
5.09  	 -1.06808900794928 
5.100000000000001  	 -0.57039540913235 
5.11  	 -0.06640822593112883 
5.12  	 0.4376921611034261 
5.13  	 0.935731601273293 
5.14  	 1.421617546170444 
5.15  	 1.889413346543523 
5.16  	 2.333410569760976 
5.17  	 2.748198458957066 
5.18  	 3.128729690529997 
5.19  	 3.47038163246678 
5.2  	 3.76901236143281 
5.21  	 4.021010761004346 
5.22  	 4.223340096049064 
5.23  	 4.373574538185278 
5.24  	 4.469928203497429 
5.25  	 4.511276355201474 
5.26  	 4.497168519622837 
5.27  	 4.427833362506076 
5.28  	 4.304175273118145 
5.29  	 4.127762704614232 
5.3  	 3.900808419478372 
5.31  	 3.626141887311396 
5.32  	 3.307174177620556 
5.33  	 2.947855781411015 
5.34  	 2.552627881184117 
5.350000000000001  	 2.126367668371278 
5.36  	 1.674328379313866 
5.37  	 1.202074784767005 
5.38  	 0.7154149227871449 
5.39  	 0.2203289100979744 
5.4  	 -0.2771042979276914 
5.41  	 -0.7707813041009098 
5.42  	 -1.25464891496645 
5.43  	 -1.722778124503309 
5.44  	 -2.16943653402622 
5.45  	 -2.589158325928616 
5.46  	 -2.97681093922708 
5.47  	 -3.327657635541777 
5.48  	 -3.637415194676655 
5.49  	 -3.902306038727491 
5.5  	 -4.119104151913698 
5.51  	 -4.285174239266432 
5.52  	 -4.39850364998361 
5.53  	 -4.457726679672962 
5.54  	 -4.46214095876907 
5.55  	 -4.411715730995178 
5.56  	 -4.307091924668935 
5.57  	 -4.149574019718488 
5.58  	 -3.941113813263774 
5.59  	 -3.684286285310875 
5.600000000000001  	 -3.382257862304952 
5.61  	 -3.038747468819981 
5.62  	 -2.65798084540712 
5.63  	 -2.244638692512249 
5.64  	 -1.80379927541299 
5.65  	 -1.340876192405745 
5.66  	 -0.8615520671783561 
5.67  	 -0.3717089757223975 
5.68  	 0.1226435423271378 
5.69  	 0.6154420088656404 
5.7  	 1.100643171489807 
5.71  	 1.572297901627277 
5.72  	 2.024623925088032 
5.73  	 2.452076497979622 
5.74  	 2.849416166205646 
5.75  	 3.211772782531877 
5.76  	 3.534705001019212 
5.77  	 3.81425452392692 
5.78  	 4.046994440308348 
5.79  	 4.23007106767182 
5.8  	 4.361238787382239 
5.81  	 4.438887449967281 
5.82  	 4.462062017124468 
5.83  	 4.430474201898001 
5.84  	 4.344505966054212 
5.850000000000001  	 4.20520483294427 
5.86  	 4.014271073894204 
5.87  	 3.774036925191627 
5.88  	 3.487438089840906 
5.89  	 3.157977872252742 
5.9  	 2.78968438377698 
5.91  	 2.387061341387702 
5.92  	 1.955033059861005 
5.93  	 1.498884308499724 
5.94  	 1.024195765996307 
5.95  	 0.5367758606249327 
5.96  	 0.04258982696576297 
5.97  	 -0.4523131557468063 
5.98  	 -0.9418738552052173 
5.99  	 -1.420097006555185 
6  	 -1.881124559315535 
6.01  	 -2.319307257559176 
6.02  	 -2.729273680515135 
6.03  	 -3.105995901668884 
6.04  	 -3.44485096560413 
6.05  	 -3.741677432742684 
6.06  	 -3.992826302180361 
6.07  	 -4.195205691255725 
6.08  	 -4.346318726492094 
6.09  	 -4.444294183197265 
6.100000000000001  	 -4.487909499284567 
6.11  	 -4.476605881719475 
6.12  	 -4.410495320268984 
6.13  	 -4.290359421765387 
6.140000000000001  	 -4.117640077693784 
6.15  	 -3.894422077362162 
6.16  	 -3.623407877004913 
6.17  	 -3.307884830712069 
6.18  	 -2.95168528090541 
6.19  	 -2.559139993081887 
6.2  	 -2.135025500656302 
6.21  	 -1.684505999972099 
6.22  	 -1.213070502008086 
6.23  	 -0.7264660051812737 
6.24  	 -0.2306275022271425 
6.25  	 0.268394327163077 
6.26  	 0.7645068579246174 
6.27  	 1.251649797753762 
6.28  	 1.723869097400077 
6.29  	 2.175389592993187 
6.3  	 2.600685495501394 
6.31  	 2.994547868405166 
6.32  	 3.352148271105163 
6.33  	 3.669097792030898 
6.34  	 3.94150075130915 
6.350000000000001  	 4.166002417513223 
6.36  	 4.339830155660547 
6.37  	 4.460827503375462 
6.38  	 4.527480758018365 
6.390000000000001  	 4.538937748559122 
6.4  	 4.495018560937205 
6.41  	 4.396218083450094 
6.42  	 4.243700338157354 
6.43  	 4.039284664172415 
6.44  	 3.785423917823865 
6.45  	 3.485174951798716 
6.46  	 3.142161729351121 
6.47  	 2.760531519328918 
6.48  	 2.344904702047084 
6.49  	 1.900318793896334 
6.5  	 1.432167369069687 
6.51  	 0.9461346190614872 
6.52  	 0.4481263438839706 
6.53  	 -0.05580178739374259 
6.54  	 -0.5595178356829393 
6.55  	 -1.05688815646408 
6.56  	 -1.541852023832747 
6.57  	 -2.008495406842521 
6.58  	 -2.451123000938007 
6.59  	 -2.864327638126291 
6.600000000000001  	 -3.243056231041565 
6.61  	 -3.582671447835983 
6.62  	 -3.879008366375641 
6.63  	 -4.128425416910996 
6.640000000000001  	 -4.327848991491838 
6.65  	 -4.474811175071832 
6.66  	 -4.567480136568005 
6.67  	 -4.604682807097153 
6.68  	 -4.585919566125735 
6.69  	 -4.511370753208937 
6.7  	 -4.381894922182632 
6.71  	 -4.199018854905866 
6.72  	 -3.964919451715156 
6.73  	 -3.682397714430907 
6.74  	 -3.354845133852733 
6.75  	 -2.986202886027466 
6.76  	 -2.580914329049395 
6.77  	 -2.143871373693822 
6.78  	 -1.680355375801008 
6.79  	 -1.195973265110442 
6.8  	 -0.6965896833821945 
6.81  	 -0.188255953424772 
6.82  	 0.322863260517682 
6.83  	 0.8305647121563031 
6.84  	 1.328681845826228 
6.850000000000001  	 1.811159669284693 
6.86  	 2.272128317916166 
6.87  	 2.705974417072634 
6.88  	 3.107409375568693 
6.890000000000001  	 3.47153378016859 
6.9  	 3.793897107803359 
6.91  	 4.070552028675457 
6.92  	 4.298102638665366 
6.93  	 4.47374603276142 
6.94  	 4.595306711704839 
6.95  	 4.661263400703738 
6.96  	 4.6707679508743 
6.97  	 4.623656089903542 
6.98  	 4.520449887135825 
6.99  	 4.362351898669158 
7  	 4.15123105889132 
7.01  	 3.88960048496773 
7.02  	 3.58058745889972 
7.03  	 3.227895946713595 
7.04  	 2.835762104965826 
7.05  	 2.408903309958202 
7.06  	 1.952461323814062 
7.07  	 1.471940282916106 
7.08  	 0.9731402572804817 
7.09  	 0.4620871834733234 
7.100000000000001  	 -0.05503998199320526 
7.11  	 -0.571984007759019 
7.12  	 -1.082485126751144 
7.13  	 -1.580356852413948 
7.140000000000001  	 -2.059560953710212 
7.15  	 -2.514280680308945 
7.16  	 -2.938991350125396 
7.17  	 -3.328527442890422 
7.18  	 -3.678145385322891 
7.19  	 -3.983581265256711 
7.2  	 -4.241102773110184 
7.21  	 -4.447554738644248 
7.22  	 -4.600397708198715 
7.23  	 -4.697739091589657 
7.24  	 -4.738356497582162 
7.25  	 -4.721712971236647 
7.26  	 -4.647963944322908 
7.27  	 -4.517955810220236 
7.28  	 -4.333216136061892 
7.29  	 -4.09593562611163 
7.3  	 -3.808942050253446 
7.31  	 -3.47566644882351 
7.32  	 -3.100102018636194 
7.33  	 -2.686756173819505 
7.34  	 -2.240596357902934 
7.350000000000001  	 -1.766990259488072 
7.36  	 -1.271641151858212 
7.37  	 -0.7605191362213047 
7.38  	 -0.2397891182097091 
7.390000000000001  	 0.2842636128275726 
7.4  	 0.8053093027959527 
7.41  	 1.317050232600252 
7.42  	 1.813296873721192 
7.43  	 2.288042778414215 
7.44  	 2.735537298200219 
7.45  	 3.15035525016621 
7.46  	 3.527462687103425 
7.47  	 3.862277974243502 
7.48  	 4.150727431748334 
7.49  	 4.389294867487741 
7.5  	 4.575064398213733 
7.51  	 4.705756038123855 
7.52  	 4.779753621023592 
7.53  	 4.796124714796434 
7.54  	 4.754632283553264 
7.55  	 4.655737952492838 
7.56  	 4.50059683195818 
7.57  	 4.29104395919347 
7.58  	 4.029572517659189 
7.59  	 3.719304093223953 
7.600000000000001  	 3.363951322916502 
7.61  	 2.967773384024355 
7.62  	 2.535524858051661 
7.63  	 2.072398584347302 
7.640000000000001  	 1.583963191112365 
7.65  	 1.076096056109677 
7.66  	 0.554912504943314 
7.67  	 0.02669210057813309 
7.68  	 -0.5021970867285632 
7.69  	 -1.025375315141836 
7.7  	 -1.536528184935606 
7.71  	 -2.029482899948303 
7.72  	 -2.498282855317387 
7.73  	 -2.937259649853275 
7.74  	 -3.341101652166353 
7.75  	 -3.70491829094831 
7.76  	 -4.024299291135438 
7.77  	 -4.295368138429978 
7.78  	 -4.514829124094956 
7.79  	 -4.680007399232086 
7.8  	 -4.788881551969626 
7.81  	 -4.840108311112404 
7.82  	 -4.83303907475226 
7.83  	 -4.767728060958383 
7.84  	 -4.644931978772988 
7.850000000000001  	 -4.466101220107701 
7.86  	 -4.233362675533541 
7.87  	 -3.949494378145316 
7.88  	 -3.617892278436898 
7.890000000000001  	 -3.242529548253291 
7.9  	 -2.827908902238428 
7.91  	 -2.379008509681301 
7.92  	 -1.901222147254963 
7.930000000000001  	 -1.400294312903934 
7.94  	 -0.8822510822205057 
7.95  	 -0.3533275403190452 
7.96  	 0.1801073361572244 
7.97  	 0.711627441185949 
7.98  	 1.234827019811616 
7.99  	 1.743397932051986 
8  	 2.231205767738922 
8.01  	 2.692363893337904 
8.02  	 3.121304536460553 
8.029999999999999  	 3.512846049259564 
8.040000000000001  	 3.862255537749905 
8.050000000000001  	 4.165306099783119 
8.06  	 4.418327979243358 
8.07  	 4.618253017253649 
8.08  	 4.762651861897041 
8.09  	 4.849763485196915 
8.1  	 4.878516648812166 
8.109999999999999  	 4.848543056968114 
8.120000000000001  	 4.760182035391959 
8.130000000000001  	 4.614476677242771 
8.140000000000001  	 4.41316149998663 
8.15  	 4.158641759624666 
8.16  	 3.853964669398295 
8.17  	 3.502782867855415 
8.18  	 3.109310574782791 
8.19  	 2.678272961862032 
8.199999999999999  	 2.214849346921598 
8.210000000000001  	 1.724610895343476 
8.220000000000001  	 1.213453578637313 
8.23  	 0.6875271976127474 
8.24  	 0.1531613252671622 
8.25  	 -0.3832109381164944 
8.26  	 -0.9151304785525602 
8.27  	 -1.436190015978501 
8.279999999999999  	 -1.94011134703377 
8.290000000000001  	 -2.420821051179232 
8.300000000000001  	 -2.872523746668952 
8.31  	 -3.289772012238334 
8.32  	 -3.667532130400545 
8.33  	 -4.001244858466014 
8.34  	 -4.286880493213242 
8.35  	 -4.520987563823248 
8.359999999999999  	 -4.700734564417268 
8.370000000000001  	 -4.823944221383437 
8.380000000000001  	 -4.889119880632295 
8.390000000000001  	 -4.89546369489866 
8.4  	 -4.842886390063108 
8.41  	 -4.732008491007818 
8.42  	 -4.564152990523571 
8.43  	 -4.341329548004578 
8.44  	 -4.0662104068597 
8.449999999999999  	 -3.742098319499071 
8.460000000000001  	 -3.372886865217686 
8.470000000000001  	 -2.963013638127491 
8.48  	 -2.517406868377847 
8.49  	 -2.041426119211059 
8.5  	 -1.540797773966912 
8.51  	 -1.021546090112787 
8.52  	 -0.4899206509728846 
8.529999999999999  	 0.04767891058685991 
8.540000000000001  	 0.5847800092198789 
8.550000000000001  	 1.114915095507759 
8.56  	 1.631699595428174 
8.57  	 2.128908861046138 
8.58  	 2.600553204384456 
8.59  	 3.040950109419112 
8.6  	 3.444792751057615 
8.609999999999999  	 3.807213994384928 
8.620000000000001  	 4.123845101868069 
8.630000000000001  	 4.390868439941294 
8.640000000000001  	 4.60506354868118 
8.65  	 4.76384601825356 
8.66  	 4.86529870250814 
8.67  	 4.908194892466162 
8.68  	 4.892013169378004 
8.69  	 4.81694375735163 
8.700000000000001  	 4.683886298059425 
8.710000000000001  	 4.494439073483188 
8.720000000000001  	 4.250879805806904 
8.73  	 3.956138265169482 
8.74  	 3.613761014818933 
8.75  	 3.227868718072495 
8.76  	 2.803106521239088 
8.77  	 2.344588110217654 
8.779999999999999  	 1.857834114838558 
8.790000000000001  	 1.348705603243511 
8.800000000000001  	 0.8233334678782044 
8.81  	 0.2880445542852559 
8.82  	 -0.2507145767665206 
8.83  	 -0.7864553346724662 
8.84  	 -1.312725295236539 
8.85  	 -1.823185964881583 
8.859999999999999  	 -2.311689175088954 
8.870000000000001  	 -2.772351185796118 
8.880000000000001  	 -3.199623604061239 
8.890000000000001  	 -3.588360262667357 
8.9  	 -3.933879252023363 
8.91  	 -4.232019357137669 
8.92  	 -4.479190218889006 
8.93  	 -4.672415614483675 
8.94  	 -4.809369334957351 
8.950000000000001  	 -4.888403226851315 
8.960000000000001  	 -4.908567059690985 
8.970000000000001  	 -4.869619979478673 
8.98  	 -4.77203340989329 
8.99  	 -4.616985366042855 
9  	 -4.406346249196405 
9.01  	 -4.14265629368045 
9.02  	 -3.829094937821427 
9.029999999999999  	 -3.469442488234574 
9.040000000000001  	 -3.068034539725565 
9.050000000000001  	 -2.629709700462193 
9.06  	 -2.159751252834697 
9.07  	 -1.663823453580187 
9.08  	 -1.147903241416202 
9.09  	 -0.6182081758299914 
9.1  	 -0.08112147613511533 
9.109999999999999  	 0.4568849351135923 
9.120000000000001  	 0.9893284561838718 
9.130000000000001  	 1.509793956672523 
9.140000000000001  	 2.012011111898838 
9.15  	 2.489929988482113 
9.16  	 2.937793969506695 
9.17  	 3.350209139783251 
9.18  	 3.722209294431658 
9.19  	 4.049315786823697 
9.200000000000001  	 4.327591494195228 
9.210000000000001  	 4.553688250216221 
9.220000000000001  	 4.724887172636427 
9.23  	 4.839131399853082 
9.24  	 4.895050841840422 
9.25  	 4.891978647233323 
9.26  	 4.82995918830645 
9.27  	 4.709747467929386 
9.279999999999999  	 4.532799956072467 
9.290000000000001  	 4.301256966838241 
9.300000000000001  	 4.017916789051813 
9.31  	 3.68620188292811 
9.32  	 3.310117551044698 
9.33  	 2.894203582630176 
9.34  	 2.443479454934829 
9.35  	 1.963383753159378 
9.359999999999999  	 1.459708540141577 
9.370000000000001  	 0.9385294678978466 
9.380000000000001  	 0.406132474453302 
9.390000000000001  	 -0.131062049450809 
9.4  	 -0.6665767087045767 
9.41  	 -1.193955232729867 
9.42  	 -1.706840342276189 
9.43  	 -2.199050414675484 
9.44  	 -2.664654022677748 
9.450000000000001  	 -3.098041447708895 
9.460000000000001  	 -3.493992304962173 
9.470000000000001  	 -3.847738464712628 
9.48  	 -4.155021511063294 
9.49  	 -4.412144045305538 
9.5  	 -4.616014215407647 
9.51  	 -4.764182934937602 
9.52  	 -4.854873342990375 
9.529999999999999  	 -4.887002150361354 
9.540000000000001  	 -4.860192615154498 
9.550000000000001  	 -4.774778992054115 
9.56  	 -4.631802402402848 
9.57  	 -4.432998175773057 
9.58  	 -4.180774816644478 
9.59  	 -3.87818485086521 
9.6  	 -3.528887904555912 
9.609999999999999  	 -3.137106461835915 
9.620000000000001  	 -2.70757483607363 
9.630000000000001  	 -2.245481971226261 
9.640000000000001  	 -1.756408764247582 
9.65  	 -1.246260665609443 
9.66  	 -0.7211963719058602 
9.67  	 -0.1875534716012091 
9.68  	 0.3482280583215247 
9.69  	 0.879683581202638 
9.700000000000001  	 1.400401816726079 
9.710000000000001  	 1.9041022024334 
9.720000000000001  	 2.384710667041757 
9.73  	 2.836432901142972 
9.74  	 3.25382424116501 
9.75  	 3.631855323452557 
9.76  	 3.965972716474301 
9.77  	 4.252153799872467 
9.779999999999999  	 4.486955228601603 
9.790000000000001  	 4.66755439791814 
9.800000000000001  	 4.791783409543398 
9.81  	 4.858155129908892 
9.82  	 4.865881026909562 
9.83  	 4.814880570884433 
9.84  	 4.705782087415642 
9.85  	 4.539915052755644 
9.859999999999999  	 4.319293926012125 
9.870000000000001  	 4.046593714393088 
9.880000000000001  	 3.725117567607086 
9.890000000000001  	 3.358756793720769 
9.9  	 2.951943780236365 
9.91  	 2.509598389761331 
9.92  	 2.037068478367943 
9.93  	 1.540065255631892 
9.94  	 1.024594267540693 
9.950000000000001  	 0.496882836224404 
9.960000000000001  	 -0.03669516685341112 
9.970000000000001  	 -0.5696963055120438 
9.98  	 -1.095685391427889 
9.99  	 -1.608313184931661 
10  	 -2.101393045758053 
10.01  	 -2.568975608272825 
10.02  	 -3.00542057967334 
10.03  	 -3.405464794514493 
10.04  	 -3.764285704230894 
10.05  	 -4.077559535559603 
10.06  	 -4.34151341624766 
10.07  	 -4.552970839375432 
10.08  	 -4.709389918158454 
10.09  	 -4.808893970233668 
10.1  	 -4.850294063137329 
10.11  	 -4.8331032498214 
10.12  	 -4.757542323458895 
10.13  	 -4.624537023243537 
10.14  	 -4.435706726157345 
10.15  	 -4.193344762513888 
10.16  	 -3.900390594242908 
10.17  	 -3.560394193141888 
10.18  	 -3.177473050495453 
10.19  	 -2.756262338416839 
10.2  	 -2.301858825923217 
10.21  	 -1.819759228120373 
10.22  	 -1.315793734032582 
10.23  	 -0.7960555167598805 
10.24  	 -0.266827078075925 
10.25  	 0.2654956822889586 
10.26  	 0.7944807550626272 
10.27  	 1.313737733643364 
10.28  	 1.816995011209701 
10.29  	 2.298175530172235 
10.3  	 2.751470169021793 
10.31  	 3.171407880290071 
10.32  	 3.552921732704967 
10.33  	 3.891410060216689 
10.34  	 4.182791979791897 
10.35  	 4.423556608005346 
10.36  	 4.610805382677441 
10.37  	 4.742286979190204 
10.38  	 4.81642440065508 
10.39  	 4.832333915721283 
10.4  	 4.789835616359292 
10.41  	 4.6894554692395 
10.42  	 4.53241883712682 
10.43  	 4.320635549785911 
10.44  	 4.056676705993194 
10.45  	 3.743743488147246 
10.46  	 3.385628367451742 
10.47  	 2.986669169549279 
10.48  	 2.551696556700136 
10.49  	 2.085975562086035 
10.5  	 1.59514188361549 
10.51  	 1.085133707847514 
10.52  	 0.5621198885709712 
10.53  	 0.03242534852716283 
10.54  	 -0.4975453937869848 
10.55  	 -1.021385647751401 
10.56  	 -1.532763988835928 
10.57  	 -2.02550077547866 
10.58  	 -2.493642819964847 
10.59  	 -2.931535311065903 
10.6  	 -3.333890119523846 
10.61  	 -3.695849661290011 
10.62  	 -4.013045547217336 
10.63  	 -4.281651311012009 
10.64  	 -4.498428578908952 
10.65  	 -4.660766123879817 
10.66  	 -4.76671133325199 
10.67  	 -4.814993710371764 
10.68  	 -4.80504012727473 
10.69  	 -4.736981645066917 
10.7  	 -4.611651820665375 
10.71  	 -4.430576521464407 
10.72  	 -4.195955372139512 
10.73  	 -3.910635058934586 
10.74  	 -3.578074815176989 
10.75  	 -3.202304506240374 
10.76  	 -2.787875821585452 
10.77  	 -2.339807164773593 
10.78  	 -1.863522908461729 
10.79  	 -1.364787749429955 
10.8  	 -0.8496369578438387 
10.81  	 -0.3243033644976298 
10.82  	 0.2048580308757094 
10.83  	 0.7314469184809992 
10.84  	 1.249095075140974 
10.85  	 1.751543362997548 
10.86  	 2.232717399365085 
10.87  	 2.686800983032458 
10.88  	 3.108306389532701 
10.89  	 3.492140685847136 
10.9  	 3.833667263225209 
10.91  	 4.128761844698325 
10.92  	 4.373862290744677 
10.93  	 4.566011601613488 
10.94  	 4.702893597132908 
10.95  	 4.782860843410515 
10.96  	 4.804954489617355 
10.97  	 4.76891577589165 
10.98  	 4.675189074123357 
10.99  	 4.524916425767869 
11  	 4.319923643648243 
11.01  	 4.06269814669754 
11.02  	 3.756358796533138 
11.03  	 3.404618101435189 
11.04  	 3.011737245553159 
11.05  	 2.582474487872632 
11.06  	 2.122027555591479 
11.07  	 1.635970729111998 
11.08  	 1.130187379977058 
11.09  	 0.6107987779891287 
11.1  	 0.08409002878813832 
11.11  	 -0.4435659622163436 
11.12  	 -0.9657855798788114 
11.13  	 -1.476251710975323 
11.14  	 -1.968790143754625 
11.15  	 -2.437444231554833 
11.16  	 -2.876546917729248 
11.17  	 -3.280789251110552 
11.18  	 -3.645284563754695 
11.19  	 -3.965627535229503 
11.2  	 -4.237947429612656 
11.21  	 -4.458954861889946 
11.22  	 -4.625981528744537 
11.23  	 -4.737012423853646 
11.24  	 -4.790710148731331 
11.25  	 -4.78643102577471 
11.26  	 -4.724232819329768 
11.27  	 -4.604873972092575 
11.28  	 -4.429804366774794 
11.29  	 -4.201147725448071 
11.3  	 -3.921675860100904 
11.31  	 -3.59477508647148 
11.32  	 -3.224405207969254 
11.33  	 -2.815051566321585 
11.34  	 -2.3716707393934 
11.35  	 -1.899630543414849 
11.36  	 -1.40464506568597 
11.37  	 -0.892705513876734 
11.38  	 -0.370007718579924 
11.39  	 0.1571228338074944 
11.4  	 0.6823075309896386 
11.41  	 1.199191801738334 
11.42  	 1.701521986551445 
11.43  	 2.183220982276666 
11.44  	 2.63846174586108 
11.45  	 3.061737768335709 
11.46  	 3.447929666841397 
11.47  	 3.792367089503023 
11.48  	 4.090885184694624 
11.49  	 4.339874952021698 
11.5  	 4.536326866382875 
11.51  	 4.677867247865577 
11.52  	 4.762786937994524 
11.53  	 4.790061935926436 
11.54  	 4.759365745443182 
11.55  	 4.671073283862592 
11.56  	 4.526256306048564 
11.57  	 4.326670399325544 
11.58  	 4.074733707046037 
11.59  	 3.77349763859061 
11.6  	 3.426609920488351 
11.61  	 3.038270435960213 
11.62  	 2.613180387388165 
11.63  	 2.156485396945509 
11.64  	 1.673713233911839 
11.65  	 1.170706922154144 
11.66  	 0.6535540370981793 
11.67  	 0.1285130475665301 
11.68  	 -0.3980624064347313 
11.69  	 -0.9198003839716695 
11.7  	 -1.430387731623286 
11.71  	 -1.923646457648716 
11.72  	 -2.393608468097727 
11.73  	 -2.8345877609291 
11.74  	 -3.241249204980751 
11.75  	 -3.608673071973666 
11.76  	 -3.93241454112865 
11.77  	 -4.208557456808561 
11.78  	 -4.433761689133123 
11.79  	 -4.605303524907447 
11.8  	 -4.721108600522713 
11.81  	 -4.77977697870827 
11.82  	 -4.78060006604737 
11.83  	 -4.723569166864451 
11.84  	 -4.609375570256651 
11.85  	 -4.439402169452493 
11.86  	 -4.215706715098058 
11.87  	 -3.940996905256551 
11.88  	 -3.618597613637743 
11.89  	 -3.252410652654938 
11.9  	 -2.846867558189407 
11.91  	 -2.406875967333867 
11.92  	 -1.93776023786693 
11.93  	 -1.44519702784294 
11.94  	 -0.9351466146240636 
11.95  	 -0.4137807841972283 
11.96  	 0.1125918369153004 
11.97  	 0.6376021039276203 
11.98  	 1.154897407029225 
11.99  	 1.658218523551614 
12  	 2.141475339470494 
12.01  	 2.598820524342055 
12.02  	 3.024720268539268 
12.03  	 3.414021227198853 
12.04  	 3.762012861181466 
12.05  	 4.064484421031628 
12.06  	 4.317775884726276 
12.07  	 4.518822233137954 
12.08  	 4.665190527725626 
12.09  	 4.755109342028599 
12.1  	 4.787490191023747 
12.11  	 4.761940699194811 
12.12  	 4.678769348084357 
12.13  	 4.53898174594559 
12.14  	 4.34426846465087 
12.15  	 4.096984591006466 
12.16  	 3.800121239835351 
12.17  	 3.457269373409667 
12.18  	 3.072576364866363 
12.19  	 2.650695830997973 
12.2  	 2.196731341214329 
12.21  	 1.716174683535877 
12.22  	 1.21483943430936 
12.23  	 0.6987906351360127 
12.24  	 0.1742714275842094 
12.25  	 -0.352372466946731 
12.26  	 -0.8747695087818974 
12.27  	 -1.386599414499752 
12.28  	 -1.881669612201831 
12.29  	 -2.353990152777399 
12.3  	 -2.797846171088125 
12.31  	 -3.207867020626721 
12.32  	 -3.579091245432038 
12.33  	 -3.907026603384806 
12.34  	 -4.187704414854313 
12.35  	 -4.417727579293057 
12.36  	 -4.594311678953906 
12.37  	 -4.715318672506418 
12.38  	 -4.77928277094491 
12.39  	 -4.785428182726582 
12.4  	 -4.733678513410482 
12.41  	 -4.624657705998002 
12.42  	 -4.459682510482391 
12.43  	 -4.240746573561409 
12.44  	 -3.970496340814637 
12.45  	 -3.652199062669596 
12.46  	 -3.289703290981304 
12.47  	 -2.887392343873092 
12.48  	 -2.450131301534239 
12.49  	 -1.983208173913733 
12.5  	 -1.492269951742816 
12.51  	 -0.9832543142096478 
12.52  	 -0.4623178191486763 
12.53  	 0.06423855584010929 
12.54  	 0.5900456208757771 
12.55  	 1.108743008256567 
12.56  	 1.614056102250329 
12.57  	 2.099871933819533 
12.58  	 2.560313122385979 
12.59  	 2.989808970341548 
12.6  	 3.383162850427582 
12.61  	 3.735615070920835 
12.62  	 4.042900458236423 
12.63  	 4.301299960426973 
12.64  	 4.507685647349906 
12.65  	 4.659558563117478 
12.66  	 4.755078972871426 
12.67  	 4.793088637890781 
12.68  	 4.773124849435662 
12.69  	 4.695426051386066 
12.7  	 4.560928983447725 
12.71  	 4.371257379237236 
12.72  	 4.128702355685871 
12.73  	 3.836194730680736 
12.74  	 3.49726960347846 
12.75  	 3.116023625999543 
12.76  	 2.69706548150977 
12.77  	 2.245460169349239 
12.78  	 1.766667769286424 
12.79  	 1.266477425847963 
12.8  	 0.7509373507972339 
12.81  	 0.2262816901066068 
12.82  	 -0.3011448602928127 
12.83  	 -0.8249637784533488 
12.84  	 -1.338839852289033 
12.85  	 -1.836557794627165 
12.86  	 -2.312097410942093 
12.87  	 -2.759706410755242 
12.88  	 -3.173969982152622 
12.89  	 -3.549876287986529 
12.9  	 -3.882877091619021 
12.91  	 -4.168942778935347 
12.92  	 -4.40461111109413 
12.93  	 -4.58702911826888 
12.94  	 -4.713987627556248 
12.95  	 -4.783948007277624 
12.96  	 -4.796060804005968 
12.97  	 -4.750176046670996 
12.98  	 -4.646845092848245 
12.99  	 -4.487313994602808 
13  	 -4.273508463800112 
13.01  	 -4.008010618374374 
13.02  	 -3.694027790431888 
13.03  	 -3.335353773059432 
13.04  	 -2.9363229741471 
13.05  	 -2.501758031313999 
13.06  	 -2.036911521107242 
13.07  	 -1.547402467073248 
13.08  	 -1.039148414211498 
13.09  	 -0.518293890954026 
13.1  	 0.00886387647999709 
13.11  	 0.5359510992545435 
13.12  	 1.056594490119163 
13.13  	 1.56449832488696 
13.14  	 2.053520569433031 
13.15  	 2.517747151725421 
13.16  	 2.951563480797472 
13.17  	 3.349722347826513 
13.18  	 3.707407388197263 
13.19  	 4.020291337070949 
13.2  	 4.284588373904614 
13.21  	 4.497099922808932 
13.22  	 4.655253354733453 
13.23  	 4.757133123269483 
13.24  	 4.801503957325529 
13.25  	 4.787825829952777 
13.26  	 4.716260522017553 
13.27  	 4.587669701032331 
13.28  	 4.403604538038 
13.29  	 4.166286987737719 
13.3  	 3.878582957879801 
13.31  	 3.543967691954939 
13.32  	 3.166483783426184 
13.33  	 2.750692328809747 
13.34  	 2.301617809893814 
13.35  	 1.824687371217706 
13.36  	 1.325665226717949 
13.37  	 0.8105829883613952 
13.38  	 0.2856667589159247 
13.39  	 -0.2427381298401322 
13.4  	 -0.7682438236715777 
13.41  	 -1.284497169905694 
13.42  	 -1.785256525331344 
13.43  	 -2.264467219389415 
13.44  	 -2.716334760290203 
13.45  	 -3.135394898947849 
13.46  	 -3.516579703577804 
13.47  	 -3.855278846001954 
13.48  	 -4.147395358565088 
13.49  	 -4.389395187386605 
13.5  	 -4.578349942645231 
13.51  	 -4.71197232881583 
13.52  	 -4.788643826252426 
13.53  	 -4.807434289170893 
13.54  	 -4.768113222796183 
13.55  	 -4.671152603021533 
13.56  	 -4.517721204164725 
13.57  	 -4.309670503063428 
13.58  	 -4.04951232958682 
13.59  	 -3.740388533423036 
13.6  	 -3.386033033525103 
13.61  	 -2.990726708695093 
13.62  	 -2.55924567434361 
13.63  	 -2.096803570433059 
13.64  	 -1.608988558031331 
13.65  	 -1.101695785892061 
13.66  	 -0.5810561432645592 
13.67  	 -0.05336216005844274 
13.68  	 0.4750080499985392 
13.69  	 0.9976678838833702 
13.7  	 1.5082994495802 
13.71  	 2.000729938951043 
13.72  	 2.469006249934323 
13.73  	 2.907466955962521 
13.74  	 3.310810752527504 
13.75  	 3.674160553378148 
13.76  	 3.993122461395409 
13.77  	 4.263838901119977 
13.78  	 4.4830352704587 
13.79  	 4.648059547415456 
13.8  	 4.756914372833562 
13.81  	 4.808281221071102 
13.82  	 4.801536366158676 
13.83  	 4.736758450155143 
13.84  	 4.614727561922337 
13.85  	 4.436915837157537 
13.86  	 4.205469693012205 
13.87  	 3.923183911748327 
13.88  	 3.59346788641715 
13.89  	 3.22030443629805 
13.9  	 2.808201689662258 
13.91  	 2.362138615241311 
13.92  	 1.887504860569883 
13.93  	 1.390035624208979 
13.94  	 0.8757423489057655 
13.95  	 0.3508400732846657 
13.96  	 -0.1783276799204613 
13.97  	 -0.7053655712799898 
13.98  	 -1.223903741084166 
13.99  	 -1.727674800486362 
14  	 -2.210589586762006 
14.01  	 -2.66681076698249 
14.02  	 -3.090823400383535 
14.03  	 -3.477501606442789 
14.04  	 -3.822170532728067 
14.05  	 -4.120662873367258 
14.06  	 -4.369369254837166 
14.07  	 -4.565281879875924 
14.08  	 -4.706030901796292 
14.09  	 -4.789913089330796 
14.1  	 -4.815912435312198 
14.11  	 -4.783712459858414 
14.12  	 -4.693700059112667 
14.13  	 -4.5469608527743 
14.14  	 -4.345266086408026 
14.15  	 -4.09105124659756 
14.16  	 -3.787386647179732 
14.17  	 -3.437940341846318 
14.18  	 -3.046933811160072 
14.19  	 -2.619090959377238 
14.2  	 -2.159581037345424 
14.21  	 -1.673956181175466 
14.22  	 -1.168084321480876 
14.23  	 -0.6480782739519338 
14.24  	 -0.1202218682064591 
14.25  	 0.4091059923223674 
14.26  	 0.9335084216723474 
14.27  	 1.446647862088166 
14.28  	 1.942322679807687 
14.29  	 2.414542120118811 
14.3  	 2.857598715716231 
14.31  	 3.266137273147304 
14.32  	 3.635219603475252 
14.33  	 3.960384214706498 
14.34  	 4.237700244405987 
14.35  	 4.463814980524013 
14.36  	 4.635994395939489 
14.37  	 4.752156206651237 
14.38  	 4.810895053900555 
14.39  	 4.811499505692991 
14.4  	 4.753960672054523 
14.41  	 4.638972329712473 
14.42  	 4.467922554509102 
14.43  	 4.24287696249609 
14.44  	 3.966553762080028 
14.45  	 3.642290918567 
14.46  	 3.274005827791877 
14.47  	 2.866147986062663 
14.48  	 2.423645228307733 
14.49  	 1.951844184060725 
14.5  	 1.456445670814344 
14.51  	 0.9434358054755435 
14.52  	 0.4190136664205246 
14.53  	 -0.1104836196470209 
14.54  	 -0.6386574606912857 
14.55  	 -1.159125126652256 
14.56  	 -1.665596886513237 
14.57  	 -2.151952022858384 
14.58  	 -2.612312805201733 
14.59  	 -3.041115528024404 
14.6  	 -3.433177754918216 
14.61  	 -3.78376095607327 
14.62  	 -4.088627782010462 
14.63  	 -4.344093281274504 
14.64  	 -4.547069442985868 
14.65  	 -4.695102525816417 
14.66  	 -4.786402722128844 
14.67  	 -4.819865798650455 
14.68  	 -4.795086452018191 
14.69  	 -4.712363217661842 
14.7  	 -4.572694872576212 
14.71  	 -4.377768375336676 
14.72  	 -4.12993848899354 
14.73  	 -3.832199333002797 
14.74  	 -3.488148207899185 
14.75  	 -3.101942129812896 
14.76  	 -2.678247600045023 
14.77  	 -2.222184216683771 
14.78  	 -1.739262809675332 
14.79  	 -1.235318846960365 
14.8  	 -0.7164419164491614 
14.81  	 -0.1889021360446963 
14.82  	 0.3409256189404059 
14.83  	 0.8666387552385179 
14.84  	 1.381884336897695 
14.85  	 1.880435861244413 
14.86  	 2.356268507647876 
14.87  	 2.803631949643585 
14.88  	 3.217119850413765 
14.89  	 3.59173520169823 
14.9  	 3.922950716437015 
14.91  	 4.206763545218694 
14.92  	 4.439743655203279 
14.93  	 4.619075286777171 
14.94  	 4.742590986853983 
14.95  	 4.808797807448315 
14.96  	 4.81689535283541 
14.97  	 4.766785457123729 
14.98  	 4.65907337521912 
14.99  	 4.495060472726158 
15  	 4.276728503074349 
15.01  	 4.006715661832912 
15.02  	 3.688284707558515 
15.03  	 3.325283534404752 
15.04  	 2.922098672951221 
15.05  	 2.483602281181303 
15.06  	 2.015093266217953 
15.07  	 1.522233248365128 
15.08  	 1.010978141341364 
15.09  	 0.487506175578083 
15.1  	 -0.04185676555209483 
15.11  	 -0.5707135942319999 
15.12  	 -1.092673327502402 
15.13  	 -1.60142832304348 
15.14  	 -2.090830507992998 
15.15  	 -2.554965679525066 
15.16  	 -2.988224979214173 
15.17  	 -3.385372677363062 
15.18  	 -3.741609448067184 
15.19  	 -4.052630370284053 
15.2  	 -4.314676953914151 
15.21  	 -4.524582562110873 
15.22  	 -4.679810680847507 
15.23  	 -4.778485573214938 
15.24  	 -4.819414947959854 
15.25  	 -4.802104368287256 
15.26  	 -4.726763226776738 
15.27  	 -4.594302214192614 
15.28  	 -4.406322312771725 
15.29  	 -4.165095447007038 
15.3  	 -3.87353702577198 
15.31  	 -3.535170707631182 
15.32  	 -3.154085815173458 
15.33  	 -2.73488791304645 
15.34  	 -2.282643146995619 
15.35  	 -1.802817016614507 
15.36  	 -1.301208321787166 
15.37  	 -0.783879081134073 
15.38  	 -0.257081269454949 
15.39  	 0.2728187403929513 
15.4  	 0.7994171179988393 
15.41  	 1.316349968395579 
15.42  	 1.817370242192927 
15.43  	 2.296423233326482 
15.44  	 2.747719751973112 
15.45  	 3.165806088282784 
15.46  	 3.545629921364194 
15.47  	 3.882601376968712 
15.48  	 4.172648495951504 
15.49  	 4.412266443141652 
15.5  	 4.598559861908151 
15.51  	 4.729277862551458 
15.52  	 4.802841221679488 
15.53  	 4.818361463866629 
15.54  	 4.775651595006505 
15.55  	 4.675228357668308 
15.56  	 4.518305981232683 
15.57  	 4.306781502378321 
15.58  	 4.043211833371777 
15.59  	 3.730782855349609 
15.6  	 3.373270910167879 
15.61  	 2.974997156264805 
15.62  	 2.540775340227109 
15.63  	 2.075853615327484 
15.64  	 1.585851110247245 
15.65  	 1.076690014645644 
15.66  	 0.5545240024182337 
15.67  	 0.02566385774650604 
15.68  	 -0.5034987971552521 
15.69  	 -1.026568750750813 
15.7  	 -1.537224493708238 
15.71  	 -2.029294619086238 
15.72  	 -2.496832407803119 
15.73  	 -2.934187697948663 
15.74  	 -3.336075169332308 
15.75  	 -3.697638217992161 
15.76  	 -4.014507648695006 
15.77  	 -4.282854476093188 
15.78  	 -4.499436196413027 
15.79  	 -4.661635970470495 
15.8  	 -4.767494244489442 
15.81  	 -4.815732426599912 
15.82  	 -4.805768332914556 
15.83  	 -4.737723216558932 
15.84  	 -4.612420294764522 
15.85  	 -4.431374791891696 
15.86  	 -4.196775618791851 
15.87  	 -3.911458910003999 
15.88  	 -3.578873738689476 
15.89  	 -3.203040423749698 
15.9  	 -2.788501933103443 
15.91  	 -2.340268970539817 
15.92  	 -1.863759409902292 
15.93  	 -1.364732808675571 
15.94  	 -0.849220792514631 
15.95  	 -0.323454152155465 
15.96  	 0.2062124661231411 
15.97  	 0.7333773662384384 
15.98  	 1.251669175917686 
15.99  	 1.754823853005222 
16  	 2.236760393727302 
16.01  	 2.691654327875544 
16.02  	 3.114008112625684 
16.03  	 3.49871757420049 
16.04  	 3.841133594360759 
16.05  	 4.137118296189033 
16.06  	 4.38309505012194 
16.07  	 4.576091695885418 
16.08  	 4.713776457989403 
16.09  	 4.794486120753839 
16.1  	 4.817246122398384 
16.11  	 4.781782325403326 
16.12  	 4.68852432095815 
16.13  	 4.538600227640898 
16.14  	 4.333823047279296 
16.15  	 4.076668742990568 
16.16  	 3.770246304448006 
16.17  	 3.418260162268882 
16.18  	 3.024965405890164 
16.19  	 2.595116346277484 
16.2  	 2.133909045248205 
16.21  	 1.646918506108598 
16.22  	 1.140031284827018 
16.23  	 0.6193743363096954 
16.24  	 0.09124095584430192 
16.25  	 -0.4379852891207622 
16.26  	 -0.9619077174109895 
16.27  	 -1.47419385015493 
16.28  	 -1.968651949892262 
16.29  	 -2.439305857644424 
16.3  	 -2.880467223412522 
16.31  	 -3.286804257081278 
16.32  	 -3.653406168773896 
16.33  	 -3.97584251981217 
16.34  	 -4.250216766959268 
16.35  	 -4.473213352815466 
16.36  	 -4.642137773251348 
16.37  	 -4.75494913765549 
16.38  	 -4.810284828518329 
16.39  	 -4.807476962373876 
16.4  	 -4.746560453221725 
16.41  	 -4.628272581055748 
16.42  	 -4.454044070805773 
16.43  	 -4.225981789613593 
16.44  	 -3.946843271674244 
16.45  	 -3.620003378653255 
16.46  	 -3.249413498746562 
16.47  	 -2.839553777632831 
16.48  	 -2.395378958788448 
16.49  	 -1.922258487874895 
16.5  	 -1.425911605233703 
16.51  	 -0.9123382110971671 
16.52  	 -0.3877463392118525 
16.53  	 0.1415228844409476 
16.54  	 0.6690718907538161 
16.55  	 1.188523997931146 
16.56  	 1.693600488530239 
16.57  	 2.178196501451221 
16.58  	 2.636454821554556 
16.59  	 3.062836675005876 
16.6  	 3.452188674649312 
16.61  	 3.799805106254853 
16.62  	 4.10148480280971 
16.63  	 4.35358191944744 
16.64  	 4.553049995340759 
16.65  	 4.697478770033212 
16.66  	 4.785123309270345 
16.67  	 4.814925088353835 
16.68  	 4.786524778258669 
16.69  	 4.700266580048548 
16.7  	 4.55719405528608 
16.71  	 4.359037502927098 
16.72  	 4.108193035369894 
16.73  	 3.807693606665545 
16.74  	 3.461172343171616 
16.75  	 3.072818619972935 
16.76  	 2.647327414074943 
16.77  	 2.189842546637649 
16.78  	 1.705894500379357 
16.79  	 1.201333563845979 
16.8  	 0.6822591107219266 
16.81  	 0.1549458690691325 
16.82  	 -0.3742319282424201 
16.83  	 -0.8988775950461311 
16.84  	 -1.412649313945365 
16.85  	 -1.909336794286529 
16.86  	 -2.382936339425831 
16.87  	 -2.827723415913284 
16.88  	 -3.238321847421769 
16.89  	 -3.60976879705599 
16.9  	 -3.937574752592492 
16.91  	 -4.217777789612162 
16.92  	 -4.446991456660379 
16.93  	 -4.62244570367115 
16.94  	 -4.742020358987962 
16.95  	 -4.804270750389249 
16.96  	 -4.808445160491464 
16.97  	 -4.754493905609658 
16.98  	 -4.643069928411318 
16.99  	 -4.475520897279652 
17  	 -4.253872907968 
17.01  	 -3.980805984636168 
17.02  	 -3.659621676485499 
17.03  	 -3.294203141754234 
17.04  	 -2.888968201642915 
17.05  	 -2.448815931714225 
17.06  	 -1.979067436424909 
17.07  	 -1.485401522755808 
17.08  	 -0.9737860505591306 
17.09  	 -0.4504057894952012 
17.1  	 0.07841234534791164 
17.11  	 0.60627577537925 
17.12  	 1.126803533447419 
17.13  	 1.633703397695234 
17.14  	 2.120847951934029 
17.15  	 2.582348653128658 
17.16  	 3.012627010681396 
17.17  	 3.40648201712241 
17.18  	 3.759153015134014 
17.19  	 4.066377241007735 
17.2  	 4.3244413489902 
17.21  	 4.530226293738163 
17.22  	 4.681245028394835 
17.23  	 4.775672562648636 
17.24  	 4.812368017491474 
17.25  	 4.790888410140511 
17.26  	 4.711494002555304 
17.27  	 4.575145148963028 
17.28  	 4.383490680565391 
17.29  	 4.138847967899472 
17.3  	 3.844174901924863 
17.31  	 3.503034132594652 
17.32  	 3.119549997257624 
17.33  	 2.698358659601904 
17.34  	 2.244552061918307 
17.35  	 1.763616368242668 
17.36  	 1.261365642526711 
17.37  	 0.7438715635814922 
17.38  	 0.2173900264400391 
17.39  	 -0.3117144825823582 
17.4  	 -0.8370458229458183 
17.41  	 -1.352253519021869 
17.42  	 -1.851109526655539 
17.43  	 -2.327583519186801 
17.44  	 -2.775915782867414 
17.45  	 -3.190686840512923 
17.46  	 -3.566882961784561 
17.47  	 -3.899956768224042 
17.48  	 -4.185882200464484 
17.49  	 -4.421203183196043 
17.5  	 -4.60307539965151 
17.51  	 -4.729300670673884 
17.52  	 -4.798353522828146 
17.53  	 -4.809399624442197 
17.54  	 -4.762305866765787 
17.55  	 -4.657641968433141 
17.56  	 -4.496673583883657 
17.57  	 -4.281346999097225 
17.58  	 -4.014265599694564 
17.59  	 -3.698658395909604 
17.6  	 -3.33834098495766 
17.61  	 -2.937669422739771 
17.62  	 -2.501487562534756 
17.63  	 -2.035068497300294 
17.64  	 -1.544050813478234 
17.65  	 -1.034370426915573 
17.66  	 -0.5121888249133634 
17.67  	 0.01618141814457252 
17.68  	 0.5443529511776953 
17.69  	 1.065940860334974 
17.7  	 1.5746398530688 
17.71  	 2.064300479329166 
17.72  	 2.529003468494499 
17.73  	 2.963131283437071 
17.74  	 3.361436026764962 
17.75  	 3.719102878382137 
17.76  	 4.031808297530472 
17.77  	 4.29577228576913 
17.78  	 4.507804079142829 
17.79  	 4.665340717222902 
17.8  	 4.766478022813815 
17.81  	 4.809993617861748 
17.82  	 4.79536169737213 
17.83  	 4.722759382775735 
17.84  	 4.593064577973893 
17.85  	 4.407845354011839 
17.86  	 4.169340990733748 
17.87  	 3.880434904625593 
17.88  	 3.544619790133456 
17.89  	 3.165955395869823 
17.9  	 2.749019446150787 
17.91  	 2.298852301166887 
17.92  	 1.820896024777774 
17.93  	 1.320928596521261 
17.94  	 0.8049940631233862 
17.95  	 0.279329473878265 
17.96  	 -0.2497105168582699 
17.97  	 -0.7757304686192078 
17.98  	 -1.292371466598678 
17.99  	 -1.793387991668911 
18  	 -2.272723419407301 
18.01  	 -2.724583235474517 
18.02  	 -3.143505082292522 
18.03  	 -3.5244247902779 
18.04  	 -3.862737595428074 
18.05  	 -4.154353803248951 
18.06  	 -4.395748226148761 
18.07  	 -4.584002796692903 
18.08  	 -4.716841841608459 
18.09  	 -4.792659590147559 
18.1  	 -4.810539584293375 
18.11  	 -4.770265756186551 
18.12  	 -4.672325038879843 
18.13  	 -4.517901478877006 
18.14  	 -4.308861921641443 
18.15  	 -4.047733443128755 
18.16  	 -3.737672800174022 
18.17  	 -3.382428269042907 
18.18  	 -2.986294333469617 
18.19  	 -2.554059769941885 
18.2  	 -2.090949757808551 
18.21  	 -1.602562714014506 
18.22  	 -1.094802616037132 
18.23  	 -0.5738076311376202 
18.24  	 -0.04587591468987096 
18.25  	 0.4826105254301462 
18.26  	 1.005262978034747 
18.27  	 1.515763258783308 
18.28  	 2.007940087720413 
18.29  	 2.475843690912102 
18.3  	 2.913817724367546 
18.31  	 3.31656765080345 
18.32  	 3.679224742688509 
18.33  	 3.997404937876869 
18.34  	 4.267261836363861 
18.35  	 4.485533197521789 
18.36  	 4.649580375742372 
18.37  	 4.757420217775699 
18.38  	 4.807749036181278 
18.39  	 4.799958369093575 
18.4  	 4.734142335794235 
18.41  	 4.611096499175959 
18.42  	 4.432308248850431 
18.43  	 4.199938821153886 
18.44  	 3.916797173399803 
18.45  	 3.586306028196521 
18.46  	 3.212460498298374 
18.47  	 2.799779792147642 
18.48  	 2.35325258390746 
18.49  	 1.878276708371298 
18.5  	 1.380593909737427 
18.51  	 0.8662204330271118 
18.52  	 0.3413742971807916 
18.53  	 -0.1875998710204226 
18.54  	 -0.7143075335750764 
18.55  	 -1.232381541288682 
18.56  	 -1.735559102778838 
18.57  	 -2.21775749203013 
18.58  	 -2.673147579319243 
18.59  	 -3.096224296642093 
18.6  	 -3.481873185830985 
18.61  	 -3.825432224903003 
18.62  	 -4.122748185258451 
18.63  	 -4.370226838460415 
18.64  	 -4.564876405674058 
18.65  	 -4.704343724528478 
18.66  	 -4.78694269619744 
18.67  	 -4.81167466881374 
18.68  	 -4.778240510807518 
18.69  	 -4.687044228213085 
18.7  	 -4.539188082207397 
18.71  	 -4.336459265890813 
18.72  	 -4.081308301354793 
18.73  	 -3.77681941816877 
18.74  	 -3.42667327134925 
18.75  	 -3.035102449476922 
18.76  	 -2.606840310782486 
18.77  	 -2.14706376567566 
18.78  	 -1.661330697369487 
18.79  	 -1.155512777068757 
18.8  	 -0.6357244858640253 
18.81  	 -0.1082492013278198 
18.82  	 0.4205367577065926 
18.83  	 0.9442412100204501 
18.84  	 1.456533382791059 
18.85  	 1.951220440210913 
18.86  	 2.422322344845707 
18.87  	 2.864144146785444 
18.88  	 3.271344826734937 
18.89  	 3.639001860845332 
18.9  	 3.962670726803565 
18.91  	 4.238438631846496 
18.92  	 4.462971813211886 
18.93  	 4.633555839234981 
18.94  	 4.748128423908119 
18.95  	 4.805304358218574 
18.96  	 4.80439225687318 
18.97  	 4.745402917954721 
18.98  	 4.629049194439292 
18.99  	 4.456737379109643 
19  	 4.230550206987215 
19.01  	 3.953221680734569 
19.02  	 3.628104023325582 
19.03  	 3.259127157448382 
19.04  	 2.850751201444627 
19.05  	 2.4079125560071 
19.06  	 1.935964233334444 
19.07  	 1.440611150041345 
19.08  	 0.9278411660026743 
19.09  	 0.4038527027355534 
19.1  	 -0.1250201837280666 
19.11  	 -0.6523843697533613 
19.12  	 -1.171864945250383 
19.13  	 -1.677182274873149 
19.14  	 -2.162227907742368 
19.15  	 -2.621138418081314 
19.16  	 -3.048366284163751 
19.17  	 -3.438746948772056 
19.18  	 -3.787561250520192 
19.19  	 -4.090592471351844 
19.2  	 -4.344177310602586 
19.21  	 -4.545250169429762 
19.22  	 -4.691380210277225 
19.23  	 -4.780800743377002 
19.24  	 -4.812430585040345 
19.25  	 -4.785887129535579 
19.26  	 -4.701490976516375 
19.27  	 -4.560262058040894 
19.28  	 -4.363907311975817 
19.29  	 -4.114800050767137 
19.3  	 -3.815951274947135 
19.31  	 -3.470973278119956 
19.32  	 -3.084035983350256 
19.33  	 -2.659816538743596 
19.34  	 -2.2034427814919 
19.35  	 -1.720431253777019 
19.36  	 -1.216620519784573 
19.37  	 -0.6981005898824995 
19.38  	 -0.1711393050774269 
19.39  	 0.3578934283915345 
19.4  	 0.8826026384722184 
19.41  	 1.396645589963542 
19.42  	 1.893808455987927 
19.43  	 2.368081431463042 
19.44  	 2.813731380594713 
19.45  	 3.225371140219337 
19.46  	 3.598024641246033 
19.47  	 3.92718706099746 
19.48  	 4.208879279312767 
19.49  	 4.439695980130367 
19.5  	 4.61684681708003 
19.51  	 4.738190145454447 
19.52  	 4.802258912786691 
19.53  	 4.808278395045678 
19.54  	 4.756175564030857 
19.55  	 4.646579972708826 
19.56  	 4.480816147765101 
19.57  	 4.260887581304863 
19.58  	 3.989452515185968 
19.59  	 3.669791810678385 
19.6  	 3.305769291817317 
19.61  	 2.901785041795898 
19.62  	 2.462722216928069 
19.63  	 1.99388802107289 
19.64  	 1.500949554001418 
19.65  	 0.9898653091525221 
19.66  	 0.4668131488161031 
19.67  	 -0.06188437263510937 
19.68  	 -0.5898364347850399 
19.69  	 -1.11066120265746 
19.7  	 -1.618062969835029 
19.71  	 -2.10590826071373 
19.72  	 -2.568299971971733 
19.73  	 -2.999648657031106 
19.74  	 -3.394740091823736 
19.75  	 -3.748798305121823 
19.76  	 -4.057543311515134 
19.77  	 -4.317242849149097 
19.78  	 -4.524757496805922 
19.79  	 -4.677578624939072 
19.8  	 -4.773858721892515 
19.81  	 -4.812433728702862 
19.82  	 -4.792837112480992 
19.83  	 -4.715305508232138 
19.84  	 -4.580775860892742 
19.85  	 -4.390874102106556 
19.86  	 -4.147895498589583 
19.87  	 -3.85477690960664 
19.88  	 -3.515061288884483 
19.89  	 -3.132854860035589 
19.9  	 -2.712777483129333 
19.91  	 -2.259906812353157 
19.92  	 -1.779716919760202 
19.93  	 -1.278012126994786 
19.94  	 -0.7608568448142288 
19.95  	 -0.2345022684846652 
19.96  	 0.2946891848636342 
19.97  	 0.8203207835389018 
19.98  	 1.336038803609617 
19.99  	 1.835609331587552 
20  	 2.31299361909328 
20.01  	 2.762421078626447 
20.02  	 3.17845903807478 
20.03  	 3.556078410773476 
20.04  	 3.89071448729664 
20.05  	 4.178322114128226 
20.06  	 4.415424592208436 
20.07  	 4.599155704263058 
20.08  	 4.727294362879664 
20.09  	 4.798291460492518 
20.1  	 4.811288596698812 
20.11  	 4.766128456513337 
20.12  	 4.66335671409001 
20.13  	 4.504215438876807 
20.14  	 4.290628083887521 
20.15  	 4.025176237527523 
20.16  	 3.711068419971689 
20.17  	 3.352101301256964 
20.18  	 2.952613809857687 
20.19  	 2.517434686451176 
20.2  	 2.051824116815377 
20.21  	 1.561410149372061 
20.22  	 1.052120665932564 
20.23  	 0.5301117279567602 
20.24  	 0.001693164449658946 
20.25  	 -0.5267476990355578 
20.26  	 -1.048823248347459 
20.27  	 -1.558222792370979 
20.28  	 -2.04878884503187 
20.29  	 -2.514591555591352 
20.3  	 -2.950000387532347 
20.31  	 -3.349752179595152 
20.32  	 -3.709014766250315 
20.33  	 -4.023445388571158 
20.34  	 -4.289243189439182 
20.35  	 -4.503195158521252 
20.36  	 -4.662714971633637 
20.37  	 -4.765874254997761 
20.38  	 -4.811425896457467 
20.39  	 -4.798819121861214 
20.4  	 -4.728206154352491 
20.41  	 -4.600440376055116 
20.42  	 -4.417066014356593 
20.43  	 -4.18029947744124 
20.44  	 -3.893002564666654 
20.45  	 -3.558647875592153 
20.46  	 -3.18127683576912 
20.47  	 -2.765450846650384 
20.48  	 -2.316196150090614 
20.49  	 -1.838943073886931 
20.5  	 -1.33946039273069 
20.51  	 -0.8237855979861647 
20.52  	 -0.2981519191662408 
20.53  	 0.2310870207586391 
20.54  	 0.7575340054790792 
20.55  	 1.274825552559177 
20.56  	 1.776708833036246 
20.57  	 2.257117253626717 
20.58  	 2.71024378792158 
20.59  	 3.13061117016278 
20.6  	 3.513138103114688 
20.61  	 3.853200679723826 
20.62  	 4.146688276113053 
20.63  	 4.390053240284036 
20.64  	 4.580353775896441 
20.65  	 4.715289502747122 
20.66  	 4.793229264093693 
20.67  	 4.813230844683916 
20.68  	 4.775052361132787 
20.69  	 4.679155186950966 
20.7  	 4.526698376854447 
20.71  	 4.319524657739477 
20.72  	 4.060138155646231 
20.73  	 3.751674127927919 
20.74  	 3.397861066480831 
20.75  	 3.002975630107668 
20.76  	 2.57179095076623 
20.77  	 2.109518938550664 
20.78  	 1.621747282794812 
20.79  	 1.114371910799568 
20.8  	 0.593525720594097 
20.81  	 0.06550444917995812 
20.82  	 -0.4633094276662326 
20.83  	 -0.9865238441610648 
20.84  	 -1.497814409306979 
20.85  	 -1.991000853759198 
20.86  	 -2.460121734702528 
20.87  	 -2.899506495729113 
20.88  	 -3.30384401067908 
20.89  	 -3.668246782905703 
20.9  	 -3.988310023941567 
20.91  	 -4.260164897437486 
20.92  	 -4.480525284773384 
20.93  	 -4.646727507047539 
20.94  	 -4.756762523290989 
20.95  	 -4.809300215698215 
20.96  	 -4.80370546831444 
20.97  	 -4.740045844817424 
20.98  	 -4.619090772578913 
20.99  	 -4.442302242859915 
21  	 -4.211817139544282 
21.01  	 -3.930421410006467 
21.02  	 -3.601516390319102 
21.03  	 -3.229077691842106 
21.04  	 -2.817607146150761 
21.05  	 -2.372078389169234 
21.06  	 -1.897876742263534 
21.07  	 -1.400734116984961 
21.08  	 -0.8866597303080657 
21.09  	 -0.3618674678491278 
21.1  	 0.1672992269301049 
21.11  	 0.6944440296229755 
21.12  	 1.213195051041068 
21.13  	 1.717281858070414 
21.14  	 2.200611268220078 
21.15  	 2.657341001684998 
21.16  	 3.081950300641965 
21.17  	 3.469306662156048 
21.18  	 3.814727878051603 
21.19  	 4.114038631829258 
21.2  	 4.363620968502385 
21.21  	 4.560458027288211 
21.22  	 4.702170508524638 
21.23  	 4.78704543400978 
21.24  	 4.814056853115373 
21.25  	 4.782878244381839 
21.26  	 4.693886462684754 
21.27  	 4.548157184256621 
21.28  	 4.347451904618961 
21.29  	 4.094196646585063 
21.3  	 3.791452635699894 
21.31  	 3.442879297578405 
21.32  	 3.052690024414082 
21.33  	 2.625601245333415 
21.34  	 2.166775416213119 
21.35  	 1.681758618076521 
21.36  	 1.176413518355503 
21.37  	 0.6568485053567369 
21.38  	 0.1293438525281922 
21.39  	 -0.3997241949750175 
21.4  	 -0.9239604938116186 
21.41  	 -1.437028304425109 
21.42  	 -1.932725887066113 
21.43  	 -2.40506146600061 
21.44  	 -2.848325655763099 
21.45  	 -3.25716047399146 
21.46  	 -3.626624106640325 
21.47  	 -3.952250642713397 
21.48  	 -4.230104056461767 
21.49  	 -4.456825784529764 
21.5  	 -4.629675322951974 
21.51  	 -4.74656335327854 
21.52  	 -4.806076997411188 
21.53  	 -4.807496895877945 
21.54  	 -4.750805903109802 
21.55  	 -4.636689294613642 
21.56  	 -4.466526483536857 
21.57  	 -4.242374346750875 
21.58  	 -3.966942362002003 
21.59  	 -3.643559856663177 
21.6  	 -3.276135763972467 
21.61  	 -2.869111373211217 
21.62  	 -2.427406644961642 
21.63  	 -1.956360740366811 
21.64  	 -1.461667483255224 
21.65  	 -0.949306535241939 
21.66  	 -0.4254711157383489 
21.67  	 0.103506859433376 
21.68  	 0.6312333159221619 
21.69  	 1.151329310062318 
21.7  	 1.657508135174603 
21.71  	 2.143651312919478 
21.72  	 2.603882551145229 
21.73  	 3.032638774254058 
21.74  	 3.424737367495829 
21.75  	 3.775438822364108 
21.76  	 4.080504025859188 
21.77  	 4.336245501126151 
21.78  	 4.53957198008997 
21.79  	 4.68802576931036 
21.8  	 4.77981245739254 
21.81  	 4.813822604862824 
21.82  	 4.789645154331566 
21.83  	 4.707572398848413 
21.84  	 4.568596448396839 
21.85  	 4.374397237242653 
21.86  	 4.127322217102614 
21.87  	 3.830357981598473 
21.88  	 3.487094164993649 
21.89  	 3.101680051595772 
21.9  	 2.678774420319253 
21.91  	 2.223489230673233 
21.92  	 1.741327830882896 
21.93  	 1.238118435066655 
21.94  	 0.7199436735776965 
21.95  	 0.1930670680843457 
21.96  	 -0.3361426798636979 
21.97  	 -0.8612886716066966 
21.98  	 -1.376023134939985 
21.99  	 -1.874124153810054 
22  	 -2.349570876657634 
22.01  	 -2.796616294313869 
22.02  	 -3.209856707734517 
22.03  	 -3.584297045869705 
22.04  	 -3.915411244129452 
22.05  	 -4.199196953611495 
22.06  	 -4.432223919786332 
22.07  	 -4.611675445856378 
22.08  	 -4.735382439596747 
22.09  	 -4.801849632134116 
22.1  	 -4.810273651743497 
22.11  	 -4.760552734197098 
22.12  	 -4.653287952294376 
22.13  	 -4.489775949716061 
22.14  	 -4.271993267038209 
22.15  	 -4.002572449373699 
22.16  	 -3.684770224449864 
22.17  	 -3.322428135780956 
22.18  	 -2.919926106794577 
22.19  	 -2.482129497219574 
22.2  	 -2.014330291706141 
22.21  	 -1.52218313157653 
22.22  	 -1.011636962938999 
22.23  	 -0.4888631273854588 
22.24  	 0.03981923550627053 
22.25  	 0.5680195721509324 
22.26  	 1.089353162106506 
22.27  	 1.597518294655266 
22.28  	 2.086372441926977 
22.29  	 2.550006507806069 
22.3  	 2.982816255124543 
22.31  	 3.379570047751009 
22.32  	 3.735472088731259 
22.33  	 4.0462203900788 
22.34  	 4.308058773496541 
22.35  	 4.517822273463775 
22.36  	 4.67297539387332 
22.37  	 4.771642755788441 
22.38  	 4.812631765863421 
22.39  	 4.795447031424053 
22.4  	 4.72029634796852 
22.41  	 4.588088186719659 
22.42  	 4.400420712604657 
22.43  	 4.159562465416147 
22.44  	 3.868424937681902 
22.45  	 3.53052738072045 
22.46  	 3.149954264303501 
22.47  	 2.731305904146927 
22.48  	 2.279642854037276 
22.49  	 1.800424734771778 
22.5  	 1.299444239335765 
22.51  	 0.7827571120492544 
22.52  	 0.2566089480795338 
22.53  	 -0.2726403018493425 
22.54  	 -0.7985932089809453 
22.55  	 -1.314892197007989 
22.56  	 -1.815296390759699 
22.57  	 -2.293757054168161 
22.58  	 -2.744490705639872 
22.59  	 -3.162049027034293 
22.6  	 -3.541384721209881 
22.61  	 -3.877912522071382 
22.62  	 -4.167564619648052 
22.63  	 -4.406839830242736 
22.64  	 -4.592845917300235 
22.65  	 -4.72333455143619 
22.66  	 -4.796728487044143 
22.67  	 -4.812140626982808 
22.68  	 -4.769384744900691 
22.69  	 -4.668977735595899 
22.7  	 -4.512133366216027 
22.71  	 -4.300747603838934 
22.72  	 -4.037375696797743 
22.73  	 -3.725201286792158 
22.74  	 -3.367997925157828 
22.75  	 -2.97008345848208 
22.76  	 -2.536267834947583 
22.77  	 -2.071794962313799 
22.78  	 -1.582279320348144 
22.79  	 -1.073638093925107 
22.8  	 -0.5520196471563018 
22.81  	 -0.02372920314250671 
22.82  	 0.5048473722840058 
22.83  	 1.027320761540707 
22.84  	 1.537375427931852 
22.85  	 2.02884595637073 
22.86  	 2.495791579398442 
22.87  	 2.932567987646908 
22.88  	 3.33389555671947 
22.89  	 3.694923165780628 
22.9  	 4.011286836433429 
22.91  	 4.279162483074845 
22.92  	 4.495312137099055 
22.93  	 4.657123086205726 
22.94  	 4.762639455711446 
22.95  	 4.810585850122145 
22.96  	 4.800382769198505 
22.97  	 4.732153612174659 
22.98  	 4.606723185471219 
22.99  	 4.425607731947612 
23  	 4.190996602224588 
23.01  	 3.905725789636446 
23.02  	 3.573243648723131 
23.03  	 3.197569211655883 
23.04  	 2.78324360646433 
23.05  	 2.335275164316689 
23.06  	 1.859078879389597 
23.07  	 1.36041095312846 
23.08  	 0.8452992141175009 
23.09  	 0.3199702546329839 
23.1  	 -0.209225835359487 
23.11  	 -0.7358922269616403 
23.12  	 -1.253662676007749 
23.13  	 -1.756278476965099 
23.14  	 -2.237664116866648 
23.15  	 -2.692000714787237 
23.16  	 -3.113796359143168 
23.17  	 -3.497952492594068 
23.18  	 -3.839825542102307 
23.19  	 -4.135283049181343 
23.2  	 -4.380753621845464 
23.21  	 -4.573270104455926 
23.22  	 -4.71050544363953 
23.23  	 -4.790800816744568 
23.24  	 -4.813185682828132 
23.25  	 -4.777389513808007 
23.26  	 -4.68384506398097 
23.27  	 -4.533683138391989 
23.28  	 -4.328718923299216 
23.29  	 -4.071430043975168 
23.3  	 -3.764926615082997 
23.31  	 -3.412913645658616 
23.32  	 -3.019646253145401 
23.33  	 -2.589878227850653 
23.34  	 -2.128804569571589 
23.35  	 -1.641998691001447 
23.36  	 -1.13534504699287 
23.37  	 -0.6149680040467052 
23.38  	 -0.08715780984119781 
23.39  	 0.4417054423296142 
23.4  	 0.96522893510301 
23.41  	 1.477084402348147 
23.42  	 1.971084624130072 
23.43  	 2.441258216680263 
23.44  	 2.881921813326969 
23.45  	 3.28774876387671 
23.46  	 3.653833522023171 
23.47  	 3.97575094248245 
23.48  	 4.249609771084463 
23.49  	 4.472099681245095 
23.5  	 4.640531288254328 
23.51  	 4.752868657698718 
23.52  	 4.807753915066444 
23.53  	 4.804523659062879 
23.54  	 4.743216980240025 
23.55  	 4.624574988016824 
23.56  	 4.450031851812377 
23.57  	 4.221697464590115 
23.58  	 3.942331938377607 
23.59  	 3.615312240060402 
23.6  	 3.244591370754957 
23.61  	 2.834650582197538 
23.62  	 2.390445207753067 
23.63  	 1.917344762832881 
23.64  	 1.421068038780581 
23.65  	 0.9076139748027691 
23.66  	 0.3831891435554391 
23.67  	 -0.14586727307009 
23.68  	 -0.6731601110802045 
23.69  	 -1.192315528174038 
23.7  	 -1.697058049764718 
23.71  	 -2.181286425907286 
23.72  	 -2.639147382187795 
23.73  	 -3.065106373085905 
23.74  	 -3.454014482557307 
23.75  	 -3.801170663154444 
23.76  	 -4.102378561351295 
23.77  	 -4.353997242179389 
23.78  	 -4.552985200026622 
23.79  	 -4.696937123606418 
23.8  	 -4.784112970691432 
23.81  	 -4.813459001164417 
23.82  	 -4.784620514145582 
23.83  	 -4.6979461352356 
23.84  	 -4.554483602054328 
23.85  	 -4.355967099022496 
23.86  	 -4.104796294484927 
23.87  	 -3.804007333574677 
23.88  	 -3.457236137454812 
23.89  	 -3.068674452573986 
23.9  	 -2.643019181208149 
23.91  	 -2.185415605775506 
23.92  	 -1.701395193222521 
23.93  	 -1.196808731293806 
23.94  	 -0.6777556049259622 
23.95  	 -0.1505100676625849 
23.96  	 0.3785546006888107 
23.97  	 0.9030431333868244 
23.98  	 1.416615581833294 
23.99  	 1.913063951945678 
24  	 2.386387245456326 
24.01  	 2.83086399905158 
24.02  	 3.241121444509633 
24.03  	 3.612200453841143 
24.04  	 3.939615484387117 
24.05  	 4.219408799268488 
24.06  	 4.448198307780678 
24.07  	 4.623218447447718 
24.08  	 4.742353613561979 
24.09  	 4.804163732120478 
24.1  	 4.807901667038297 
24.11  	 4.753522251225586 
24.12  	 4.641682832364223 
24.13  	 4.473735326789024 
24.14  	 4.251709877527317 
24.15  	 3.978290314038049 
24.16  	 3.656781710291494 
24.17  	 3.29107043334446 
24.18  	 2.885577165339524 
24.19  	 2.445203466792943 
24.2  	 1.975272527107518 
24.21  	 1.481464818510571 
24.22  	 0.969749431223545 
24.23  	 0.4463119198742469 
24.24  	 -0.08252046666594837 
24.25  	 -0.6103552682089578 
24.26  	 -1.130812084426578 
24.27  	 -1.637599700234354 
24.28  	 -2.124592133102787 
24.29  	 -2.585902683047712 
24.3  	 -3.015955090195115 
24.31  	 -3.409550939779019 
24.32  	 -3.761932499791672 
24.33  	 -4.068840231714775 
24.34  	 -4.326564279151565 
24.35  	 -4.531989311973943 
24.36  	 -4.682632183916315 
24.37  	 -4.776671948417971 
24.38  	 -4.812971869888035 
24.39  	 -4.791093164325327 
24.4  	 -4.711300303199615 
24.41  	 -4.574557816482883 
24.42  	 -4.382518633476101 
24.43  	 -4.137504102366789 
24.44  	 -3.842475930038959 
24.45  	 -3.501000381323575 
24.46  	 -3.117205170444416 
24.47  	 -2.695729565749729 
24.48  	 -2.241668310856779 
24.49  	 -1.760510040082524 
24.5  	 -1.258070932585887 
24.51  	 -0.7404244072006249 
24.52  	 -0.2138277077973129 
24.53  	 0.3153537334003241 
24.54  	 0.8407232402598588 
24.55  	 1.355930214852527 
24.56  	 1.854746902575584 
24.57  	 2.331143672359543 
24.58  	 2.779361901984703 
24.59  	 3.193983587480473 
24.6  	 3.569996835179839 
24.61  	 3.902856444771154 
24.62  	 4.188538851028772 
24.63  	 4.423590760095426 
24.64  	 4.605170892408595 
24.65  	 4.731084327688907 
24.66  	 4.799809036833754 
24.67  	 4.810514280002786 
24.68  	 4.763070648502095 
24.69  	 4.658051629082454 
24.7  	 4.496726671742579 
24.71  	 4.281045844832776 
24.72  	 4.013616262945643 
24.73  	 3.697670572529804 
24.74  	 3.337027876167572 
24.75  	 2.936047567857766 
24.76  	 2.49957663733545 
24.77  	 2.03289108040568 
24.78  	 1.541632123513901 
24.79  	 1.03173803346031 
24.8  	 0.5093723365316399 
24.81  	 -0.01915068527386243 
24.82  	 -0.5474423203382972 
24.83  	 -1.069116653215041 
24.84  	 -1.577867756625481 
24.85  	 -2.067545916576755 
24.86  	 -2.532231969203183 
24.87  	 -2.966308850759181 
24.88  	 -3.364529495878406 
24.89  	 -3.722080263355438 
24.9  	 -4.03463912276879 
24.91  	 -4.29842789859419 
24.92  	 -4.510257940289089 
24.93  	 -4.667568666295089 
24.94  	 -4.768458516043983 
24.95  	 -4.811707935823768 
24.96  	 -4.796794120654493 
24.97  	 -4.723897333975712 
24.98  	 -4.593898728753425 
24.99  	 -4.408369696343764 
25  	 -4.169552871861877 
25.01  	 -3.880335025659198 
25.02  	 -3.544212168591728 
25.03  	 -3.165247292880462 
25.04  	 -2.748021259384784 
25.05  	 -2.297577424954865 
25.06  	 -1.819360679197917 
25.07  	 -1.319151627571432 
25.08  	 -0.8029967163869082 
25.09  	 -0.2771351443612199 
25.1  	 0.2520765558034387 
25.11  	 0.7782413541657673 
25.12  	 1.294999049827787 
25.13  	 1.79610315204609 
25.14  	 2.275496386845494 
25.15  	 2.727383916423345 
25.16  	 3.146303386279958 
25.17  	 3.527190953356557 
25.18  	 3.865442497042823 
25.19  	 4.156969273144796 
25.2  	 4.398247338076293 
25.21  	 4.586360145841472 
25.22  	 4.719033802902196 
25.23  	 4.794664554774094 
25.24  	 4.812338172096667 
25.25  	 4.771841001840603 
25.26  	 4.673662550065772 
25.27  	 4.518989565008598 
25.28  	 4.309691692020076 
25.29  	 4.048298873753694 
25.3  	 3.737970768784697 
25.31  	 3.382458558321839 
25.32  	 2.986059602684432 
25.33  	 2.553565495648277 
25.34  	 2.090204144569623 
25.35  	 1.601576576411788 
25.36  	 1.09358923355151 
25.37  	 0.5723825777610635 
25.38  	 0.04425686538833273 
25.39  	 -0.4844040090486199 
25.4  	 -1.007209680287271 
25.41  	 -1.517840557980137 
25.42  	 -2.010124216855788 
25.43  	 -2.478110007990039 
25.44  	 -2.916140989298764 
25.45  	 -3.318922305768385 
25.46  	 -3.681585192854945 
25.47  	 -3.99974582938886 
25.48  	 -4.269558328580637 
25.49  	 -4.487761226580292 
25.5  	 -4.651716906643588 
25.51  	 -4.759443482351201 
25.52  	 -4.809638754480519 
25.53  	 -4.801695951942027 
25.54  	 -4.735711066504888 
25.55  	 -4.61248169264922 
25.56  	 -4.433497386566924 
25.57  	 -4.200921660848111 
25.58  	 -3.917565832496436 
25.59  	 -3.586855040392237 
25.6  	 -3.212786842976835 
25.61  	 -2.799882896620228 
25.62  	 -2.353134298774183 
25.63  	 -1.877941256591545 
25.64  	 -1.380047810285711 
25.65  	 -0.8654724002815222 
25.66  	 -0.3404351174486852 
25.67  	 0.1887174841968491 
25.68  	 0.7155891034734531 
25.69  	 1.233811009367603 
25.7  	 1.737119025122992 
25.71  	 2.219429248515051 
25.72  	 2.67491159301759 
25.73  	 3.098060260908722 
25.74  	 3.483760296449257 
25.75  	 3.827349414649943 
25.76  	 4.124674358251605 
25.77  	 4.372141101684068 
25.78  	 4.566758295146219 
25.79  	 4.706173423661588 
25.8  	 4.788701244023866 
25.81  	 4.813344155890017 
25.82  	 4.779804260777257 
25.83  	 4.688486963195111 
25.84  	 4.540496070380891 
25.85  	 4.337620449870292 
25.86  	 4.082312406182031 
25.87  	 3.77765803799347 
25.88  	 3.427339934122352 
25.89  	 3.035592659237185 
25.9  	 2.60715156737508 
25.91  	 2.147195561998383 
25.92  	 1.661284494494535 
25.93  	 1.155291957833271 
25.94  	 0.635334287757961 
25.95  	 0.1076966297305574 
25.96  	 -0.4212430346814934 
25.97  	 -0.9450909836220347 
25.98  	 -1.45751504104712 
25.99  	 -1.95232111889025 
26  	 -2.42352809006445 
26.01  	 -2.865440087250085 
26.02  	 -3.272715353533747 
26.03  	 -3.640430812643944 
26.04  	 -3.964141578269876 
26.05  	 -4.239934683124853 
26.06  	 -4.464476378286363 
26.07  	 -4.635052431066016 
26.08  	 -4.749600934294856 
26.09  	 -4.806737230430059 
26.1  	 -4.805770649203546 
26.11  	 -4.74671285648921 
26.12  	 -4.630277713467572 
26.13  	 -4.45787264778837 
26.14  	 -4.231581641033151 
26.15  	 -3.954140038120318 
26.16  	 -3.628901483150053 
26.17  	 -3.259797381360641 
26.18  	 -2.851289377210637 
26.19  	 -2.408315423021337 
26.2  	 -1.936230090089972 
26.21  	 -1.440739843780236 
26.22  	 -0.9278340649712681 
26.23  	 -0.4037126516636087 
26.24  	 0.1252889241208534 
26.25  	 0.6527761982477727 
26.26  	 1.172373009481226 
26.27  	 1.677798573269655 
26.28  	 2.16294340265393 
26.29  	 2.621943158580191 
26.3  	 3.049249536928894 
26.31  	 3.439697335390946 
26.32  	 3.788566889498904 
26.33  	 4.09164112309785 
26.34  	 4.345256523639968 
26.35  	 4.546347426122347 
26.36  	 4.692483070371155 
26.37  	 4.7818969837297 
26.38  	 4.813508333976699 
26.39  	 4.786934994363479 
26.4  	 4.702498162840868 
26.41  	 4.561218479637968 
26.42  	 4.364803690121149 
26.43  	 4.115628002060579 
26.44  	 3.816703386828126 
26.45  	 3.47164317143049 
26.46  	 3.08461836146852 
26.47  	 2.660307222980733 
26.48  	 2.203838732614501 
26.49  	 1.720730579686855 
26.5  	 1.216822469552712 
26.51  	 0.6982055344952263 
26.52  	 0.1711487054046695 
26.53  	 -0.3579770657502603 
26.54  	 -0.8827758166754862 
26.55  	 -1.39690388783858 
26.56  	 -1.894146603344753 
26.57  	 -2.368493392698634 
26.58  	 -2.814210445394821 
26.59  	 -3.225910020102686 
26.6  	 -3.598615570649423 
26.61  	 -3.927821901570843 
26.62  	 -4.209549626080986 
26.63  	 -4.440393268182605 
26.64  	 -4.617562427468966 
26.65  	 -4.738915509024009 
26.66  	 -4.80298561069951 
26.67  	 -4.808998254847856 
26.68  	 -4.756880750171518 
26.69  	 -4.647263070523903 
26.7  	 -4.481470240037428 
26.71  	 -4.261506316624638 
26.72  	 -3.990030167455264 
26.73  	 -3.670323329229145 
26.74  	 -3.30625034174231 
26.75  	 -2.902212034224982 
26.76  	 -2.463092329115655 
26.77  	 -1.994199206295522 
26.78  	 -1.501200541394718 
26.79  	 -0.9900555937431299 
26.8  	 -0.466942972124874 
26.81  	 0.06181405092881698 
26.82  	 0.5898239735230603 
26.83  	 1.110704323536177 
26.84  	 1.618158808617398 
26.85  	 2.106053424472007 
26.86  	 2.568490601452426 
26.87  	 2.999880493186179 
26.88  	 3.395008545518043 
26.89  	 3.749098529006411 
26.9  	 4.0578702730494 
26.91  	 4.317591403761806 
26.92  	 4.525122460205343 
26.93  	 4.677954843615617 
26.94  	 4.774241140902605 
26.95  	 4.81281745587942 
26.96  	 4.793217478283221 
26.97  	 4.715678120523834 
26.98  	 4.581136654023327 
26.99  	 4.391219379760885 
27  	 4.148221969970233 
27.01  	 3.85508171861416 
27.02  	 3.51534203606585 
27.03  	 3.133109617177173 
27.04  	 2.713004800476697 
27.05  	 2.26010571854454 
27.06  	 1.779886914662108 
27.07  	 1.27815316772547 
27.08  	 0.7609693253326478 
27.09  	 0.2345869932075664 
27.1  	 -0.2946310328765315 
27.11  	 -0.8202876792231747 
27.12  	 -1.336028920690483 
27.13  	 -1.835620586814338 
27.14  	 -2.313023719160301 
27.15  	 -2.762467569000134 
27.16  	 -3.178519352931891 
27.17  	 -3.556149923251862 
27.18  	 -3.890794559268143 
27.19  	 -4.178408144722685 
27.2  	 -4.415514064348081 
27.21  	 -4.599246228507218 
27.22  	 -4.727383717930075 
27.23  	 -4.798377629768762 
27.24  	 -4.811369800460628 
27.25  	 -4.766203179080812 
27.26  	 -4.663423725792661 
27.27  	 -4.504273812447341 
27.28  	 -4.290677205104269 
27.29  	 -4.025215809999914 
27.3  	 -3.711098464054376 
27.31  	 -3.352122147169037 
27.32  	 -2.952626085172525 
27.33  	 -2.517439298208588 
27.34  	 -2.051822228589628 
27.35  	 -1.561403153705975 
27.36  	 -1.052110152618067 
27.37  	 -0.5300994487050095 
27.38  	 -0.001680994548441173 
27.39  	 0.5267578014339649 
27.4  	 1.048829284628901 
27.41  	 1.558222766847685 
27.42  	 2.048780808596296 
27.43  	 2.514573648910937 
27.44  	 2.949970883066664 
27.45  	 3.349709521733718 
27.46  	 3.708957608896502 
27.47  	 4.023372629534808 
27.48  	 4.289154001047222 
27.49  	 4.50308901391101 
27.5  	 4.662591666257141 
27.51  	 4.765733922935872 
27.52  	 4.81126902121956 
27.53  	 4.798646541427926 
27.54  	 4.728019060304887 
27.55  	 4.600240306722084 
27.56  	 4.416854842002258 
27.57  	 4.180079389604367 
27.58  	 3.892776039853041 
27.59  	 3.558417653607818 
27.6  	 3.181045883065226 
27.61  	 2.765222317129286 
27.62  	 2.31597334189493 
27.63  	 1.838729382759118 
27.64  	 1.339259262588349 
27.65  	 0.8236004694072093 
27.66  	 0.2979861765176103 
27.67  	 -0.231230102785732 
27.68  	 -0.7576513151454995 
27.69  	 -1.274914193376041 
27.7  	 -1.776766174298305 
27.71  	 -2.257140978408601 
27.72  	 -2.710231937789847 
27.73  	 -3.130562185892718 
27.74  	 -3.513050860747166 
27.75  	 -3.8530745213536 
27.76  	 -4.146523034865103 
27.77  	 -4.389849259007996 
27.78  	 -4.580111919189922 
27.79  	 -4.715011162005815 
27.8  	 -4.792916355378376 
27.81  	 -4.812885799290632 
27.82  	 -4.774678108851379 
27.83  	 -4.678755132097352 
27.84  	 -4.526276367262304 
27.85  	 -4.319084946995974 
27.86  	 -4.059685358952743 
27.87  	 -3.751213172058997 
27.88  	 -3.397397134401748 
27.89  	 -3.002514100891531 
27.9  	 -2.571337335524618 
27.91  	 -2.109078813156206 
27.92  	 -1.621326218228842 
27.93  	 -1.113975402002434 
27.94  	 -0.5931591147289975 
27.95  	 -0.06517287424284257 
27.96  	 0.4636011329485531 
27.97  	 0.9867711982051146 
27.98  	 1.498013352394704 
27.99  	 1.991147808710884 
28  	 2.460213662642914 
28.01  	 2.899540946140219 
28.02  	 3.303819164995483 
28.03  	 3.668161490980721 
28.04  	 3.988163832795086 
28.05  	 4.259958071787111 
28.06  	 4.480258818949057 
28.07  	 4.646403127994605 
28.08  	 4.756382684476566 
28.09  	 4.808868081849327 
28.1  	 4.803224891032252 
28.11  	 4.739521329228586 
28.12  	 4.618527435301072 
28.13  	 4.441705761672292 
28.14  	 4.211193695264472 
28.15  	 3.929777621179744 
28.16  	 3.600859241425278 
28.17  	 3.228414455815852 
28.18  	 2.816945302093217 
28.19  	 2.371425536200565 
28.2  	 1.897240510526655 
28.21  	 1.400122076859327 
28.22  	 0.8860793009282423 
28.23  	 0.3613258260454493 
28.24  	 -0.1677952361427374 
28.25  	 -0.6948879798872045 
28.26  	 -1.213581017728438 
28.27  	 -1.717604496513438 
28.28  	 -2.200865886083319 
28.29  	 -2.657523624513503 
28.3  	 -3.082057729697969 
28.31  	 -3.469336523739322 
28.32  	 -3.814678663594005 
28.33  	 -4.113909728159125 
28.34  	 -4.363412677787922 
28.35  	 -4.560171576289862 
28.36  	 -4.701808046912987 
28.37  	 -4.786610021636395 
28.38  	 -4.813552436257542 
28.39  	 -4.782309621116791 
28.4  	 -4.693259237682964 
28.41  	 -4.547477713415675 
28.42  	 -4.346727230087263 
28.43  	 -4.093434422847205 
28.44  	 -3.790661047510824 
28.45  	 -3.442066970640461 
28.46  	 -3.051865929787883 
28.47  	 -2.624774598659442 
28.48  	 -2.16595557289427 
28.49  	 -1.680954965632098 
28.5  	 -1.175635367203132 
28.51  	 -0.6561049793098123 
28.52  	 -0.1286437803123242 
28.53  	 0.4003723858829417 
28.54  	 0.9245488797337614 
28.55  	 1.437549563165735 
28.56  	 1.933173389517509 
28.57  	 2.40542936052383 
28.58  	 2.84860894427169 
28.59  	 3.257355078756067 
28.6  	 3.626726926934442 
28.61  	 3.952259600534279 
28.62  	 4.23001813068445 
28.63  	 4.456645032984777 
28.64  	 4.629400892057128 
28.65  	 4.746197475000543 
28.66  	 4.805622973482055 
28.67  	 4.806959069342329 
28.68  	 4.750189617430939 
28.69  	 4.636000840715439 
28.7  	 4.465773035306198 
28.71  	 4.241563885665519 
28.72  	 3.966083591683859 
28.73  	 3.642662108282548 
28.74  	 3.275208893544498 
28.75  	 2.868165651929905 
28.76  	 2.426452643807785 
28.77  	 1.955409210303338 
28.78  	 1.460729232385201 
28.79  	 0.9483923043504275 
28.8  	 0.4245914536686095 
28.81  	 -0.1043417191066794 
28.82  	 -0.6320135754651921 
28.83  	 -1.152045723964697 
28.84  	 -1.65815212094711 
28.85  	 -2.144215054968037 
28.86  	 -2.604359096455237 
28.87  	 -3.033022118707431 
28.88  	 -3.425022531745995 
28.89  	 -3.77562191631041 
28.9  	 -4.080582300890495 
28.91  	 -4.336217389442433 
28.92  	 -4.539437120558529 
28.93  	 -4.687785019468733 
28.94  	 -4.779467891370837 
28.95  	 -4.813377497162699 
28.96  	 -4.78910394956509 
28.97  	 -4.706940667705939 
28.98  	 -4.567880830276489 
28.99  	 -4.373605370133356 
29  	 -4.126462655465926 
29.01  	 -3.829440103139514 
29.02  	 -3.486128067347065 
29.03  	 -3.100676440076653 
29.04  	 -2.677744488000104 
29.05  	 -2.222444532144914 
29.06  	 -1.740280151138724 
29.07  	 -1.237079655013618 
29.08  	 -0.7189256337259665 
29.09  	 -0.1920814319955538 
29.1  	 0.3370845607782249 
29.11  	 0.8621758903545312 
29.12  	 1.376845356726461 
29.13  	 1.874871737815985 
29.14  	 2.35023499036761 
29.15  	 2.797189019027366 
29.16  	 3.210331133988999 
29.17  	 3.584667357617302 
29.18  	 3.915672790635234 
29.19  	 4.199346308180622 
29.2  	 4.432258924577587 
29.21  	 4.611595242199317 
29.22  	 4.735187483396857 
29.23  	 4.801541694123143 
29.24  	 4.809855802508463 
29.25  	 4.760029314099339 
29.26  	 4.652664526567146 
29.27  	 4.489059249203798 
29.28  	 4.271191115210304 
29.29  	 4.00169367640859 
29.3  	 3.683824569339535 
29.31  	 3.321426137549535 
29.32  	 2.918878986056132 
29.33  	 2.481049029417547 
29.34  	 2.013228673479006 
29.35  	 1.521072841779715 
29.36  	 1.010530619920932 
29.37  	 0.4877733441648852 
29.38  	 -0.0408799964844293 
29.39  	 -0.5690391429933586 
29.4  	 -1.090319810504331 
29.41  	 -1.598420860322336 
29.42  	 -2.087200466842328 
29.43  	 -2.550750358726721 
29.44  	 -2.983467236920266 
29.45  	 -3.380120506215493 
29.46  	 -3.735915501643024 
29.47  	 -4.046551445418757 
29.48  	 -4.308273433875978 
29.49  	 -4.51791782597483 
29.5  	 -4.672950484742084 
29.51  	 -4.771497409386519 
29.52  	 -4.812367387815283 
29.53  	 -4.795066395732457 
29.54  	 -4.719803568266736 
29.55  	 -4.587488671944818 
29.56  	 -4.399721107569176 
29.57  	 -4.158770576931726 
29.58  	 -3.867549647060805 
29.59  	 -3.529578543639838 
29.6  	 -3.148942599168443 
29.61  	 -2.73024287022456 
29.62  	 -2.278540520756945 
29.63  	 -1.799295643692138 
29.64  	 -1.298301260368761 
29.65  	 -0.7816132956012728 
29.66  	 -0.255477374821218 
29.67  	 0.2737466718420167 
29.68  	 0.7996616859608661 
29.69  	 1.315910508422614 
29.7  	 1.816252823534669 
29.71  	 2.294640590745488 
29.72  	 2.745291152177264 
29.73  	 3.16275713226083 
29.74  	 3.541992284539726 
29.75  	 3.878412489700262 
29.76  	 4.167951167495423 
29.77  	 4.40710843275432 
29.78  	 4.59299340128914 
29.79  	 4.723359134314315 
29.8  	 4.796629798976866 
29.81  	 4.811919716687028 
29.82  	 4.769044068996967 
29.83  	 4.668521131617363 
29.84  	 4.511566009567811 
29.85  	 4.300075949189728 
29.86  	 4.036607404567581 
29.87  	 3.724345135575478 
29.88  	 3.367063711086179 
29.89  	 2.969081882684665 
29.9  	 2.535210380408164 
29.91  	 2.070693761547917 
29.92  	 1.581147015433318 
29.93  	 1.072487690507673 
29.94  	 0.5508643641305783 
29.95  	 0.02258231975016312 
29.96  	 -0.5059726701546979 
29.97  	 -1.028411534065133 
29.98  	 -1.53841913128825 
29.99  	 -2.029830588158689 
30  	 -2.496705817838528 
30.01  	 -2.933401322934684 
30.02  	 -3.334638412997767 
30.03  	 -3.695567012302553 
30.04  	 -4.011824286614115 
30.05  	 -4.279587380270789 
30.06  	 -4.495619626108469 
30.07  	 -4.657309669649836 
30.08  	 -4.762703034633098 
30.09  	 -4.810525748322449 
30.1  	 -4.800199741022339 
30.11  	 -4.731849833649413 
30.12  	 -4.60630222889801 
30.13  	 -4.425074524237878 
30.14  	 -4.190357367465429 
30.15  	 -3.904987976552824 
30.16  	 -3.572415843882144 
30.17  	 -3.196661039425441 
30.18  	 -2.782265616893942 
30.19  	 -2.334238710249768 
30.2  	 -1.857995984243033 
30.21  	 -1.359294170884747 
30.22  	 -0.8441614831660971 
30.23  	 -0.3188247471697788 
30.24  	 0.2103658666135821 
30.25  	 0.7370136029305069 
30.26  	 1.25475244451544 
30.27  	 1.757324063284705 
30.28  	 2.238653469802452 
30.29  	 2.692922446582477 
30.3  	 3.114639877578376 
30.31  	 3.498708123732768 
30.32  	 3.840484642250865 
30.33  	 4.135838104756565 
30.34  	 4.381198335985735 
30.35  	 4.573599469367551 
30.36  	 4.710715797837628 
30.37  	 4.79088988652544 
30.38  	 4.813152607495351 
30.39  	 4.777234854365424 
30.4  	 4.683570795200016 
30.41  	 4.533292624356061 
30.42  	 4.328216876721831 
30.43  	 4.070822469779135 
30.44  	 3.764220738912515 
30.45  	 3.412117828172892 
30.46  	 3.018769891109067 
30.47  	 2.588931643190862 
30.48  	 2.127798887712443 
30.49  	 1.640945709911692 
30.5  	 1.134257098491145 
30.51  	 0.6138578089985962 
30.52  	 0.08603832895319341 
30.53  	 -0.4428211603636297 
30.54  	 -0.9663279063171536 
30.55  	 -1.478153859287437 
30.56  	 -1.972112164918793 
30.57  	 -2.442231949627094 
30.58  	 -2.882830495372117 
30.59  	 -3.288581931260222 
30.6  	 -3.654581611646534 
30.61  	 -3.976405402546585 
30.62  	 -4.250163159714743 
30.63  	 -4.472545751956768 
30.64  	 -4.640865061267841 
30.65  	 -4.75308647628214 
30.66  	 -4.807853486259501 
30.67  	 -4.804504078321866 
30.68  	 -4.743078739732904 
30.69  	 -4.624319968490944 
30.7  	 -4.449663298151074 
30.71  	 -4.221219945366744 
30.72  	 -3.941751289904086 
30.73  	 -3.614635495609688 
30.74  	 -3.243826675811179 
30.75  	 -2.833807096751474 
30.76  	 -2.389532996812366 
30.77  	 -1.916374676454311 
30.78  	 -1.420051583053702 
30.79  	 -0.9065631753196273 
30.8  	 -0.3821164029877713 
30.81  	 0.1469493215970692 
30.82  	 0.6742387530807687 
30.83  	 1.193378117598118 
30.84  	 1.698092157727656 
30.85  	 2.182279986598501 
30.86  	 2.640088834239385 
30.87  	 3.065984794738221 
30.88  	 3.454819719034187 
30.89  	 3.801893444755165 
30.9  	 4.103010610878242 
30.91  	 4.354531370448631 
30.92  	 4.553415388351467 
30.93  	 4.697258592299828 
30.94  	 4.784322232800236 
30.95  	 4.813553900824275 
30.96  	 4.784600249128842 
30.97  	 4.697811263452108 
30.98  	 4.554236031955831 
30.99  	 4.355610064052163 
31  	 4.104334311902496 
31.01  	 3.803446148172472 
31.02  	 3.456582650858369 
31.03  	 3.067936638990859 
31.04  	 2.642205990647977 
31.05  	 2.184536855911455 
31.06  	 1.700461451197149 
31.07  	 1.195831186889734 
31.08  	 0.6767459366218754 
31.09  	 0.1494803031771619 
31.1  	 -0.3795922276996463 
31.11  	 -0.9040763287709938 
31.12  	 -1.417632136791101 
31.13  	 -1.914051887552995 
31.14  	 -2.387334954148299 
31.15  	 -2.831760381391812 
31.16  	 -3.241956039628719 
31.17  	 -3.612963562006569 
31.18  	 -3.940298280262763 
31.19  	 -4.220003434535329 
31.2  	 -4.448698001919206 
31.21  	 -4.62361756562566 
31.22  	 -4.742647730726265 
31.23  	 -4.804349682558364 
31.24  	 -4.807977578846873 
31.25  	 -4.753487565309752 
31.26  	 -4.641538305768218 
31.27  	 -4.47348302035373 
31.28  	 -4.251353128052317 
31.29  	 -3.977833691311925 
31.3  	 -3.656230959533587 
31.31  	 -3.290432403774318 
31.32  	 -2.884859725754476 
31.33  	 -2.444415409187556 
31.34  	 -1.97442345950953 
31.35  	 -1.480565048334413 
31.36  	 -0.9688098405533266 
31.37  	 -0.4453438341818161 
31.38  	 0.08350541478671214 
31.39  	 0.6113452786538859 
31.4  	 1.131795330864399 
31.41  	 1.638564471369928 
