0.01  	 0.009436171121560588 
0.02  	 0.01769746508107528 
0.03  	 0.02473138479358822 
0.04  	 0.03050987375870967 
0.05  	 0.03502899326718062 
0.06  	 0.03830822575852011 
0.07000000000000001  	 0.04038942096897577 
0.08  	 0.04133540648179332 
0.09  	 0.04122828890864004 
0.1  	 0.04016747613142557 
0.11  	 0.03826745476340231 
0.12  	 0.03565536019966535 
0.13  	 0.03246837927974996 
0.14  	 0.02885102764648528 
0.15  	 0.02495234533137258 
0.16  	 0.02092305491180407 
0.17  	 0.01691272676229516 
0.18  	 0.01306699546223306 
0.19  	 0.009524870336668323 
0.2  	 0.006416181413115618 
0.21  	 0.003859199803058377 
0.22  	 0.001958468696499238 
0.23  	 0.0008028778333924458 
0.24  	 0.000464010535711934 
0.25  	 0.0009947882028510935 
0.26  	 0.002428432650859569 
0.27  	 0.004777761876978759 
0.28  	 0.008034829822851308 
0.29  	 0.01217091556313799 
0.3  	 0.01713686213320453 
0.31  	 0.02286376000290613 
0.32  	 0.02926396507589268 
0.33  	 0.03623243611664026 
0.34  	 0.04364837174973527 
0.35  	 0.05137712270388553 
0.36  	 0.05927235084871328 
0.37  	 0.06717840285292093 
0.38  	 0.07493286302951038 
0.39  	 0.08236924717285718 
0.4  	 0.0893197969720937 
0.41  	 0.09561833293668412 
0.42  	 0.1011031227166154 
0.43  	 0.105619721256648 
0.44  	 0.1090237393985728 
0.45  	 0.111183498336015 
0.46  	 0.1119825287233451 
0.47  	 0.1113218752256454 
0.48  	 0.1091221698445618 
0.49  	 0.1053254404315416 
0.5  	 0.09989662436462476 
0.51  	 0.09282476137007345 
0.52  	 0.08412384386212768 
0.53  	 0.07383330789415576 
0.54  	 0.06201815279893597 
0.55  	 0.04876868277753466 
0.5600000000000001  	 0.03419986900520916 
0.5700000000000001  	 0.0184503361869468 
0.58  	 0.001680982841737511 
0.59  	 -0.01592675014949685 
0.6  	 -0.03417294310419361 
0.61  	 -0.05284156871804169 
0.62  	 -0.07170314181526316 
0.63  	 -0.09051761442284587 
0.64  	 -0.1090374791472893 
0.65  	 -0.1270110405331428 
0.66  	 -0.1441858113064078 
0.67  	 -0.1603119881933592 
0.68  	 -0.1751459603898262 
0.6900000000000001  	 -0.1884538027629986 
0.7000000000000001  	 -0.200014705514792 
0.71  	 -0.2096242923317098 
0.72  	 -0.2170977799914508 
0.73  	 -0.2222729339831543 
0.74  	 -0.2250127769094304 
0.75  	 -0.225208009249358 
0.76  	 -0.2227791054393804 
0.77  	 -0.2176780521328806 
0.78  	 -0.2098896998814564 
0.79  	 -0.199432704287188 
0.8  	 -0.1863600378452955 
0.8100000000000001  	 -0.1707590591652988 
0.8200000000000001  	 -0.1527511319564322 
0.8300000000000001  	 -0.1324907920166886 
0.84  	 -0.1101644663989747 
0.85  	 -0.08598875486544327 
0.86  	 -0.06020828960462365 
0.87  	 -0.0330931948984326 
0.88  	 -0.004936173911956387 
0.89  	 0.02395074503510969 
0.9  	 0.0532397655399646 
0.91  	 0.08259114197419073 
0.92  	 0.1116572146837913 
0.93  	 0.1400866127512535 
0.9400000000000001  	 0.1675285727988921 
0.9500000000000001  	 0.1936373202095057 
0.96  	 0.2180764577064733 
0.97  	 0.2405233054946564 
0.98  	 0.2606731371309599 
0.99  	 0.2782432559755429 
1  	 0.2929768584682545 
1.01  	 0.3046466325682531 
1.02  	 0.3130580424666604 
1.03  	 0.3180522541029406 
1.04  	 0.3195086600471247 
1.05  	 0.3173469669057972 
1.06  	 0.3115288135162593 
1.07  	 0.302058893749781 
1.08  	 0.2889855636848207 
1.09  	 0.2724009191624248 
1.1  	 0.2524403362223492 
1.11  	 0.2292814735598915 
1.12  	 0.2031427428575421 
1.13  	 0.1742812595485002 
1.14  	 0.1429902931765571 
1.15  	 0.1095962429451159 
1.16  	 0.07445517021522879 
1.17  	 0.03794892553916629 
1.18  	 0.0004809132267187821 
1.19  	 -0.03752845863480744 
1.2  	 -0.07564659041417665 
1.21  	 -0.113433709369845 
1.22  	 -0.1504480351315948 
1.23  	 -0.1862510306857635 
1.24  	 -0.2204126756683996 
1.25  	 -0.2525166978866829 
1.26  	 -0.2821656988890703 
1.27  	 -0.3089861100958368 
1.28  	 -0.3326329174814862 
1.29  	 -0.3527940950563656 
1.3  	 -0.3691946904045709 
1.31  	 -0.3816005092673844 
1.32  	 -0.3898213505750674 
1.33  	 -0.3937137483756057 
1.34  	 -0.3931831827292422 
1.35  	 -0.3881857277673553 
1.36  	 -0.3787291116817457 
1.37  	 -0.3648731703380812 
1.38  	 -0.3467296834125997 
1.39  	 -0.3244615893478466 
1.4  	 -0.2982815829218203 
1.41  	 -0.2684501067343746 
1.42  	 -0.2352727553432404 
1.43  	 -0.199097118038259 
1.44  	 -0.1603090932364818 
1.45  	 -0.1193287141256652 
1.46  	 -0.07660553139587004 
1.47  	 -0.0326136045999175 
1.48  	 0.0121538411995738 
1.49  	 0.05719003237188347 
1.5  	 0.1019804723656464 
1.51  	 0.14600890817955 
1.52  	 0.1887633675743687 
1.53  	 0.2297421955767883 
1.54  	 0.2684600183114321 
1.55  	 0.304453562548592 
1.56  	 0.3372872605723193 
1.57  	 0.3665585720474395 
1.58  	 0.3919029574746127 
1.59  	 0.4129984415396424 
1.6  	 0.4295697091466672 
1.61  	 0.4413916821248747 
1.62  	 0.4482925304564684 
1.63  	 0.4501560783226772 
1.64  	 0.4469235722303566 
1.65  	 0.4385947858829351 
1.66  	 0.4252284442094995 
1.67  	 0.406941956973063 
1.68  	 0.3839104605486534 
1.69  	 0.3563651746962485 
1.7  	 0.3245910893540314 
1.71  	 0.2889240045451815 
1.72  	 0.2497469543286862 
1.73  	 0.2074860532361386 
1.74  	 0.1626058107301382 
1.75  	 0.1156039658085216 
1.76  	 0.0670058998804543 
1.77  	 0.01735869138049392 
1.78  	 -0.03277511980232115 
1.79  	 -0.08282398618035117 
1.8  	 -0.1322139499229842 
1.81  	 -0.180375306519086 
1.82  	 -0.2267492566527186 
1.83  	 -0.2707944678236378 
1.84  	 -0.311993467902541 
1.85  	 -0.349858794399436 
1.86  	 -0.3839388257270007 
1.87  	 -0.4138232241338928 
1.88  	 -0.439147924228901 
1.89  	 -0.4595996060688879 
1.9  	 -0.4749195975847714 
1.91  	 -0.4849071576044757 
1.92  	 -0.4894220978252707 
1.93  	 -0.488386709708345 
1.94  	 -0.481786970327034 
1.95  	 -0.4696730096026529 
1.96  	 -0.4521588300095689 
1.97  	 -0.4294212786219625 
1.98  	 -0.4016982802044818 
1.99  	 -0.3692863488126073 
2  	 -0.3325374039614585 
2.01  	 -0.2918549257408983 
2.02  	 -0.2476894912001175 
2.03  	 -0.2005337418002713 
2.04  	 -0.1509168386486801 
2.05  	 -0.09939846849787498 
2.06  	 -0.04656246904081845 
2.07  	 0.006989853209024371 
2.08  	 0.06064663525674154 
2.09  	 0.1137925199801058 
2.1  	 0.1658157862253803 
2.11  	 0.2161154632680211 
2.12  	 0.2641083461411946 
2.13  	 0.3092358292018644 
2.14  	 0.3509704771519603 
2.15  	 0.3888222555414099 
2.16  	 0.42234434652106 
2.17  	 0.4511384802447795 
2.18  	 0.4748597177897311 
2.19  	 0.4932206277091415 
2.2  	 0.5059948052817395 
2.21  	 0.5130196910956166 
2.22  	 0.5141986537140307 
2.23  	 0.5095023097217922 
2.24  	 0.4989690633434372 
2.25  	 0.4827048569538167 
2.26  	 0.4608821330605751 
2.27  	 0.4337380176168412 
2.28  	 0.4015717437113422 
2.29  	 0.3647413436730604 
2.3  	 0.3236596463112225 
2.31  	 0.2787896242853878 
2.32  	 0.2306391443652835 
2.33  	 0.1797551805028396 
2.34  	 0.1267175561128965 
2.35  	 0.07213228766608461 
2.36  	 0.0166246065679405 
2.37  	 -0.03916825972764278 
2.38  	 -0.09460446339366876 
2.39  	 -0.1490449826721765 
2.4  	 -0.2018610520263727 
2.41  	 -0.2524414889358654 
2.42  	 -0.3001998312849899 
2.43  	 -0.3445812013288914 
2.44  	 -0.3850688152519759 
2.45  	 -0.4211900613255929 
2.46  	 -0.4525220745804717 
2.47  	 -0.4786967416789836 
2.48  	 -0.4994050762357086 
2.49  	 -0.5144009121164884 
2.5  	 -0.5235038701610025 
2.51  	 -0.526601562229871 
2.52  	 -0.5236510053751514 
2.53  	 -0.5146792281685386 
2.54  	 -0.4997830606859569 
2.55  	 -0.4791281092290156 
2.56  	 -0.4529469264498796 
2.57  	 -0.4215363970230535 
2.58  	 -0.385254368263214 
2.59  	 -0.3445155640125847 
2.6  	 -0.2997868286083861 
2.61  	 -0.2515817556896163 
2.62  	 -0.2004547639176578 
2.63  	 -0.1469946882799159 
2.64  	 -0.09181796144020415 
2.65  	 -0.03556146452476383 
2.66  	 0.0211248692714865 
2.67  	 0.07758561185565038 
2.68  	 0.133167469778648 
2.69  	 0.1872268967788023 
2.7  	 0.2391376000476378 
2.71  	 0.288297852080766 
2.72  	 0.3341375221605101 
2.73  	 0.3761247447168516 
2.74  	 0.4137721459934329 
2.75  	 0.4466425555568498 
2.76  	 0.4743541351715182 
2.77  	 0.4965848643488515 
2.78  	 0.5130763293892177 
2.79  	 0.5236367708799611 
2.8  	 0.5281433532972402 
2.81  	 0.5265436294811319 
2.82  	 0.5188561822051925 
2.83  	 0.5051704347317946 
2.84  	 0.485645632019022 
2.85  	 0.4605090040080778 
2.86  	 0.4300531320566713 
2.87  	 0.394632548979412 
2.88  	 0.3546596121997306 
2.89  	 0.3105996981016927 
2.9  	 0.2629657736926803 
2.91  	 0.2123124090535978 
2.92  	 0.1592293006746678 
2.93  	 0.1043343815728099 
2.94  	 0.04826659899233507 
2.95  	 -0.008321555555212901 
2.96  	 -0.0647716762000534 
2.97  	 -0.120427142938718 
2.98  	 -0.1746408016764543 
2.99  	 -0.2267825337943085 
3  	 -0.2762466262184778 
3.01  	 -0.3224588552925471 
3.02  	 -0.3648832011013172 
3.03  	 -0.4030281132290738 
3.04  	 -0.4364522542043821 
3.05  	 -0.4647696530260041 
3.06  	 -0.4876542081076533 
3.07  	 -0.504843486641641 
3.08  	 -0.5161417756718938 
3.09  	 -0.5214223489880113 
3.1  	 -0.5206289231992317 
3.11  	 -0.5137762859112059 
3.12  	 -0.5009500886960951 
3.13  	 -0.4823058074020143 
3.14  	 -0.45806688217456 
3.15  	 -0.4285220592446148 
3.16  	 -0.3940219659580748 
3.17  	 -0.3549749595729475 
3.18  	 -0.3118422989199883 
3.19  	 -0.2651326960133369 
3.2  	 -0.2153963120121426 
3.21  	 -0.1632182684870144 
3.22  	 -0.1092117506574834 
3.23  	 -0.05401078407188328 
3.24  	 0.001737229958862841 
3.25  	 0.05737913203196685 
3.26  	 0.1122636855002844 
3.27  	 0.1657492298476484 
3.28  	 0.2172112162953766 
3.29  	 0.2660495367648069 
3.3  	 0.3116955597946838 
3.31  	 0.3536187905087441 
3.32  	 0.3913330762071262 
3.33  	 0.4244022845609702 
3.34  	 0.4524453876594795 
3.35  	 0.475140892217532 
3.36  	 0.4922305640160571 
3.37  	 0.503522403024526 
3.38  	 0.5088928345452368 
3.39  	 0.5082880910172614 
3.4  	 0.5017247687131545 
3.41  	 0.489289553339976 
3.42  	 0.4711381184015686 
3.43  	 0.4474932099744173 
3.44  	 0.4186419411785404 
3.45  	 0.3849323289731447 
3.46  	 0.3467691148636726 
3.47  	 0.3046089195654914 
3.48  	 0.2589547895301797 
3.49  	 0.2103502004093076 
3.5  	 0.1593725889233462 
3.51  	 0.1066264901439262 
3.52  	 0.05273636182072577 
3.53  	 -0.00166081896483302 
3.54  	 -0.05592309890101194 
3.55  	 -0.1094111417944655 
3.56  	 -0.1614957821326374 
3.57  	 -0.2115654493710554 
3.58  	 -0.2590333750639899 
3.59  	 -0.3033444976080351 
3.6  	 -0.3439819830301793 
3.61  	 -0.3804732848810832 
3.62  	 -0.4123956718350227 
3.63  	 -0.4393811579833302 
3.64  	 -0.4611207779622801 
3.65  	 -0.4773681568930311 
3.66  	 -0.4879423335370593 
3.67  	 -0.492729803984587 
3.68  	 -0.4916857624894752 
3.69  	 -0.4848345256308066 
3.7  	 -0.4722691357048882 
3.71  	 -0.4541501490156356 
3.72  	 -0.4307036244198578 
3.73  	 -0.4022183369815503 
3.74  	 -0.3690422507826898 
3.75  	 -0.3315782937179991 
3.76  	 -0.2902794853632352 
3.77  	 -0.2456434766526837 
3.78  	 -0.1982065670409631 
3.79  	 -0.1485372709748065 
3.8  	 -0.09722951078925449 
3.81  	 -0.04489551750768233 
3.82  	 0.007841475585810637 
3.83  	 0.06035465935854428 
3.84  	 0.1120211066512922 
3.85  	 0.1622291726613903 
3.86  	 0.2103857498239693 
3.87  	 0.2559232909641598 
3.88  	 0.2983065173554993 
3.89  	 0.3370387321744138 
3.9  	 0.3716676646399838 
3.91  	 0.4017907758145416 
3.92  	 0.4270599635450298 
3.93  	 0.4471856112692202 
3.94  	 0.4619399333073929 
3.95  	 0.4711595777143379 
3.96  	 0.474747456676513 
3.97  	 0.4726737836984755 
3.98  	 0.464976306319865 
3.99  	 0.4517597327257692 
4  	 0.433194360243926 
4.01  	 0.4095139232467989 
4.02  	 0.3810126872812695 
4.03  	 0.3480418252224464 
4.04  	 0.3110051197837971 
4.05  	 0.2703540447118901 
4.06  	 0.2265822843552033 
4.07  	 0.1802197579352633 
4.08  	 0.1318262206861486 
4.09  	 0.0819845189960309 
4.1  	 0.03129358072312102 
4.11  	 -0.01963877507889138 
4.12  	 -0.07020312274023391 
4.13  	 -0.1197957215582997 
4.14  	 -0.1678257271150138 
4.15  	 -0.2137222361350511 
4.16  	 -0.2569410807990778 
4.17  	 -0.2969712915386085 
4.18  	 -0.3333411514177692 
4.19  	 -0.3656237702027336 
4.2  	 -0.3934421120707136 
4.21  	 -0.4164734175462385 
4.22  	 -0.4344529675925564 
4.23  	 -0.4471771457417829 
4.24  	 -0.4545057626225161 
4.25  	 -0.4563636161361791 
4.26  	 -0.4527412697358678 
4.27  	 -0.4436950406635702 
4.28  	 -0.4293461994899651 
4.29  	 -0.4098793917618259 
4.3  	 -0.385540301881736 
4.31  	 -0.3566325884117002 
4.32  	 -0.3235141286976509 
4.33  	 -0.286592618951747 
4.34  	 -0.2463205836053093 
4.350000000000001  	 -0.2031898547654858 
4.36  	 -0.1577255888900228 
4.37  	 -0.1104798932615836 
4.38  	 -0.06202513943207539 
4.39  	 -0.01294704446294556 
4.4  	 0.03616239653225409 
4.41  	 0.08471204136359811 
4.42  	 0.1321187094320944 
4.43  	 0.177814182647025 
4.44  	 0.221252014563889 
4.45  	 0.2619140661343188 
4.46  	 0.2993166898585907 
4.47  	 0.3330164884671502 
4.48  	 0.3626155794768519 
4.49  	 0.3877663030063515 
4.5  	 0.4081753170200891 
4.51  	 0.4236070316187066 
4.52  	 0.4338863420156064 
4.53  	 0.4389006283371744 
4.54  	 0.4386009992553587 
4.55  	 0.4330027655984765 
4.56  	 0.4221851393791675 
4.57  	 0.4062901630150839 
4.58  	 0.3855208827858583 
4.59  	 0.3601387896575083 
4.600000000000001  	 0.3304605594034408 
4.61  	 0.2968541323540439 
4.62  	 0.2597341810133895 
4.63  	 0.2195570210976837 
4.64  	 0.1768150281874013 
4.65  	 0.1320306280651379 
4.66  	 0.08574993386343328 
4.67  	 0.03853610731136486 
4.68  	 -0.009037475403576078 
4.69  	 -0.0563941703890845 
4.7  	 -0.1029610413961306 
4.71  	 -0.1481757795038014 
4.72  	 -0.1914934836631929 
4.73  	 -0.2323932204091996 
4.74  	 -0.2703842838190712 
4.75  	 -0.3050120805162453 
4.76  	 -0.3358635691406341 
4.77  	 -0.3625721891762715 
4.78  	 -0.3848222202765101 
4.79  	 -0.4023525201799605 
4.8  	 -0.4149595968821732 
4.81  	 -0.4224999788268596 
4.82  	 -0.4248918554077483 
4.83  	 -0.4221159689246212 
4.84  	 -0.4142157482075033 
4.850000000000001  	 -0.4012966833015331 
4.86  	 -0.3835249497808703 
4.87  	 -0.3611253003220505 
4.88  	 -0.3343782500065043 
4.89  	 -0.3036165903314184 
4.9  	 -0.2692212749857754 
4.91  	 -0.2316167279967066 
4.92  	 -0.1912656317796513 
4.93  	 -0.1486632588512142 
4.94  	 -0.1043314164112862 
4.95  	 -0.05881207760594992 
4.96  	 -0.01266077699008885 
4.97  	 0.03356014952549367 
4.98  	 0.07928839816602272 
4.99  	 0.1239685213503238 
5  	 0.1670586596474359 
5.01  	 0.208037100172263 
5.02  	 0.2464085821518046 
5.03  	 0.2817102735419625 
5.04  	 0.313517346641746 
5.05  	 0.341448085586543 
5.06  	 0.3651684643447728 
5.07  	 0.3843961403222785 
5.08  	 0.3989038158172351 
5.09  	 0.4085219272781534 
5.100000000000001  	 0.4131406305050304 
5.11  	 0.4127110584991222 
5.12  	 0.4072458375063904 
5.13  	 0.3968188558059678 
5.14  	 0.3815642888589797 
5.15  	 0.3616748934448205 
5.16  	 0.3373995922625478 
5.17  	 0.3090403790572893 
5.18  	 0.2769485825418402 
5.19  	 0.2415205351227916 
5.2  	 0.2031926996151465 
5.21  	 0.1624363136531796 
5.22  	 0.119751617299657 
5.23  	 0.07566173435078445 
5.24  	 0.03070628197076648 
5.25  	 -0.01456521348223838 
5.26  	 -0.05960001429548369 
5.27  	 -0.1038489014555449 
5.28  	 -0.1467728551470145 
5.29  	 -0.1878496045992857 
5.3  	 -0.2265799678405953 
5.31  	 -0.2624939045366598 
5.32  	 -0.2951562086390773 
5.33  	 -0.3241717720025056 
5.34  	 -0.3491903553950763 
5.350000000000001  	 -0.3699108093592728 
5.36  	 -0.3860846941066053 
5.37  	 -0.3975192549672128 
5.38  	 -0.4040797177751144 
5.39  	 -0.4056908768561396 
5.4  	 -0.4023379568972625 
5.41  	 -0.394066738808885 
5.42  	 -0.3809829486380743 
5.43  	 -0.36325091754239 
5.44  	 -0.3410915296821049 
5.45  	 -0.314779483526086 
5.46  	 -0.2846399003887212 
5.47  	 -0.2510443219213679 
5.48  	 -0.2144061456760245 
5.49  	 -0.1751755546522163 
5.5  	 -0.1338340028479327 
5.51  	 -0.09088832418874977 
5.52  	 -0.0468645367408448 
5.53  	 -0.002301417769539984 
5.54  	 0.0422560720589797 
5.55  	 0.08626343525137686 
5.56  	 0.1291832739447823 
5.57  	 0.1704918355294964 
5.58  	 0.2096853878707333 
5.59  	 0.2462863466818066 
5.600000000000001  	 0.279849080659133 
5.61  	 0.3099653239489919 
5.62  	 0.3362691303291416 
5.63  	 0.3584413090954993 
5.64  	 0.3762132889776895 
5.65  	 0.3893703633891221 
5.66  	 0.3977542778630036 
5.67  	 0.4012651285431132 
5.68  	 0.3998625489897868 
5.69  	 0.3935661712253816 
5.7  	 0.382455355774124 
5.71  	 0.3666681943414586 
5.72  	 0.3463997976198457 
5.73  	 0.3218998893940315 
5.74  	 0.2934697365438378 
5.75  	 0.2614584526041138 
5.76  	 0.226258720142238 
5.77  	 0.1883019842609927 
5.78  	 0.1480531759437229 
5.79  	 0.1060050296516128 
5.8  	 0.06267206449104079 
5.81  	 0.01858430233288134 
5.82  	 -0.02571920056384186 
5.83  	 -0.06969692963225188 
5.84  	 -0.1128115157091396 
5.850000000000001  	 -0.1545362859975566 
5.86  	 -0.1943616825697655 
5.87  	 -0.2318014703376074 
5.88  	 -0.2663986590032875 
5.89  	 -0.2977310670062978 
5.9  	 -0.3254164598581809 
5.91  	 -0.3491172004534693 
5.92  	 -0.368544354898378 
5.93  	 -0.3834612040365153 
5.94  	 -0.393686118092245 
5.95  	 -0.3990947596089279 
5.96  	 -0.399621588037181 
5.97  	 -0.3952606478276379 
5.98  	 -0.3860656306005907 
5.99  	 -0.3721492107950649 
6  	 -0.3536816630352522 
6.01  	 -0.330888778185407 
6.02  	 -0.3040491035892897 
6.03  	 -0.2734905412035003 
6.04  	 -0.2395863451359337 
6.05  	 -0.2027505673963897 
6.06  	 -0.1634330073676394 
6.07  	 -0.1221137265306925 
6.08  	 -0.07929719525445765 
6.09  	 -0.03550614292383206 
6.100000000000001  	 0.008724813722975049 
6.11  	 0.05285568649074907 
6.12  	 0.09634769655651368 
6.13  	 0.1386698401513527 
6.140000000000001  	 0.179305359208303 
6.15  	 0.2177580382539406 
6.16  	 0.2535582509424708 
6.17  	 0.286268682682166 
6.18  	 0.3154896597490979 
6.19  	 0.3408640200731554 
6.2  	 0.362081466458551 
6.21  	 0.3788823492977391 
6.22  	 0.3910608327766832 
6.23  	 0.3984674060672569 
6.24  	 0.4010107089673961 
6.25  	 0.3986586497851042 
6.26  	 0.3914388018671217 
6.27  	 0.3794380739425404 
6.28  	 0.3628016582793584 
6.29  	 0.3417312694307334 
6.3  	 0.3164826949709043 
6.31  	 0.2873626879837051 
6.32  	 0.254725239067798 
6.33  	 0.2189672731649121 
6.34  	 0.1805238235092393 
6.350000000000001  	 0.1398627413524894 
6.36  	 0.09747900576292387 
6.37  	 0.05388870265954772 
6.38  	 0.009622746265514265 
6.390000000000001  	 -0.03477958070152923 
6.4  	 -0.0787771895772001 
6.41  	 -0.1218337712584324 
6.42  	 -0.1634243246093111 
6.43  	 -0.2030415483906118 
6.44  	 -0.2402020189910116 
6.45  	 -0.2744520788340285 
6.46  	 -0.3053733638437195 
6.47  	 -0.3325879027304594 
6.48  	 -0.3557627260538746 
6.49  	 -0.3746139289691155 
6.5  	 -0.3889101381935345 
6.51  	 -0.3984753409628299 
6.52  	 -0.4031910414910831 
6.53  	 -0.4029977186139044 
6.54  	 -0.3978955667790118 
6.55  	 -0.3879445112510387 
6.56  	 -0.3732634972116002 
6.57  	 -0.3540290612546808 
6.58  	 -0.330473202494152 
6.59  	 -0.3028805790090272 
6.600000000000001  	 -0.2715850635494928 
6.61  	 -0.2369657002133463 
6.62  	 -0.1994421110837501 
6.63  	 -0.1594694085068462 
6.640000000000001  	 -0.1175326747001755 
6.65  	 -0.07414107564768936 
6.66  	 -0.02982168068945834 
6.67  	 0.01488693719882779 
6.68  	 0.05944124276483837 
6.69  	 0.1032993420705493 
6.7  	 0.145927568137257 
6.71  	 0.18680696866872 
6.72  	 0.2254396170482559 
6.73  	 0.2613546699346362 
6.74  	 0.2941140978408958 
6.75  	 0.3233180190334718 
6.76  	 0.348609571888293 
6.77  	 0.3696792664275211 
6.78  	 0.3862687620679587 
6.79  	 0.3981740255632618 
6.8  	 0.4052478306328456 
6.81  	 0.4074015687497208 
6.82  	 0.4046063489107552 
6.83  	 0.3968933728348015 
6.84  	 0.3843535808222215 
6.850000000000001  	 0.3671365723570953 
6.86  	 0.3454488143334378 
6.87  	 0.3195511584324072 
6.88  	 0.2897556975639802 
6.890000000000001  	 0.2564219993119025 
6.9  	 0.2199527618879587 
6.91  	 0.1807889451182383 
6.92  	 0.1394044353658714 
6.93  	 0.09630030896312348 
6.94  	 0.05199876361272358 
6.95  	 0.007036791264225996 
6.96  	 -0.03804033087364748 
6.97  	 -0.08268565229663161 
6.98  	 -0.1263571839860008 
6.99  	 -0.1685244755492134 
7  	 -0.2086750549383734 
7.01  	 -0.2463206526082478 
7.02  	 -0.2810031345666914 
7.03  	 -0.3123000722778861 
7.04  	 -0.3398298817604659 
7.05  	 -0.363256469425467 
7.06  	 -0.3822933281602218 
7.07  	 -0.3967070338117176 
7.08  	 -0.4063200994762515 
7.09  	 -0.411013152773441 
7.100000000000001  	 -0.4107264094780636 
7.11  	 -0.4054604254033202 
7.12  	 -0.3952761171708633 
7.13  	 -0.3802940513605104 
7.140000000000001  	 -0.3606930103985576 
7.15  	 -0.3367078523107477 
7.16  	 -0.3086266900277321 
7.17  	 -0.276787424183969 
7.18  	 -0.2415736711948226 
7.19  	 -0.2034101357364822 
7.2  	 -0.1627574835000936 
7.21  	 -0.1201067761628893 
7.22  	 -0.07597353584235908 
7.23  	 -0.03089151080878668 
7.24  	 0.01459378212702087 
7.25  	 0.05993166040517033 
7.26  	 0.1045729437585382 
7.27  	 0.1479766067608054 
7.28  	 0.1896163352986262 
7.29  	 0.2289869075240626 
7.3  	 0.2656103219440173 
7.31  	 0.2990415983412237 
7.32  	 0.3288741811598135 
7.33  	 0.3547448797802515 
7.34  	 0.3763382856953689 
7.350000000000001  	 0.3933906129143056 
7.36  	 0.405692914887836 
7.37  	 0.4130936387826083 
7.38  	 0.415500485942313 
7.390000000000001  	 0.4128815557638686 
7.4  	 0.4052657588847166 
7.41  	 0.3927424944185764 
7.42  	 0.3754605948844323 
7.43  	 0.3536265513393354 
7.44  	 0.3275020399424404 
7.45  	 0.2974007796401468 
7.46  	 0.2636847587674093 
7.47  	 0.2267598760106825 
7.48  	 0.1870710482800856 
7.49  	 0.1450968445067552 
7.5  	 0.101343710137204 
7.51  	 0.05633985207010311 
7.52  	 0.01062885791185353 
7.53  	 -0.03523687333459635 
7.54  	 -0.08070280972740303 
7.55  	 -0.1252189932242342 
7.56  	 -0.1682466937672015 
7.57  	 -0.2092649300931587 
7.58  	 -0.2477767783358529 
7.59  	 -0.2833153920292801 
7.600000000000001  	 -0.3154496605896435 
7.61  	 -0.3437894377045113 
7.62  	 -0.3679902762396744 
7.63  	 -0.3877576122243959 
7.640000000000001  	 -0.4028503471226256 
7.65  	 -0.4130837848605972 
7.66  	 -0.4183318878729285 
7.67  	 -0.4185288246551438 
7.68  	 -0.4136697898716347 
7.69  	 -0.4038110868605279 
7.7  	 -0.3890694712947117 
7.71  	 -0.3696207636933906 
7.72  	 -0.3456977473230663 
7.73  	 -0.3175873766736216 
7.74  	 -0.2856273300397162 
7.75  	 -0.2502019476789199 
7.76  	 -0.2117376044597938 
7.77  	 -0.1706975727653596 
7.78  	 -0.1275764375970613 
7.79  	 -0.08289413125653221 
7.8  	 -0.03718965960136371 
7.81  	 0.008985404379424335 
7.82  	 0.05507358108987206 
7.83  	 0.1005182184861182 
7.84  	 0.1447702184916425 
7.850000000000001  	 0.1872946743613695 
7.86  	 0.2275773387412976 
7.87  	 0.2651308441947643 
7.88  	 0.2995006009371474 
7.890000000000001  	 0.3302703004023306 
7.9  	 0.3570669580092216 
7.91  	 0.3795654340487461 
7.92  	 0.397492377903037 
7.930000000000001  	 0.4106295477641935 
7.94  	 0.4188164655551915 
7.95  	 0.4219523747797949 
7.96  	 0.4199974774445921 
7.97  	 0.4129734349029139 
7.98  	 0.4009631263622189 
7.99  	 0.3841096677661005 
8  	 0.3626147027009577 
8.01  	 0.3367359857775525 
8.02  	 0.306784287492716 
8.029999999999999  	 0.2731196577829286 
8.040000000000001  	 0.2361470932401075 
8.050000000000001  	 0.1963116601768584 
8.06  	 0.1540931323161868 
8.07  	 0.1100002077598527 
8.08  	 0.06456437498841111 
8.09  	 0.01833350190325693 
8.1  	 -0.02813477471510416 
8.109999999999999  	 -0.0742797795289826 
8.120000000000001  	 -0.1195445674760852 
8.130000000000001  	 -0.1633826493592202 
8.140000000000001  	 -0.205264592943354 
8.15  	 -0.2446844197955685 
8.16  	 -0.2811657205532808 
8.17  	 -0.3142674146902352 
8.18  	 -0.3435890851280465 
8.19  	 -0.3687758231617371 
8.199999999999999  	 -0.3895225250689902 
8.210000000000001  	 -0.4055775883838705 
8.220000000000001  	 -0.4167459630563046 
8.23  	 -0.4228915205018398 
8.24  	 -0.4239387117776823 
8.25  	 -0.4198734947017674 
8.26  	 -0.4107435185577197 
8.27  	 -0.3966575639936192 
8.279999999999999  	 -0.3777842447181139 
8.290000000000001  	 -0.3543499865149545 
8.300000000000001  	 -0.3266363078287476 
8.31  	 -0.2949764346149819 
8.32  	 -0.2597512901944296 
8.33  	 -0.2213849084081845 
8.34  	 -0.1803393253438423 
8.35  	 -0.1371090112112311 
8.359999999999999  	 -0.09221490951104304 
8.370000000000001  	 -0.04619815539492347 
8.380000000000001  	 0.0003864509970684131 
8.390000000000001  	 0.04697713746313389 
8.4  	 0.09301193814995709 
8.41  	 0.1379354756195761 
8.42  	 0.1812056646875107 
8.43  	 0.2223002570774332 
8.44  	 0.2607231478462643 
8.449999999999999  	 0.2960103673970346 
8.460000000000001  	 0.3277356866811776 
8.470000000000001  	 0.3555157678508215 
8.48  	 0.3790147980997948 
8.49  	 0.3979485506626146 
8.5  	 0.4120878238492329 
8.51  	 0.4212612164958615 
8.52  	 0.425357206218595 
8.529999999999999  	 0.4243255052700153 
8.540000000000001  	 0.4181776775179489 
8.550000000000001  	 0.4069870089848151 
8.56  	 0.3908876333977862 
8.57  	 0.370072923195538 
8.58  	 0.3447931653079428 
8.59  	 0.3153525496635487 
8.6  	 0.2821055066818128 
8.609999999999999  	 0.2454524378722271 
8.620000000000001  	 0.2058348909960613 
8.630000000000001  	 0.1637302379594338 
8.640000000000001  	 0.1196459196177676 
8.65  	 0.07411332690899243 
8.66  	 0.02768139213219297 
8.67  	 -0.01909003230284267 
8.68  	 -0.06563692775442925 
8.69  	 -0.1113979143446549 
8.700000000000001  	 -0.1558210249336299 
8.710000000000001  	 -0.198370366299242 
8.720000000000001  	 -0.2385325871019715 
8.73  	 -0.2758230745377263 
8.74  	 -0.3097918048492797 
8.75  	 -0.3400287770374438 
8.76  	 -0.3661689641379213 
8.77  	 -0.387896722247381 
8.779999999999999  	 -0.4049496040228031 
8.790000000000001  	 -0.4171215305625828 
8.800000000000001  	 -0.4242652833195457 
8.81  	 -0.4262942859015127 
8.82  	 -0.4231836541852182 
8.83  	 -0.4149705020009122 
8.84  	 -0.4017534986310782 
8.85  	 -0.3836916833990016 
8.859999999999999  	 -0.3610025515922358 
8.870000000000001  	 -0.3339594347641386 
8.880000000000001  	 -0.3028882069772491 
8.890000000000001  	 -0.2681633566923596 
8.9  	 -0.2302034716686647 
8.91  	 -0.1894661913303294 
8.92  	 -0.1464426874880018 
8.93  	 -0.101651740002169 
8.94  	 -0.05563347887003564 
8.950000000000001  	 -0.00894286824978625 
8.960000000000001  	 0.03785698894344598 
8.970000000000001  	 0.0842016450643379 
8.98  	 0.129532118385062 
8.99  	 0.1733016381569066 
9  	 0.2149822426651767 
9.01  	 0.2540711506268625 
9.02  	 0.2900968290122622 
9.029999999999999  	 0.3226246840323944 
9.040000000000001  	 0.3512623065794248 
9.050000000000001  	 0.3756642087825912 
9.06  	 0.3955359944825033 
9.07  	 0.4106379132578136 
9.08  	 0.420787755078102 
9.09  	 0.4258630506151224 
9.1  	 0.4258025506255212 
9.109999999999999  	 0.4206069665205401 
9.120000000000001  	 0.4103389631568483 
9.130000000000001  	 0.3951224039100084 
9.140000000000001  	 0.3751408571189871 
9.15  	 0.3506353819077381 
9.16  	 0.3219016200903374 
9.17  	 0.2892862292445318 
9.18  	 0.2531826999935773 
9.19  	 0.2140266079718307 
9.200000000000001  	 0.1722903577760309 
9.210000000000001  	 0.128477482338852 
9.220000000000001  	 0.08311656653013294 
9.23  	 0.03675486832989831 
9.24  	 -0.01004828543043057 
9.25  	 -0.05672824903859036 
9.26  	 -0.1027218721032341 
9.27  	 -0.1474742957293747 
9.279999999999999  	 -0.1904456486263101 
9.290000000000001  	 -0.231117562313758 
9.300000000000001  	 -0.2689994267748975 
9.31  	 -0.3036343110378579 
9.32  	 -0.3346044772116601 
9.33  	 -0.3615364214105543 
9.34  	 -0.3841053807121909 
9.35  	 -0.4020392517415134 
9.359999999999999  	 -0.4151218735758873 
9.370000000000001  	 -0.4231956353416604 
9.380000000000001  	 -0.4261633770258051 
9.390000000000001  	 -0.4239895605598183 
9.4  	 -0.4167006970436498 
9.41  	 -0.4043850249587833 
9.42  	 -0.3871914432631186 
9.43  	 -0.3653277122568875 
9.44  	 -0.3390579439497579 
9.450000000000001  	 -0.3086994122378735 
9.460000000000001  	 -0.2746187214120964 
9.470000000000001  	 -0.2372273792659788 
9.48  	 -0.1969768282609367 
9.49  	 -0.1543529947487559 
9.5  	 -0.109870422070367 
9.51  	 -0.06406605837331988 
9.52  	 -0.01749277415856097 
9.529999999999999  	 0.02928731217061832 
9.540000000000001  	 0.07570962016756658 
9.550000000000001  	 0.1212139226754553 
9.56  	 0.1652511083466993 
9.57  	 0.207289809699816 
9.58  	 0.246822816690504 
9.59  	 0.2833731983653543 
9.6  	 0.3165000586933223 
9.609999999999999  	 0.3458038570894821 
9.620000000000001  	 0.3709312294036922 
9.630000000000001  	 0.3915792511807186 
9.640000000000001  	 0.4074990917348885 
9.65  	 0.4184990149400252 
9.66  	 0.424446690525739 
9.67  	 0.4252707879984012 
9.68  	 0.4209618339690113 
9.69  	 0.4115723225659043 
9.700000000000001  	 0.3972160776304412 
9.710000000000001  	 0.3780668744295183 
9.720000000000001  	 0.354356337560688 
9.73  	 0.3263711404662635 
9.74  	 0.2944495404057679 
9.75  	 0.2589772907603804 
9.76  	 0.2203829800611479 
9.77  	 0.1791328540541577 
9.779999999999999  	 0.135725183356945 
9.790000000000001  	 0.09068424474575926 
9.800000000000001  	 0.04455398877677062 
9.81  	 -0.002108529770667055 
9.82  	 -0.0487398792791681 
9.83  	 -0.09477705525482766 
9.84  	 -0.1396642786916786 
9.85  	 -0.1828597067368546 
9.859999999999999  	 -0.2238419746173324 
9.870000000000001  	 -0.2621164898306227 
9.880000000000001  	 -0.2972214025976522 
9.890000000000001  	 -0.3287331804898073 
9.9  	 -0.3562717199261761 
9.91  	 -0.3795049328341864 
9.92  	 -0.3981527531088415 
9.93  	 -0.4119905145163776 
9.94  	 -0.4208516592825426 
9.950000000000001  	 -0.4246297446920455 
9.960000000000001  	 -0.4232797235064948 
9.970000000000001  	 -0.4168184827806571 
9.98  	 -0.4053246346153332 
9.99  	 -0.3889375614212706 
10  	 -0.367855727273108 
10.01  	 -0.342334275796679 
10.02  	 -0.3126819436499664 
10.03  	 -0.2792573269235208 
10.04  	 -0.2424645456003962 
10.05  	 -0.2027483584842803 
10.06  	 -0.1605887876395322 
10.07  	 -0.1164953173085777 
10.08  	 -0.07100073740843207 
10.09  	 -0.02465470599756284 
10.1  	 0.02198289150511122 
10.11  	 0.0683487061168009 
10.12  	 0.1138827303892102 
10.13  	 0.1580350626008822 
10.14  	 0.2002725483348796 
10.15  	 0.2400852192190997 
10.16  	 0.276992451061968 
10.17  	 0.3105487670107389 
10.18  	 0.3403492156526071 
10.19  	 0.3660342591182061 
10.2  	 0.3872941121706369 
10.21  	 0.4038724798995958 
10.22  	 0.4155696489089545 
10.23  	 0.4222448946994235 
10.24  	 0.4238181762117935 
10.25  	 0.4202710971100104 
10.26  	 0.4116471222436395 
10.27  	 0.39805104672863 
10.28  	 0.379647724115134 
10.29  	 0.3566600690622992 
10.3  	 0.3293663587043492 
10.31  	 0.298096865363878 
10.32  	 0.2632298613450358 
10.33  	 0.2251870441232244 
10.34  	 0.1844284372477747 
10.35  	 0.1414468286052277 
10.36  	 0.09676181327651198 
10.37  	 0.05091351299463071 
10.38  	 0.004456048112259116 
10.39  	 -0.04204915902602905 
10.4  	 -0.08804016838002372 
10.41  	 -0.1329613121979595 
10.42  	 -0.1762699086442717 
10.43  	 -0.2174428179549321 
10.44  	 -0.2559827619124129 
10.45  	 -0.2914243302973252 
10.46  	 -0.323339601761327 
10.47  	 -0.3513433112298552 
10.48  	 -0.3750975014269912 
10.49  	 -0.3943156023530289 
10.5  	 -0.4087658894612001 
10.51  	 -0.4182742787911498 
10.52  	 -0.4227264253316818 
10.53  	 -0.4220690993073561 
10.54  	 -0.4163108238108841 
10.55  	 -0.4055217661304576 
10.56  	 -0.38983288414025 
10.57  	 -0.3694343381244115 
10.58  	 -0.3445731872810717 
10.59  	 -0.3155503987959588 
10.6  	 -0.2827172056808767 
10.61  	 -0.2464708574398431 
10.62  	 -0.2072498149605189 
10.63  	 -0.1655284477416981 
10.64  	 -0.1218112975780418 
10.65  	 -0.07662697805867287 
10.66  	 -0.03052178363283264 
10.67  	 0.01594691449890265 
10.68  	 0.06221740583807685 
10.69  	 0.1077304299503685 
10.7  	 0.1519359356778395 
10.71  	 0.1942997285128648 
10.72  	 0.2343099258021388 
10.73  	 0.2714831417764261 
10.74  	 0.3053703276725357 
10.75  	 0.3355621963868602 
10.76  	 0.3616941661258541 
10.77  	 0.3834507633363674 
10.78  	 0.4005694317377649 
10.79  	 0.4128437014591093 
10.8  	 0.4201256800215404 
10.81  	 0.4223278351048619 
10.82  	 0.4194240475990003 
10.83  	 0.4114499222621432 
10.84  	 0.3985023522811343 
10.85  	 0.3807383430478424 
10.86  	 0.3583731094185469 
10.87  	 0.3316774695038556 
10.88  	 0.3009745665380588 
10.89  	 0.266635958496352 
10.9  	 0.2290771227681696 
10.91  	 0.1887524302622157 
10.92  	 0.1461496497286926 
10.93  	 0.1017840487589993 
10.94  	 0.05619216279430474 
10.95  	 0.009925307483228054 
10.96  	 -0.03645708717339818 
10.97  	 -0.08239424030320966 
10.98  	 -0.1273307995051505 
10.99  	 -0.1707235541047472 
11  	 -0.212048001175184 
11.01  	 -0.2508046849621222 
11.02  	 -0.2865252330937128 
11.03  	 -0.3187780166268219 
11.04  	 -0.3471733655316405 
11.05  	 -0.3713682765945271 
11.06  	 -0.3910705568581975 
11.07  	 -0.4060423525447098 
11.08  	 -0.4161030208379868 
11.09  	 -0.4211313098485675 
11.1  	 -0.4210668204480974 
11.11  	 -0.4159107323435687 
11.12  	 -0.4057257856564285 
11.13  	 -0.3906355182720225 
11.14  	 -0.3708227682214663 
11.15  	 -0.3465274592423571 
11.16  	 -0.3180436963291777 
11.17  	 -0.2857162064242507 
11.18  	 -0.2499361673147588 
11.19  	 -0.2111364751950151 
11.2  	 -0.1697865081366335 
11.21  	 -0.1263864488002522 
11.22  	 -0.08146123504754423 
11.23  	 -0.03555421160760283 
11.24  	 0.01077944043833688 
11.25  	 0.05697941690719603 
11.26  	 0.1024870653311802 
11.27  	 0.1467521394330696 
11.28  	 0.1892394516007965 
11.29  	 0.2294353429393856 
11.3  	 0.2668538926874085 
11.31  	 0.3010427919397464 
11.32  	 0.3315888106800548 
11.33  	 0.358122792046403 
11.34  	 0.3803241134719753 
11.35  	 0.397924560790631 
11.36  	 0.4107115684966502 
11.37  	 0.4185307870129028 
11.38  	 0.4212879459597123 
11.39  	 0.4189499909291914 
11.4  	 0.4115454800539138 
11.41  	 0.3991642356083632 
11.42  	 0.3819562548883356 
11.43  	 0.3601298935685668 
11.44  	 0.3339493435339959 
11.45  	 0.3037314357090477 
11.46  	 0.2698418065688449 
11.47  	 0.2326904747077518 
11.48  	 0.1927268809716174 
11.49  	 0.1504344521431908 
11.5  	 0.1063247539285216 
11.51  	 0.06093130395496395 
11.52  	 0.01480311959933657 
11.53  	 -0.03150192133199651 
11.54  	 -0.0774238267895358 
11.55  	 -0.1224072619627532 
11.56  	 -0.1659082641842916 
11.57  	 -0.2074008200693655 
11.58  	 -0.246383225372118 
11.59  	 -0.2823841506703628 
11.6  	 -0.3149683395493401 
11.61  	 -0.3437418704009936 
11.62  	 -0.3683569182334497 
11.63  	 -0.3885159589327378 
11.64  	 -0.4039753651616141 
11.65  	 -0.4145483504373654 
11.66  	 -0.4201072258128944 
11.67  	 -0.4205849418973028 
11.68  	 -0.4159758975938958 
11.69  	 -0.4063360057998472 
11.7  	 -0.3917820152959368 
11.71  	 -0.3724900970479355 
11.72  	 -0.3486937120347651 
11.73  	 -0.3206807864050326 
11.74  	 -0.2887902281375225 
11.75  	 -0.2534078273423467 
11.76  	 -0.214961589790179 
11.77  	 -0.1739165601088098 
11.78  	 -0.1307691972548819 
11.79  	 -0.08604137028035336 
11.8  	 -0.04027404700286806 
11.81  	 0.005979248100059876 
11.82  	 0.05215912766435203 
11.83  	 0.09770710593954962 
11.84  	 0.1420723522224432 
11.85  	 0.18471835156575 
11.86  	 0.2251293922271575 
11.87  	 0.2628168014200753 
11.88  	 0.2973248539727838 
11.89  	 0.3282362824592909 
11.9  	 0.3551773221846627 
11.91  	 0.3778222300338674 
11.92  	 0.3958972225552331 
11.93  	 0.4091837856731254 
11.94  	 0.4175213160229123 
11.95  	 0.420809061983295 
11.96  	 0.4190073409492391 
11.97  	 0.4121380181400011 
11.98  	 0.4002842411659033 
11.99  	 0.3835894335761896 
12  	 0.3622555595700196 
12.01  	 0.3365406808647035 
12.02  	 0.3067558352736738 
12.03  	 0.2732612747473519 
12.04  	 0.2364621083742303 
12.05  	 0.1968034030335142 
12.06  	 0.1547648009475668 
12.07  	 0.1108547192223724 
12.08  	 0.06560420151809883 
12.09  	 0.01956049619633716 
12.1  	 -0.02671956140249275 
12.11  	 -0.07267628253152736 
12.12  	 -0.117753893039202 
12.13  	 -0.1614072539649517 
12.14  	 -0.2031084534678584 
12.15  	 -0.242353190383075 
12.16  	 -0.2786668722222062 
12.17  	 -0.3116103538864606 
12.18  	 -0.3407852477067996 
12.19  	 -0.3658387406090314 
12.2  	 -0.3864678601615322 
12.21  	 -0.4024231379277877 
12.22  	 -0.4135116258333166 
12.23  	 -0.4195992290797316 
12.24  	 -0.4206123274027388 
12.25  	 -0.4165386650755751 
12.26  	 -0.4074274989012874 
12.27  	 -0.3933890024089112 
12.28  	 -0.3745929334619218 
12.29  	 -0.3512665813933065 
12.3  	 -0.3236920184927625 
12.31  	 -0.2922026890825449 
12.32  	 -0.2571793774272504 
12.33  	 -0.2190456032334913 
12.34  	 -0.1782625004156876 
12.35  	 -0.135323241052296 
12.36  	 -0.09074707195501978 
12.37  	 -0.04507303595768826 
12.38  	 0.00114654615700286 
12.39  	 0.04735275428112515 
12.4  	 0.0929868274019636 
12.41  	 0.1374969201021841 
12.42  	 0.1803447754451472 
12.43  	 0.2210122335624503 
12.44  	 0.2590074972473939 
12.45  	 0.2938710787958353 
12.46  	 0.3251813561904915 
12.47  	 0.3525596714477964 
12.48  	 0.3756749094821586 
12.49  	 0.3942475021236892 
12.5  	 0.4080528088754297 
12.51  	 0.4169238335322011 
12.52  	 0.4207532438127892 
12.53  	 0.4194946695844647 
12.54  	 0.4131632639810657 
12.55  	 0.4018355206279853 
12.56  	 0.3856483491816575 
12.57  	 0.3647974203585188 
12.58  	 0.3395348004609635 
12.59  	 0.3101659039980816 
12.6  	 0.2770458012440098 
12.61  	 0.2405749253756709 
12.62  	 0.2011942310916172 
12.63  	 0.159379863245632 
12.64  	 0.1156373999528596 
12.65  	 0.07049573977209031 
12.66  	 0.02450070687046791 
12.67  	 -0.0217915485122548 
12.68  	 -0.06782127450796685 
12.69  	 -0.1130318856704437 
12.7  	 -0.1568766928010524 
12.71  	 -0.1988255131816986 
12.72  	 -0.2383710812918828 
12.73  	 -0.2750351824985555 
12.74  	 -0.3083744355567539 
12.75  	 -0.3379856540040048 
12.76  	 -0.3635107216229915 
12.77  	 -0.3846409230211346 
12.78  	 -0.4011206769635199 
12.79  	 -0.4127506273160432 
12.8  	 -0.4193900542219743 
12.81  	 -0.4209585763534765 
12.82  	 -0.4174371236505543 
12.83  	 -0.4088681687796313 
12.84  	 -0.3953552145061751 
12.85  	 -0.377061543171929 
12.86  	 -0.3542082433885614 
12.87  	 -0.3270715377983545 
12.88  	 -0.2959794442029398 
12.89  	 -0.2613078104207749 
12.9  	 -0.2234757708066362 
12.91  	 -0.1829406793582984 
12.92  	 -0.1401925806647577 
12.93  	 -0.09574828553809886 
12.94  	 -0.05014512295106936 
12.95  	 -0.003934443816960309 
12.96  	 0.04232504485119757 
12.97  	 0.08807403481326172 
12.98  	 0.1327593788403695 
12.99  	 0.1758407785635805 
13  	 0.2167973170751327 
13.01  	 0.2551337573014795 
13.02  	 0.2903865299975977 
13.03  	 0.3221293389640993 
13.04  	 0.3499783157154973 
13.05  	 0.3735966612742208 
13.06  	 0.3926987189648146 
13.07  	 0.4070534289614234 
13.08  	 0.4164871228152066 
13.09  	 0.4208856241676478 
13.1  	 0.4201956302430667 
13.11  	 0.414425357408683 
13.12  	 0.4036444429874217 
13.13  	 0.3879831045003045 
13.14  	 0.3676305664924984 
13.15  	 0.3428327739520798 
13.16  	 0.3138894199552759 
13.17  	 0.2811503234632548 
13.18  	 0.2450112010521772 
13.19  	 0.2059088836857251 
13.2  	 0.1643160363494282 
13.21  	 0.1207354443765345 
13.22  	 0.07569393553471733 
13.23  	 0.02973601134727402 
13.24  	 -0.01658273536183278 
13.25  	 -0.06270233712368663 
13.26  	 -0.1080652214827779 
13.27  	 -0.152122951817431 
13.28  	 -0.194342857829714 
13.29  	 -0.2342144755448981 
13.3  	 -0.2712557189622954 
13.31  	 -0.3050187087423503 
13.32  	 -0.3350951874603825 
13.33  	 -0.3611214559539906 
13.34  	 -0.3827827710803984 
13.35  	 -0.399817151709811 
13.36  	 -0.4120185469345031 
13.37  	 -0.4192393281826249 
13.38  	 -0.4213920750988069 
13.39  	 -0.4184506335908834 
13.4  	 -0.4104504332405053 
13.41  	 -0.3974880602289305 
13.42  	 -0.3797200909292445 
13.43  	 -0.3573612002541843 
13.44  	 -0.330681567616286 
13.45  	 -0.3000036118487306 
13.46  	 -0.2656980945475951 
13.47  	 -0.228179638932018 
13.48  	 -0.1879017183852618 
13.49  	 -0.1453511752510235 
13.5  	 -0.1010423361393954 
13.51  	 -0.05551079487491243 
13.52  	 -0.009306938238513744 
13.53  	 0.03701070723477719 
13.54  	 0.0828822269762608 
13.55  	 0.1277530870037023 
13.56  	 0.1710808376173162 
13.57  	 0.2123416711318297 
13.58  	 0.2510367543675883 
13.59  	 0.2866982593461332 
13.6  	 0.3188950192822104 
13.61  	 0.3472377414934551 
13.62  	 0.3713837142037381 
13.63  	 0.3910409503337122 
13.64  	 0.4059717181773673 
13.65  	 0.4159954162739821 
13.66  	 0.4209907577124836 
13.67  	 0.4208972374522807 
13.68  	 0.4157158649117573 
13.69  	 0.4055091529570505 
13.7  	 0.3904003634126512 
13.71  	 0.3705720182028209 
13.72  	 0.3462636941103174 
13.73  	 0.3177691277991951 
13.74  	 0.2854326660863822 
13.75  	 0.2496451043624447 
13.76  	 0.210838963458391 
13.77  	 0.169483262044729 
13.78  	 0.126077847747678 
13.79  	 0.08114735550269112 
13.8  	 0.03523486617251872 
13.81  	 -0.01110465791857022 
13.82  	 -0.05731108118547882 
13.83  	 -0.1028258656297206 
13.84  	 -0.1470988224877949 
13.85  	 -0.189594763064909 
13.86  	 -0.2297999683567618 
13.87  	 -0.2672283992508985 
13.88  	 -0.3014275722343656 
13.89  	 -0.3319840295769471 
13.9  	 -0.3585283378597034 
13.91  	 -0.3807395544198917 
13.92  	 -0.3983491077137402 
13.93  	 -0.4111440446828263 
13.94  	 -0.4189696058607878 
13.95  	 -0.4217310970827735 
13.96  	 -0.4193950351625039 
13.97  	 -0.4119895536776425 
13.98  	 -0.3996040639479027 
13.99  	 -0.3823881752933934 
14  	 -0.3605498876146456 
14.01  	 -0.3343530781319107 
14.02  	 -0.3041143126539325 
14.03  	 -0.2701990199116968 
14.04  	 -0.2330170751923386 
14.05  	 -0.1930178466493239 
14.06  	 -0.1506847641609081 
14.07  	 -0.1065294763806035 
14.08  	 -0.06108566660264123 
14.09  	 -0.01490260218979746 
14.1  	 0.03146150446677654 
14.11  	 0.07744624320769654 
14.12  	 0.1224957800276827 
14.13  	 0.1660655757793882 
14.14  	 0.2076289684447435 
14.15  	 0.2466835394072362 
14.16  	 0.2827571867695801 
14.17  	 0.315413832300622 
14.18  	 0.3442586930235504 
14.19  	 0.3689430537190899 
14.2  	 0.3891684826491581 
14.21  	 0.4046904395363634 
14.22  	 0.4153212321800491 
14.23  	 0.4209322859626524 
14.24  	 0.4214556988053635 
14.25  	 0.416885062768837 
14.26  	 0.4072755423591382 
14.27  	 0.3927432085835799 
14.28  	 0.3734636367973407 
14.29  	 0.349669785280773 
14.3  	 0.3216491801817339 
14.31  	 0.289740440841995 
14.32  	 0.2543291875000282 
14.33  	 0.2158433808288477 
14.34  	 0.1747481496353248 
14.35  	 0.1315401692353826 
14.36  	 0.08674165845073002 
14.37  	 0.0408940677839377 
14.38  	 -0.005448464937997687 
14.39  	 -0.05172581235026116 
14.4  	 -0.09737862780945428 
14.41  	 -0.1418551062921797 
14.42  	 -0.1846176542111486 
14.43  	 -0.225149387527662 
14.44  	 -0.2629603796139673 
14.45  	 -0.2975935833427747 
14.46  	 -0.3286303558187786 
14.47  	 -0.3556955189690114 
14.48  	 -0.3784618948185706 
14.49  	 -0.3966542606276269 
14.5  	 -0.4100526760770964 
14.51  	 -0.418495142280608 
14.52  	 -0.4218795604761847 
14.53  	 -0.4201649667160109 
14.54  	 -0.4133720276236286 
14.55  	 -0.4015827912194948 
14.56  	 -0.3849396958200965 
14.57  	 -0.3636438489836374 
14.58  	 -0.3379525972987566 
14.59  	 -0.3081764163844767 
14.6  	 -0.2746751586869456 
14.61  	 -0.2378537044209613 
14.62  	 -0.1981570682193576 
14.63  	 -0.1560650206325998 
14.64  	 -0.1120862894852488 
14.65  	 -0.06675241117558788 
14.66  	 -0.02061130623551443 
14.67  	 0.02577934319789526 
14.68  	 0.0718588339532784 
14.69  	 0.1170702189650808 
14.7  	 0.1608670390665848 
14.71  	 0.2027199280677148 
14.72  	 0.242123011280117 
14.73  	 0.2786000201481423 
14.74  	 0.3117100490756777 
14.75  	 0.3410528848625691 
14.76  	 0.3662738443304752 
14.77  	 0.387068061661668 
14.78  	 0.4031841736256983 
14.79  	 0.4144273581462479 
14.8  	 0.4206616894764793 
14.81  	 0.4218117815112813 
14.82  	 0.4178636993691162 
14.83  	 0.4088651282205195 
14.84  	 0.3949247973180893 
14.85  	 0.3762111661853191 
14.86  	 0.3529503888399881 
14.87  	 0.3254235806545542 
14.88  	 0.2939634208852532 
14.89  	 0.2589501319314212 
14.9  	 0.2208068839208838 
14.91  	 0.1799946801630044 
14.92  	 0.1370067852866986 
14.93  	 0.09236276340834486 
14.94  	 0.04660219838843381 
14.95  	 0.0002781720791971655 
14.96  	 -0.0460494206095271 
14.97  	 -0.09182063902577703 
14.98  	 -0.136482264675739 
14.99  	 -0.1794944879052294 
15  	 -0.220337432539481 
15.01  	 -0.2585174396173133 
15.02  	 -0.2935730342666404 
15.03  	 -0.3250805035982846 
15.04  	 -0.3526590181963167 
15.05  	 -0.375975235299416 
15.06  	 -0.3947473280323478 
15.07  	 -0.4087483919840587 
15.08  	 -0.4178091879544545 
15.09  	 -0.4218201877159142 
15.1  	 -0.4207328980597495 
15.11  	 -0.414560447121378 
15.12  	 -0.4033774258947181 
15.13  	 -0.3873189868490184 
15.14  	 -0.3665792105406593 
15.15  	 -0.3414087599605898 
15.16  	 -0.312111850967027 
15.17  	 -0.2790425754199835 
15.18  	 -0.2426006214581028 
15.19  	 -0.2032264426451432 
15.2  	 -0.1613959343754963 
15.21  	 -0.1176146818836733 
15.22  	 -0.07241184938122533 
15.23  	 -0.02633378418252783 
15.24  	 0.0200625868744112 
15.25  	 0.06621648889456891 
15.26  	 0.1115700769171484 
15.27  	 0.1555751785054434 
15.28  	 0.1976999194374805 
15.29  	 0.237435152412294 
15.3  	 0.2743006110674183 
15.31  	 0.3078507149231707 
15.32  	 0.3376799550887884 
15.33  	 0.3634277956322049 
15.34  	 0.3847830313699354 
15.35  	 0.4014875494032354 
15.36  	 0.41333944893406 
15.37  	 0.4201954816504682 
15.38  	 0.4219727831836572 
15.39  	 0.4186498747076117 
15.4  	 0.4102669225741375 
15.41  	 0.3969252528443583 
15.42  	 0.3787861265838575 
15.43  	 0.3560687907239418 
15.44  	 0.3290478280477453 
15.45  	 0.2980498383317005 
15.46  	 0.2634494907570899 
15.47  	 0.2256649953061406 
15.48  	 0.1851530478800484 
15.49  	 0.142403310237217 
15.5  	 0.09793249147326426 
15.51  	 0.05227810257999794 
15.52  	 0.005991959572724558 
15.53  	 -0.04036648628599308 
15.54  	 -0.08623691054799972 
15.55  	 -0.1310648881929274 
15.56  	 -0.1743085949319301 
15.57  	 -0.215445356202746 
15.58  	 -0.2539779646973838 
15.59  	 -0.2894406900622101 
15.6  	 -0.3214049081302953 
15.61  	 -0.349484281645297 
15.62  	 -0.37333942985678 
15.63  	 -0.392682030545478 
15.64  	 -0.4072783048970154 
15.65  	 -0.4169518431023236 
15.66  	 -0.4215857365318931 
15.67  	 -0.4211239907123749 
15.68  	 -0.4155722020273181 
15.69  	 -0.4049974899632475 
15.7  	 -0.389527685720718 
15.71  	 -0.3693497869984145 
15.72  	 -0.344707697628279 
15.73  	 -0.3158992793838911 
15.74  	 -0.2832727515979863 
15.75  	 -0.2472224821084933 
15.76  	 -0.2081842204091555 
15.77  	 -0.1666298306233817 
15.78  	 -0.1230615879653943 
15.79  	 -0.0780061076289488 
15.8  	 -0.03200797948682824 
15.81  	 0.01437681445970687 
15.82  	 0.06058762031690063 
15.83  	 0.1060658889904932 
15.84  	 0.1502619274227429 
15.85  	 0.1926415427705263 
15.86  	 0.2326924992154654 
15.87  	 0.2699307093611801 
15.88  	 0.3039060853816216 
15.89  	 0.3342079791968176 
15.9  	 0.3604701459200626 
15.91  	 0.3823751705832995 
15.92  	 0.3996583046346402 
15.93  	 0.4121106658366189 
15.94  	 0.4195817628885143 
15.95  	 0.4219813142582989 
15.96  	 0.4192803392411031 
15.97  	 0.4115115080577844 
15.98  	 0.3987687467635257 
15.99  	 0.3812061017436625 
16  	 0.3590358775236329 
16.01  	 0.3325260704034412 
16.02  	 0.3019971289388212 
16.03  	 0.2678180804275327 
16.04  	 0.2304020702228457 
16.05  	 0.1902013677930708 
16.06  	 0.1477018998920301 
16.07  	 0.1034173769206308 
16.08  	 0.05788308347743036 
16.09  	 0.01164940815441429 
16.1  	 -0.03472480921374732 
16.11  	 -0.08067903243232845 
16.12  	 -0.1256578043126137 
16.13  	 -0.1691174606245419 
16.14  	 -0.2105327014830639 
16.15  	 -0.2494029407369114 
16.16  	 -0.2852583566140877 
16.17  	 -0.3176655704876093 
16.18  	 -0.3462328851219056 
16.19  	 -0.3706150190841266 
16.2  	 -0.3905172800951901 
16.21  	 -0.4056991268774362 
16.22  	 -0.4159770764470326 
16.23  	 -0.4212269217116093 
16.24  	 -0.4213852325700396 
16.25  	 -0.4164501223721739 
16.26  	 -0.4064812704761442 
16.27  	 -0.3915992006328569 
16.28  	 -0.3719838239223361 
16.29  	 -0.3478722638563827 
16.3  	 -0.3195559899385388 
16.31  	 -0.2873772943315534 
16.32  	 -0.2517251542222509 
16.33  	 -0.2130305298993719 
16.34  	 -0.1717611553802048 
16.35  	 -0.1284158845557353 
16.36  	 -0.08351866119659386 
16.37  	 -0.0376121857079826 
16.38  	 0.008748644811940045 
16.39  	 0.05500344391721834 
16.4  	 0.1005931094863783 
16.41  	 0.1449665818460597 
16.42  	 0.1875875046562518 
16.43  	 0.2279407080448226 
16.44  	 0.2655384356266353 
16.45  	 0.2999262401389509 
16.46  	 0.3306884764308791 
16.47  	 0.3574533254113056 
16.48  	 0.3798972882300435 
16.49  	 0.397749096370176 
16.5  	 0.4107929903903471 
16.51  	 0.418871327687076 
16.52  	 0.4218864877578813 
16.53  	 0.4198020519376517 
16.54  	 0.4126432433504927 
16.55  	 0.4004966217615913 
16.56  	 0.3835090370200918 
16.57  	 0.3618858537457255 
16.58  	 0.3358884687209371 
16.59  	 0.3058311509994905 
16.6  	 0.2720772429292654 
16.61  	 0.2350347680119525 
16.62  	 0.1951514986917302 
16.63  	 0.1529095436937839 
16.64  	 0.1088195203396181 
16.65  	 0.06341438228420131 
16.66  	 0.0172429772829682 
16.67  	 -0.02913658713822867 
16.68  	 -0.07516368991710838 
16.69  	 -0.1202819730462367 
16.7  	 -0.1639460666085559 
16.71  	 -0.2056281809678864 
16.72  	 -0.2448244864305057 
16.73  	 -0.2810612032638271 
16.74  	 -0.3139003284588445 
16.75  	 -0.3429449300147326 
16.76  	 -0.367843944751451 
16.77  	 -0.3882964216576423 
16.78  	 -0.4040551594836829 
16.79  	 -0.4149296946116931 
16.8  	 -0.4207886030884388 
16.81  	 -0.4215610889970348 
16.82  	 -0.4172378399701647 
16.83  	 -0.4078711395060002 
16.84  	 -0.393574234731646 
16.85  	 -0.3745199672587872 
16.86  	 -0.3509386836838188 
16.87  	 -0.3231154509918829 
16.88  	 -0.2913866105267408 
16.89  	 -0.2561357121827328 
16.9  	 -0.2177888779677903 
16.91  	 -0.1768096509824949 
16.92  	 -0.1336933920817063 
16.93  	 -0.08896129195117787 
16.94  	 -0.04315407098105883 
16.95  	 0.003174556908438213 
16.96  	 0.04946457748120425 
16.97  	 0.09515644553256042 
16.98  	 0.1396978485437625 
16.99  	 0.1825503828860023 
17  	 0.2231960618741986 
17.01  	 0.2611435770032276 
17.02  	 0.2959342366829665 
17.03  	 0.3271475106873902 
17.04  	 0.3544061132986435 
17.05  	 0.3773805637039189 
17.06  	 0.3957931685214457 
17.07  	 0.4094213783176845 
17.08  	 0.4181004775445964 
17.09  	 0.4217255753837491 
17.1  	 0.4202528734343748 
17.11  	 0.4137001949240071 
17.12  	 0.402146769046872 
17.13  	 0.3857322730391698 
17.14  	 0.3646551435724459 
17.15  	 0.3391701778789872 
17.16  	 0.3095854536081314 
17.17  	 0.2762586046477837 
17.18  	 0.2395924979302643 
17.19  	 0.2000303634818294 
17.2  	 0.1580504365848569 
17.21  	 0.1141601768183025 
17.22  	 0.06889013385715539 
17.23  	 0.02278753418068125 
17.24  	 -0.0235903337866567 
17.25  	 -0.06968285614202575 
17.26  	 -0.1149328701490557 
17.27  	 -0.1587933991454621 
17.28  	 -0.2007342643033739 
17.29  	 -0.2402484933204131 
17.3  	 -0.2768584485751468 
17.31  	 -0.3101216006710882 
17.32  	 -0.3396358775807516 
17.33  	 -0.3650445247308898 
17.34  	 -0.3860404172823876 
17.35  	 -0.4023697724798614 
17.36  	 -0.4138352171980856 
17.37  	 -0.4202981736069076 
17.38  	 -0.4216805341185805 
17.39  	 -0.4179656053728966 
17.4  	 -0.4091983098510146 
17.41  	 -0.3954846426827782 
17.42  	 -0.3769903902153052 
17.43  	 -0.353939125834525 
17.44  	 -0.3266095072674691 
17.45  	 -0.2953319080370617 
17.46  	 -0.2604844237893439 
17.47  	 -0.2224883017698767 
17.48  	 -0.1818028486983798 
17.49  	 -0.138919878596128 
17.5  	 -0.09435776768099281 
17.51  	 -0.04865518819490144 
17.52  	 -0.002364596909415479 
17.53  	 0.04395444298002654 
17.54  	 0.08974202584618246 
17.55  	 0.1344446717460944 
17.56  	 0.1775220168484458 
17.57  	 0.2184533452994472 
17.58  	 0.2567438835706129 
17.59  	 0.2919307812036762 
17.6  	 0.3235887056584208 
17.61  	 0.3513349836340764 
17.62  	 0.3748342267175673 
17.63  	 0.3938023854447767 
17.64  	 0.4080101827712569 
17.65  	 0.41728588544954 
17.66  	 0.4215173798145448 
17.67  	 0.4206535268861778 
17.68  	 0.4147047804101938 
17.69  	 0.4037430603678372 
17.7  	 0.387900883484621 
17.71  	 0.3673697612498932 
17.72  	 0.3423978848132118 
17.73  	 0.3132871247434741 
17.74  	 0.2803893819188669 
17.75  	 0.2441023336588221 
17.76  	 0.2048646265195359 
17.77  	 0.163150573863294 
17.78  	 0.1194644222976409 
17.79  	 0.07433425629236319 
17.8  	 0.02830561465517276 
17.81  	 -0.0180651039694055 
17.82  	 -0.06421736686400732 
17.83  	 -0.1095932829640176 
17.84  	 -0.153644346640375 
17.85  	 -0.1958380680210116 
17.86  	 -0.2356644097039799 
17.87  	 -0.27264195205622 
17.88  	 -0.306323712571966 
17.89  	 -0.3363025489478776 
17.9  	 -0.3622160805625343 
17.91  	 -0.3837510688710477 
17.92  	 -0.4006472037650655 
17.93  	 -0.41270025012967 
17.94  	 -0.4197645165627255 
17.95  	 -0.4217546164155616 
17.96  	 -0.418646499868626 
17.97  	 -0.4104777445672561 
17.98  	 -0.3973471013052917 
17.99  	 -0.3794133002491999 
18  	 -0.3568931321338614 
18.01  	 -0.3300588276252803 
18.02  	 -0.2992347665292619 
18.03  	 -0.2647935566256047 
18.04  	 -0.2271515295276171 
18.05  	 -0.1867637080132215 
18.06  	 -0.1441183056632023 
18.07  	 -0.09973082529495361 
18.08  	 -0.05413782753037746 
18.09  	 -0.007890444823331526 
18.1  	 0.03845228065080826 
18.11  	 0.08433015471179696 
18.12  	 0.1291886028106185 
18.13  	 0.1724853737290799 
18.14  	 0.2136970943097193 
18.15  	 0.2523255959817972 
18.16  	 0.287903936609625 
18.17  	 0.3200020448710332 
18.18  	 0.3482319189372454 
18.19  	 0.3722523166133505 
18.2  	 0.3917728802451124 
18.21  	 0.4065576465310815 
18.22  	 0.4164278988137486 
18.23  	 0.4212643273719638 
18.24  	 0.4210084716014232 
18.25  	 0.4156634266507611 
18.26  	 0.4052938059718726 
18.27  	 0.3900249602376744 
18.28  	 0.3700414620694016 
18.29  	 0.3455848748905347 
18.3  	 0.3169508328776676 
18.31  	 0.2844854673063293 
18.32  	 0.2485812224901323 
18.33  	 0.209672111890585 
18.34  	 0.1682284717416535 
18.35  	 0.1247512756074 
18.36  	 0.07976607859848646 
18.37  	 0.03381666444946661 
18.38  	 -0.0125415277484756 
18.39  	 -0.05874811770267219 
18.4  	 -0.1042445578004348 
18.41  	 -0.1484808848353095 
18.42  	 -0.1909223679629347 
18.43  	 -0.2310559725262581 
18.44  	 -0.268396561616096 
18.45  	 -0.3024927604023749 
18.46  	 -0.3329324123487202 
18.47  	 -0.3593475613556631 
18.48  	 -0.3814188996088984 
18.49  	 -0.398879627367055 
18.5  	 -0.4115186780323306 
18.51  	 -0.4191832695194952 
18.52  	 -0.4217807510825459 
18.53  	 -0.41927972327483 
18.54  	 -0.4117104175046712 
18.55  	 -0.3991643305985785 
18.56  	 -0.3817931187895492 
18.57  	 -0.359806764499919 
18.58  	 -0.3334710380787906 
18.59  	 -0.3031042851764271 
18.6  	 -0.2690735785897648 
18.61  	 -0.2317902810955323 
18.62  	 -0.1917050729070016 
18.63  	 -0.1493025038627731 
18.64  	 -0.1050951361997706 
18.65  	 -0.05961734871324737 
18.66  	 -0.01341887719797792 
18.67  	 0.03294183074603114 
18.68  	 0.07890436621646156 
18.69  	 0.1239131332209421 
18.7  	 0.1674240647117625 
18.71  	 0.208911199260389 
18.72  	 0.2478730388728752 
18.73  	 0.2838386110935537 
18.74  	 0.3163731621182447 
18.75  	 0.3450834120991452 
18.76  	 0.3696223091153692 
18.77  	 0.389693224343272 
18.78  	 0.4050535377156456 
18.79  	 0.4155175707262395 
18.8  	 0.4209588309280721 
18.81  	 0.4213115409939047 
18.82  	 0.4165714338556195 
18.83  	 0.4067958043106936 
18.84  	 0.392102816471806 
18.85  	 0.3726700754308698 
18.86  	 0.3487324804030175 
18.87  	 0.3205793853012474 
18.88  	 0.2885511010646418 
18.89  	 0.2530347820191098 
18.9  	 0.2144597459965124 
18.91  	 0.1732922847814649 
18.92  	 0.1300300276169736 
18.93  	 0.08519592590242143 
18.94  	 0.03933193179590349 
18.95  	 -0.007007552866084403 
18.96  	 -0.05326237814311827 
18.97  	 -0.09887341705099767 
18.98  	 -0.1432893242598965 
18.99  	 -0.1859732007314944 
19  	 -0.2264090837337124 
19.01  	 -0.2641081837820436 
19.02  	 -0.2986147931156155 
19.03  	 -0.3295117942868897 
19.04  	 -0.3564257022771331 
19.05  	 -0.3790311791890462 
19.06  	 -0.3970549669428189 
19.07  	 -0.4102791904374606 
19.08  	 -0.418543991248589 
19.09  	 -0.4217494600265793 
19.1  	 -0.4198568442359974 
19.11  	 -0.4128890166369397 
19.12  	 -0.4009301988449337 
19.13  	 -0.3841249433106889 
19.14  	 -0.3626763860248803 
19.15  	 -0.3368437910690211 
19.16  	 -0.3069394166929957 
19.17  	 -0.2733247408016219 
19.18  	 -0.2364060914759827 
19.19  	 -0.1966297353467262 
19.2  	 -0.1544764831906911 
19.21  	 -0.1104558779572763 
19.22  	 -0.06510003547922495 
19.23  	 -0.01895721232016753 
19.24  	 0.02741482148966501 
19.25  	 0.07345552472024942 
19.26  	 0.118608360711215 
19.27  	 0.162327524739018 
19.28  	 0.2040845416623913 
19.29  	 0.2433746540939866 
19.3  	 0.2797229238788964 
19.31  	 0.3126899731255177 
19.32  	 0.3418772953918954 
19.33  	 0.3669320728259477 
19.34  	 0.3875514410304308 
19.35  	 0.4034861500989721 
19.36  	 0.4145435775685706 
19.37  	 0.4205900568680498 
19.38  	 0.4215524931158397 
19.39  	 0.4174192467352175 
19.4  	 0.408240274205373 
19.41  	 0.3941265242465001 
19.42  	 0.3752485967372091 
19.43  	 0.3518346805747404 
19.44  	 0.3241677954042201 
19.45  	 0.2925823705583389 
19.46  	 0.2574602025601592 
19.47  	 0.2192258400540703 
19.48  	 0.1783414519506227 
19.49  	 0.1353012408183912 
19.5  	 0.09062546905253112 
19.51  	 0.04485417003075842 
19.52  	 -0.001459379724597856 
19.53  	 -0.0477553484712749 
19.54  	 -0.09347411641547707 
19.55  	 -0.1380630403237955 
19.56  	 -0.1809831338085401 
19.57  	 -0.2217155825364079 
19.58  	 -0.259768015605058 
19.59  	 -0.294680457280165 
19.6  	 -0.3260308871488199 
19.61  	 -0.3534403414785642 
19.62  	 -0.3765774941174732 
19.63  	 -0.3951626615612612 
19.64  	 -0.4089711837748012 
19.65  	 -0.4178361399002274 
19.66  	 -0.4216503660244859 
19.67  	 -0.4203677506150881 
19.68  	 -0.414003791964627 
19.69  	 -0.4026354109052122 
19.7  	 -0.3864000210561827 
19.71  	 -0.3654938678432316 
19.72  	 -0.3401696563662046 
19.73  	 -0.3107334967889115 
19.74  	 -0.2775412041742917 
19.75  	 -0.2409939974913599 
19.76  	 -0.2015336497832881 
19.77  	 -0.1596371481203711 
19.78  	 -0.1158109278869356 
19.79  	 -0.07058475109724154 
19.8  	 -0.02450530273773626 
19.81  	 0.02187041745778331 
19.82  	 0.06798182792144564 
19.83  	 0.1132715414663654 
19.84  	 0.1571921028940245 
19.85  	 0.1992126065507186 
19.86  	 0.2388251138409243 
19.87  	 0.2755507931239444 
19.88  	 0.3089457077750313 
19.89  	 0.3386061824463463 
19.9  	 0.3641736826601825 
19.91  	 0.385339148751125 
19.92  	 0.4018467317683705 
19.93  	 0.4134968861789107 
19.94  	 0.4201487819872314 
19.95  	 0.4217220071135628 
19.96  	 0.4181975394522652 
19.97  	 0.4096179768597119 
19.98  	 0.3960870222911178 
19.99  	 0.3777682303094029 
20  	 0.3548830301175303 
20.01  	 0.3277080490110537 
20.02  	 0.2965717686041183 
20.03  	 0.2618505542472375 
20.04  	 0.2239641056323287 
20.05  	 0.1833703835766311 
20.06  	 0.1405600743095556 
20.07  	 0.09605065817654215 
20.08  	 0.05038015445640834 
20.09  	 0.00410061790320711 
20.1  	 -0.04222853437486175 
20.11  	 -0.08804728503600676 
20.12  	 -0.132801785886047 
20.13  	 -0.1759510526926249 
20.14  	 -0.2169735045075775 
20.15  	 -0.2553732684502742 
20.16  	 -0.2906861737416383 
20.17  	 -0.3224853625333696 
20.18  	 -0.3503864497095176 
20.19  	 -0.3740521692897394 
20.2  	 -0.3931964512687094 
20.21  	 -0.4075878796115533 
20.22  	 -0.4170524896051361 
20.23  	 -0.421475870751107 
20.24  	 -0.4208045497807896 
20.25  	 -0.415046637073942 
20.26  	 -0.4042717286670958 
20.27  	 -0.3886100650355686 
20.28  	 -0.3682509568171179 
20.29  	 -0.3434404965064256 
20.3  	 -0.3144785837804376 
20.31  	 -0.2817153004115929 
20.32  	 -0.2455466785876762 
20.33  	 -0.2064099137898662 
20.34  	 -0.1647780800942263 
20.35  	 -0.1211544117767839 
20.36  	 -0.07606622034488464 
20.37  	 -0.03005852052394452 
20.38  	 0.01631255775218656 
20.39  	 0.06248649171371751 
20.4  	 0.1079051412306525 
20.41  	 0.152019495492192 
20.42  	 0.194296309336755 
20.43  	 0.2342245490139595 
20.44  	 0.27132156946384 
20.45  	 0.3051389484429965 
20.46  	 0.3352679069761815 
20.47  	 0.3613442506115019 
20.48  	 0.3830527717504001 
20.49  	 0.4001310598374459 
20.5  	 0.4123726733530451 
20.51  	 0.4196296352662581 
20.52  	 0.4218142217828733 
20.53  	 0.418900022766426 
20.54  	 0.4109222610135972 
20.55  	 0.3979773665243062 
20.56  	 0.3802218109122844 
20.57  	 0.3578702160450988 
20.58  	 0.3311927597757214 
20.59  	 0.3005119101241754 
20.6  	 0.2661985273854624 
20.61  	 0.2286673812804683 
20.62  	 0.1883721373370001 
20.63  	 0.1457998731047439 
20.64  	 0.1014651904899992 
20.65  	 0.05590399537972385 
20.66  	 0.009667019744438376 
20.67  	 -0.03668683547622872 
20.68  	 -0.08259725623562694 
20.69  	 -0.1275092883269215 
20.7  	 -0.1708800455442589 
20.71  	 -0.212185271971899 
20.72  	 -0.250925679077367 
20.73  	 -0.2866329810074971 
20.74  	 -0.3188755551335892 
20.75  	 -0.3472636594223653 
20.76  	 -0.3714541435660001 
20.77  	 -0.3911545969238779 
20.78  	 -0.4061268831366169 
20.79  	 -0.4161900186863047 
20.8  	 -0.4212223606074568 
20.81  	 -0.42116307690375 
20.82  	 -0.4160128818962703 
20.83  	 -0.4058340276142351 
20.84  	 -0.3907495513320011 
20.85  	 -0.3709417883476606 
20.86  	 -0.3466501679802398 
20.87  	 -0.3181683194265658 
20.88  	 -0.2858405224616281 
20.89  	 -0.2500575458848418 
20.9  	 -0.211251924016575 
20.91  	 -0.1698927283407609 
20.92  	 -0.1264798974929859 
20.93  	 -0.08153819413182435 
20.94  	 -0.03561086174084425 
20.95  	 0.01074694196317847 
20.96  	 0.05697485564086274 
20.97  	 0.1025140878429658 
20.98  	 0.1468141715489814 
20.99  	 0.189339618083895 
21  	 0.2295763899823313 
21.01  	 0.2670381145574077 
21.02  	 0.3012719630659237 
21.03  	 0.3318641244040323 
21.04  	 0.3584448071682049 
21.05  	 0.3806927096178682 
21.06  	 0.3983389035074386 
21.07  	 0.4111700848409403 
21.08  	 0.4190311522544882 
21.09  	 0.4218270818597004 
21.1  	 0.4195240758851125 
21.11  	 0.4121499712309261 
21.12  	 0.3997939029983775 
21.13  	 0.3826052270608086 
21.14  	 0.3607917146998 
21.15  	 0.33461704112931 
21.16  	 0.3043975982654946 
21.17  	 0.2704986702687284 
21.18  	 0.2333300180869728 
21.19  	 0.1933409263730583 
21.2  	 0.1510147726478764 
21.21  	 0.1068631843557393 
21.22  	 0.06141985444032829 
21.23  	 0.01523409019671405 
21.24  	 -0.03113582662026688 
21.25  	 -0.07712938817011987 
21.26  	 -0.1221906358104006 
21.27  	 -0.1657748803918432 
21.28  	 -0.2073552863318139 
21.29  	 -0.2464292398789515 
21.3  	 -0.2825244245912014 
21.31  	 -0.3152045305878809 
21.32  	 -0.3440745285639181 
21.33  	 -0.3687854448148403 
21.34  	 -0.3890385795532689 
21.35  	 -0.4045891175266906 
21.36  	 -0.4152490872920822 
21.37  	 -0.4208896333763958 
21.38  	 -0.4214425738572997 
21.39  	 -0.4169012245365654 
21.4  	 -0.4073204797434799 
21.41  	 -0.3928161487915195 
21.42  	 -0.3735635561089006 
21.43  	 -0.3497954219643449 
21.44  	 -0.3217990494050934 
21.45  	 -0.2899128514109504 
21.46  	 -0.2545222602430373 
21.47  	 -0.2160550684342781 
21.48  	 -0.1749762577383357 
21.49  	 -0.1317823785437044 
21.5  	 -0.08699554769303229 
21.51  	 -0.04115713726070532 
21.52  	 0.005178769422601599 
21.53  	 0.05145207539664757 
21.54  	 0.09710344038990081 
21.55  	 0.1415810419916993 
21.56  	 0.1843472459504251 
21.57  	 0.2248851049690288 
21.58  	 0.2627046074415947 
21.59  	 0.2973486005979251 
21.6  	 0.3283983164583879 
21.61  	 0.3554784338024609 
21.62  	 0.3782616149632871 
21.63  	 0.3964724626081098 
21.64  	 0.4098908486763834 
21.65  	 0.418354575235605 
21.66  	 0.4217613350914445 
21.67  	 0.4200699484524845 
21.68  	 0.4133008607011391 
21.69  	 0.4015358952537812 
21.7  	 0.3849172644974432 
21.71  	 0.3636458507586016 
21.72  	 0.3379787780833903 
21.73  	 0.3082263041808679 
21.74  	 0.2747480700989787 
21.75  	 0.2379487529661231 
21.76  	 0.1982731743470506 
21.77  	 0.1562009233422728 
21.78  	 0.1122405594255023 
21.79  	 0.06692346509422077 
21.8  	 0.02079742264079958 
21.81  	 -0.02558000731293131 
21.82  	 -0.0716482254792609 
21.83  	 -0.1168503702984287 
21.84  	 -0.1606400491514938 
21.85  	 -0.2024879430267422 
21.86  	 -0.2418882048038045 
21.87  	 -0.2783645738148241 
21.88  	 -0.3114761327707035 
21.89  	 -0.3408226374647423 
21.9  	 -0.3660493548286202 
21.91  	 -0.3868513508601294 
21.92  	 -0.4029771765907419 
21.93  	 -0.4142319075379685 
21.94  	 -0.4204794999024882 
21.95  	 -0.4216444350287024 
21.96  	 -0.4177126322510078 
21.97  	 -0.4087316190914914 
21.98  	 -0.3948099567517875 
21.99  	 -0.3761159278436949 
22  	 -0.3528755022209836 
22.01  	 -0.3253696055009991 
22.02  	 -0.2939307232937031 
22.03  	 -0.2589388821853495 
22.04  	 -0.2208170560580324 
22.05  	 -0.1800260532722808 
22.06  	 -0.1370589465156207 
22.07  	 -0.0924351126475831 
22.08  	 -0.04669395458653816 
22.09  	 -0.0003883811265532574 
22.1  	 0.04592187650107454 
22.11  	 0.09167703053353618 
22.12  	 0.136324003265081 
22.13  	 0.1793231125247906 
22.14  	 0.2201545952318418 
22.15  	 0.2583248901719878 
22.16  	 0.2933726040513618 
22.17  	 0.3248740887107542 
22.18  	 0.3524485620842968 
22.19  	 0.3757627110018877 
22.2  	 0.3945347201973756 
22.21  	 0.4085376788210719 
22.22  	 0.4176023232792826 
22.23  	 0.4216190832462364 
22.24  	 0.4205394061166247 
22.25  	 0.4143763438892208 
22.26  	 0.4032043953874802 
22.27  	 0.3871586057244573 
22.28  	 0.3664329338975329 
22.29  	 0.3412779082452877 
22.3  	 0.3119975981068001 
22.31  	 0.2789459382895453 
22.32  	 0.2425224507747965 
22.33  	 0.2031674153759325 
22.34  	 0.161356547725553 
22.35  	 0.1175952489228739 
22.36  	 0.07241249635060761 
22.37  	 0.02635444950750342 
22.38  	 -0.02002215185149314 
22.39  	 -0.06615671746643968 
22.4  	 -0.1114915828661266 
22.41  	 -0.1554787502949 
22.42  	 -0.1975865127891502 
22.43  	 -0.2373058813330494 
22.44  	 -0.2741567374039026 
22.45  	 -0.3076936365360048 
22.46  	 -0.3375111927512046 
22.47  	 -0.363248978770072 
22.48  	 -0.3845958827713008 
22.49  	 -0.4012938690356021 
22.5  	 -0.4131410970164903 
22.51  	 -0.4199943611352909 
22.52  	 -0.421770821808738 
22.53  	 -0.418449006785023 
22.54  	 -0.4100690706844042 
22.55  	 -0.3967323096072288 
22.56  	 -0.378599936676812 
22.57  	 -0.3558911333181896 
22.58  	 -0.3288803998286801 
22.59  	 -0.2978942372660056 
22.6  	 -0.263307200762723 
22.61  	 -0.2255373719738793 
22.62  	 -0.185041305385789 
22.63  	 -0.1423085095744694 
22.64  	 -0.09785553012245186 
22.65  	 -0.05221970571939787 
22.66  	 -0.005952672920657315 
22.67  	 0.04038630192257806 
22.68  	 0.08623708295920625 
22.69  	 0.1310454356436291 
22.7  	 0.1742697262060278 
22.71  	 0.2153874688061531 
22.72  	 0.2539016412296428 
22.73  	 0.2893466927844262 
22.74  	 0.321294171774731 
22.75  	 0.3493579045292667 
22.76  	 0.3731986633805133 
22.77  	 0.3925282671695722 
22.78  	 0.4071130647107719 
22.79  	 0.4167767591085341 
22.8  	 0.421402538786998 
22.81  	 0.4209344894729401 
22.82  	 0.4153782700644169 
22.83  	 0.40480104421544 
22.84  	 0.3893306684638053 
22.85  	 0.3691541467159005 
22.86  	 0.3445153697705519 
22.87  	 0.3157121672060221 
22.88  	 0.2830927072667662 
22.89  	 0.2470512882669724 
22.9  	 0.2080235723842886 
22.91  	 0.1664813194561082 
22.92  	 0.1229266844356459 
22.93  	 0.07788614743915594 
22.94  	 0.03190414975627105 
22.95  	 -0.01446348724937969 
22.96  	 -0.06065628079867977 
22.97  	 -0.1061158617004719 
22.98  	 -0.1502927238054429 
22.99  	 -0.1926528663240502 
23  	 -0.2326842487178076 
23.01  	 -0.2699029801384056 
23.02  	 -0.3038591685979236 
23.03  	 -0.3341423591668411 
23.04  	 -0.3603864954637708 
23.05  	 -0.3822743444637728 
23.06  	 -0.3995413311388876 
23.07  	 -0.4119787365788233 
23.08  	 -0.4194362209334713 
23.09  	 -0.4218236406806571 
23.1  	 -0.4191121382523855 
23.11  	 -0.4113344908485265 
23.12  	 -0.398584714221637 
23.13  	 -0.3810169262224795 
23.14  	 -0.3588434838433872 
23.15  	 -0.332332416278926 
23.16  	 -0.3018041850322864 
23.17  	 -0.2676278102308549 
23.18  	 -0.2302164099754992 
23.19  	 -0.1900222066427744 
23.2  	 -0.1475310605033374 
23.21  	 -0.103256596732821 
23.22  	 -0.05773399680708916 
23.23  	 -0.01151352932995824 
23.24  	 0.03484610150815658 
23.25  	 0.08078450943842592 
23.26  	 0.1257463999533496 
23.27  	 0.1691882825972651 
23.28  	 0.2105850405709281 
23.29  	 0.2494362782376186 
23.3  	 0.2852723698042818 
23.31  	 0.317660136061398 
23.32  	 0.3462080805632714 
23.33  	 0.3705711219541743 
23.34  	 0.3904547652374623 
23.35  	 0.4056186615659761 
23.36  	 0.4158795135238588 
23.37  	 0.4211132907814064 
23.38  	 0.4212567293405649 
23.39  	 0.4163080962486843 
23.4  	 0.4063272105368282 
23.41  	 0.3914347201296797 
23.42  	 0.3718106434676515 
23.43  	 0.3476921934700021 
23.44  	 0.3193709101424032 
23.45  	 0.2871891364896497 
23.46  	 0.2515358803319336 
23.47  	 0.212842112046594 
23.48  	 0.1715755550749201 
23.49  	 0.1282350321660887 
23.5  	 0.08334443569900057 
23.51  	 0.03744639496823616 
23.52  	 -0.008904283017271558 
23.53  	 -0.05514731993695363 
23.54  	 -0.1007237386961452 
23.55  	 -0.1450826202344321 
23.56  	 -0.1876877629285805 
23.57  	 -0.2280241640935882 
23.58  	 -0.2656042452338944 
23.59  	 -0.2999737457957486 
23.6  	 -0.3307172141778768 
23.61  	 -0.3574630296263327 
23.62  	 -0.3798878943099424 
23.63  	 -0.3977207412768578 
23.64  	 -0.4107460110539279 
23.65  	 -0.4188062572818416 
23.66  	 -0.4218040498897827 
23.67  	 -0.4197031528044493 
23.68  	 -0.4125289619575759 
23.69  	 -0.4003681982975152 
23.7  	 -0.3833678595157508 
23.71  	 -0.3617334431597027 
23.72  	 -0.3357264626107186 
23.73  	 -0.3056612859534268 
23.74  	 -0.2719013359480875 
23.75  	 -0.2348546970394774 
23.76  	 -0.1949691825043966 
23.77  	 -0.1527269213652358 
23.78  	 -0.1086385305015654 
23.79  	 -0.06323694240694737 
23.8  	 -0.01707096319886487 
23.81  	 0.02930136124748479 
23.82  	 0.0753194908536878 
23.83  	 0.1204271670410512 
23.84  	 0.1640791366792129 
23.85  	 0.2057477430022366 
23.86  	 0.244929303822591 
23.87  	 0.2811501999444881 
23.88  	 0.3139726001807258 
23.89  	 0.3429997537705545 
23.9  	 0.367880786224557 
23.91  	 0.3883149406254348 
23.92  	 0.4040552131167474 
23.93  	 0.4149113386344016 
23.94  	 0.4207520907901995 
23.95  	 0.4215068681067778 
23.96  	 0.417166547429953 
23.97  	 0.4077835942026353 
23.98  	 0.393471428267362 
23.99  	 0.3744030528636805 
24  	 0.3508089633926578 
24.01  	 0.3229743612271654 
24.02  	 0.2912357062469957 
24.03  	 0.2559766497708366 
24.04  	 0.2176233970476502 
24.05  	 0.1766395553640249 
24.06  	 0.1335205300435525 
24.07  	 0.08878753607762582 
24.08  	 0.04298129777422706 
24.09  	 -0.003344487417603273 
24.1  	 -0.04962984189999257 
24.11  	 -0.09531527683115548 
24.12  	 -0.1398485551220369 
24.13  	 -0.1826913667744791 
24.14  	 -0.2233258358711643 
24.15  	 -0.2612607805617219 
24.16  	 -0.2960376503756122 
24.17  	 -0.3272360690927679 
24.18  	 -0.3544789161705766 
24.19  	 -0.3774368853042604 
24.2  	 -0.3958324650173795 
24.21  	 -0.4094432931660284 
24.22  	 -0.4181048448079848 
24.23  	 -0.4217124209466009 
24.24  	 -0.4202224141096984 
24.25  	 -0.4136528354655973 
24.26  	 -0.4020830971044905 
24.27  	 -0.3856530521170736 
24.28  	 -0.3645613040736517 
24.29  	 -0.3390628063387231 
24.3  	 -0.3094657802396627 
24.31  	 -0.2761279893426756 
24.32  	 -0.23945241487145 
24.33  	 -0.1998823845434012 
24.34  	 -0.1578962137054408 
24.35  	 -0.1140014235458648 
24.36  	 -0.06872860627184389 
24.37  	 -0.02262501140885699 
24.38  	 0.02375206924995069 
24.39  	 0.06984203808345807 
24.4  	 0.115087768042142 
24.41  	 0.1589423370958088 
24.42  	 0.2008756393248621 
24.43  	 0.2403807927411465 
24.44  	 0.2769802663822991 
24.45  	 0.3102316526160944 
24.46  	 0.3397330148805057 
24.47  	 0.3651277462167323 
24.48  	 0.3861088798666024 
24.49  	 0.4024227998281643 
24.5  	 0.4138723065175063 
24.51  	 0.4203190004792721 
24.52  	 0.4216849553322161 
24.53  	 0.4179536597275951 
24.54  	 0.4091702169341322 
24.55  	 0.3954407996370129 
24.56  	 0.3769313665413029 
24.57  	 0.3538656562931694 
24.58  	 0.3265224829680128 
24.59  	 0.2952323658173117 
24.6  	 0.260373534012944 
24.61  	 0.2223673546830857 
24.62  	 0.1816732395045483 
24.63  	 0.138783091420024 
24.64  	 0.0942153586068873 
24.65  	 0.04850876757235246 
24.66  	 0.002215811128063934 
24.67  	 -0.04410393003986732 
24.68  	 -0.08989055147741976 
24.69  	 -0.1345905929830429 
24.7  	 -0.1776637287309317 
24.71  	 -0.2185892986285225 
24.72  	 -0.2568726019580203 
24.73  	 -0.2920508772261878 
24.74  	 -0.3236988959383693 
24.75  	 -0.3514341026810533 
24.76  	 -0.3749212393800251 
24.77  	 -0.3938763978371346 
24.78  	 -0.4080704515595956 
24.79  	 -0.4173318253981326 
24.8  	 -0.4215485695155269 
24.81  	 -0.4206697126154447 
24.82  	 -0.4147058780742556 
24.83  	 -0.4037291555279951 
24.84  	 -0.3878722294667998 
24.85  	 -0.3673267753701344 
24.86  	 -0.3423411427700777 
24.87  	 -0.3132173532492658 
24.88  	 -0.2803074496613232 
24.89  	 -0.2440092407034583 
24.9  	 -0.2047614922802079 
24.91  	 -0.1630386237841649 
24.92  	 -0.1193449734039213 
24.93  	 -0.07420870177942204 
24.94  	 -0.02817540769575756 
24.95  	 0.01819846701197943 
24.96  	 0.0643523636227836 
24.97  	 0.109728382457774 
24.98  	 0.1537780266666856 
24.99  	 0.1959688323543589 
25  	 0.2357908049044452 
25.01  	 0.2727625836985567 
25.02  	 0.3064372607130639 
25.03  	 0.3364077826598105 
25.04  	 0.3623118713700406 
25.05  	 0.3838364029456455 
25.06  	 0.4007211927425827 
25.07  	 0.4127621404349071 
25.08  	 0.4198136971421803 
25.09  	 0.4217906247980984 
25.1  	 0.4186690264935225 
25.11  	 0.4104866353392186 
25.12  	 0.3973423583565909 
25.13  	 0.3793950809098206 
25.14  	 0.3568617461311138 
25.15  	 0.3300147325546441 
25.16  	 0.2991785616578395 
25.17  	 0.2647259751085194 
25.18  	 0.2270734291356059 
25.19  	 0.1866760604862678 
25.2  	 0.1440221848202997 
25.21  	 0.09962739404385883 
25.22  	 0.05402832393323179 
25.23  	 0.007776167383793576 
25.24  	 -0.0385699883044098 
25.25  	 -0.08444991956777319 
25.26  	 -0.1293090384551096 
25.27  	 -0.1726050963814704 
25.28  	 -0.2138147387265694 
25.29  	 -0.252439831046264 
25.3  	 -0.2880134804280743 
25.31  	 -0.3201056792046535 
25.32  	 -0.3483285028059176 
25.33  	 -0.3723407989188047 
25.34  	 -0.3918523112729186 
25.35  	 -0.4066271882047821 
25.36  	 -0.4164868335896006 
25.37  	 -0.4213120656791251 
25.38  	 -0.4210445577498884 
25.39  	 -0.4156875431476208 
25.4  	 -0.4053057762053034 
25.41  	 -0.3900247495072984 
25.42  	 -0.3700291769610421 
25.43  	 -0.3455607610127456 
25.44  	 -0.3169152709963942 
25.45  	 -0.2844389679325176 
25.46  	 -0.2485244189929135 
25.47  	 -0.209605752225539 
25.48  	 -0.1681534088990521 
25.49  	 -0.124668456900324 
25.5  	 -0.07967653392267138 
25.51  	 -0.03372149365897781 
25.52  	 0.01264116819676652 
25.53  	 0.05885102867476928 
25.54  	 0.1043495118144268 
25.55  	 0.1485866406238608 
25.56  	 0.1910276850964017 
25.57  	 0.2311596259250204 
25.58  	 0.2684973557821662 
25.59  	 0.3025895432049852 
25.6  	 0.3330240882047801 
25.61  	 0.359433103654018 
25.62  	 0.3814973622370279 
25.63  	 0.3989501552102669 
25.64  	 0.4115805163284604 
25.65  	 0.419235771966188 
25.66  	 0.4218233866096035 
25.67  	 0.4193120814103061 
25.68  	 0.4117322122804656 
25.69  	 0.3991754029588634 
25.7  	 0.3817934374832373 
25.71  	 0.3597964254564442 
25.72  	 0.3334502622844779 
25.73  	 0.3030734150861928 
25.74  	 0.2690330731264502 
25.75  	 0.2317407093049487 
25.76  	 0.1916471063529872 
25.77  	 0.1492369078605242 
25.78  	 0.1050227599992128 
25.79  	 0.05953911475588008 
25.8  	 0.01333576958072261 
25.81  	 -0.03302877845715482 
25.82  	 -0.07899408367409434 
25.83  	 -0.1240045263309371 
25.84  	 -0.1675160288570209 
25.85  	 -0.2090026325551562 
25.86  	 -0.2479628552892645 
25.87  	 -0.2839257533044338 
25.88  	 -0.3164566139049535 
25.89  	 -0.3451622101787307 
25.9  	 -0.3696955542496758 
25.91  	 -0.3897600916017642 
25.92  	 -0.405113285774615 
25.93  	 -0.4155695500993132 
25.94  	 -0.4210024910364077 
25.95  	 -0.4213464359988684 
25.96  	 -0.416597227192014 
25.97  	 -0.406812271874604 
25.98  	 -0.3921098484334833 
25.99  	 -0.372667676659914 
26  	 -0.348720769509593 
26.01  	 -0.3205585923139792 
26.02  	 -0.2885215637818876 
26.03  	 -0.2529969410862165 
26.04  	 -0.2144141387766189 
26.05  	 -0.1732395381013754 
26.06  	 -0.1299708494832797 
26.07  	 -0.08513109629408031 
26.08  	 -0.03926229265070583 
26.09  	 0.007081108344950803 
26.1  	 0.05333891672673826 
26.11  	 0.09895197713114733 
26.12  	 0.1433689277585131 
26.13  	 0.1860528651271363 
26.14  	 0.2264878340585418 
26.15  	 0.2641850644438373 
26.16  	 0.2986888794024726 
26.17  	 0.3295822034167969 
26.18  	 0.3564916038608831 
26.19  	 0.3790918049829412 
26.2  	 0.3971096197768885 
26.21  	 0.4103272522155209 
26.22  	 0.4185849299283613 
26.23  	 0.421782835501076 
26.24  	 0.4198823130510581 
26.25  	 0.4129063354944764 
26.26  	 0.4009392268563921 
26.27  	 0.3841256429807161 
26.28  	 0.3626688229608003 
26.29  	 0.3368281324272798 
26.3  	 0.3069159283889549 
26.31  	 0.2732937835244365 
26.32  	 0.2363681155641073 
26.33  	 0.1965852745937034 
26.34  	 0.1544261476634183 
26.35  	 0.1104003459205778 
26.36  	 0.06504004453098071 
26.37  	 0.01889354985047045 
26.38  	 -0.02748132839412933 
26.39  	 -0.0735240197994083 
26.4  	 -0.1186779693503755 
26.41  	 -0.1623973649484488 
26.42  	 -0.204153735081495 
26.43  	 -0.2434423368842378 
26.44  	 -0.2797882573718551 
26.45  	 -0.3127521540958851 
26.46  	 -0.3419355658307409 
26.47  	 -0.3669857290960008 
26.48  	 -0.3875998422937043 
26.49  	 -0.4035287259160752 
26.5  	 -0.4145798345802971 
26.51  	 -0.420619584481036 
26.52  	 -0.4215749681270708 
26.53  	 -0.4174344368434197 
26.54  	 -0.4082480403713726 
26.55  	 -0.3941268218789306 
26.56  	 -0.3752414756947261 
26.57  	 -0.3518202839903561 
26.58  	 -0.3241463573520809 
26.59  	 -0.2925542125974625 
26.6  	 -0.257425729203368 
26.61  	 -0.2191855332234218 
26.62  	 -0.1782958644930039 
26.63  	 -0.1352509891663098 
26.64  	 -0.09057122512521987 
26.65  	 -0.04479665247994578 
26.66  	 0.001519414812411816 
26.67  	 0.04781711729773418 
26.68  	 0.09353681749536853 
26.69  	 0.1381258646858527 
26.7  	 0.1810452752440755 
26.71  	 0.2217762477675913 
26.72  	 0.2598264342461221 
26.73  	 0.2947358914681518 
26.74  	 0.3260826407244441 
26.75  	 0.3534877686046513 
26.76  	 0.3766200072289778 
26.77  	 0.3951997385501276 
26.78  	 0.4090023743225172 
26.79  	 0.4178610708819622 
26.8  	 0.4216687459205019 
26.81  	 0.420379372877602 
26.82  	 0.4140085373016447 
26.83  	 0.4026332484563434 
26.84  	 0.3863910084494294 
26.85  	 0.3654781501357111 
26.86  	 0.34014746388565 
26.87  	 0.3107051419064953 
26.88  	 0.2775070770526104 
26.89  	 0.2409545608639712 
26.9  	 0.2014894328342759 
26.91  	 0.1595887395432981 
26.92  	 0.1157589682127072 
26.93  	 0.07052992438931854 
26.94  	 0.0244483277606913 
26.95  	 -0.02192879648406505 
26.96  	 -0.06804085086462336 
26.97  	 -0.1133304420007893 
26.98  	 -0.1572501182738278 
26.99  	 -0.1992689873133992 
27  	 -0.2388791333201562 
27.01  	 -0.2756017566519562 
27.02  	 -0.3089929614597418 
27.03  	 -0.3386491214136432 
27.04  	 -0.3642117586588149 
27.05  	 -0.3853718770259138 
27.06  	 -0.4018736971164296 
27.07  	 -0.4135177481144886 
27.08  	 -0.4201632789516187 
27.09  	 -0.4217299596787994 
27.1  	 -0.4181988524800413 
27.11  	 -0.4096126405899717 
27.12  	 -0.3960751123483158 
27.13  	 -0.3777499066279743 
27.14  	 -0.3548585348016154 
27.15  	 -0.3276777031569111 
27.16  	 -0.2965359681265163 
27.17  	 -0.2618097647636065 
27.18  	 -0.2239188564702158 
27.19  	 -0.1833212609808295 
27.2  	 -0.1405077139351948 
27.21  	 -0.0959957369633541 
27.22  	 -0.05032338198708661 
27.23  	 -0.004042727354795076 
27.24  	 0.04228679557189951 
27.25  	 0.08810516471389156 
27.26  	 0.1328585367106464 
27.27  	 0.1760059416690944 
27.28  	 0.2170258223010179 
27.29  	 0.2554223384043209 
27.3  	 0.2907313604818719 
27.31  	 0.3225260800471569 
27.32  	 0.3504221688013126 
27.33  	 0.3740824243180483 
27.34  	 0.3932208460802634 
27.35  	 0.4076060925982947 
27.36  	 0.4170642778206012 
27.37  	 0.4214810730345333 
27.38  	 0.4208030888497363 
27.39  	 0.4150385205591359 
27.4  	 0.4042570490764238 
27.41  	 0.3885889986475287 
27.42  	 0.3682237615174213 
27.43  	 0.3434075085946951 
27.44  	 0.3144402137867857 
27.45  	 0.2816720279752064 
27.46  	 0.2454990464613168 
27.47  	 0.2063585210451846 
27.48  	 0.1647235746124979 
27.49  	 0.1210974821192409 
27.5  	 0.07600758710365334 
27.51  	 0.02999892726207772 
27.52  	 -0.01637235385858981 
27.53  	 -0.06254572941417387 
27.54  	 -0.1079630648004716 
27.55  	 -0.1520753642742398 
27.56  	 -0.1943494071048869 
27.57  	 -0.2342741930413268 
27.58  	 -0.2713671191820656 
27.59  	 -0.3051798135835926 
27.6  	 -0.335303555091956 
27.61  	 -0.3613742138833426 
27.62  	 -0.3830766529935831 
27.63  	 -0.4001485376315423 
27.64  	 -0.4123835062304339 
27.65  	 -0.4196336649058047 
27.66  	 -0.4218113751677589 
27.67  	 -0.4188903132778896 
27.68  	 -0.4109057884456106 
27.69  	 -0.3979543160176104 
27.7  	 -0.3801924508196158 
27.71  	 -0.3578348947527488 
27.72  	 -0.331151901519631 
27.73  	 -0.3004660098511041 
27.74  	 -0.2661481447221187 
27.75  	 -0.2286131336839723 
27.76  	 -0.1883146925109926 
27.77  	 -0.1457399407741835 
27.78  	 -0.1014035136360542 
27.79  	 -0.05584134104285979 
27.8  	 -0.009604169509106676 
27.81  	 0.03674909519712859 
27.82  	 0.08265814399668099 
27.83  	 0.1275680374047127 
27.84  	 0.1709359135293274 
27.85  	 0.2122375500788709 
27.86  	 0.2509737010572924 
27.87  	 0.2866761315511061 
27.88  	 0.3189132776603144 
27.89  	 0.3472954631575701 
27.9  	 0.3714796098173224 
27.91  	 0.3911733844775345 
27.92  	 0.4061387327051429 
27.93  	 0.4161947563508612 
27.94  	 0.4212199002102178 
27.95  	 0.4211534213587413 
27.96  	 0.4159961234003226 
27.97  	 0.4058103467533046 
27.98  	 0.3907192150916743 
27.99  	 0.3709051470503583 
28  	 0.3466076511846249 
28.01  	 0.3181204308378367 
28.02  	 0.2857878339134159 
28.03  	 0.2500006904651498 
28.04  	 0.2111915884207909 
28.05  	 0.1698296445442648 
28.06  	 0.1264148338449924 
28.07  	 0.08147194597856498 
28.08  	 0.0355442416928861 
28.09  	 -0.01081311400037529 
28.1  	 -0.05703976255093716 
28.11  	 -0.1025769253733702 
28.12  	 -0.146874158252381 
28.13  	 -0.1893960050036192 
28.14  	 -0.2296284699623405 
28.15  	 -0.2670852310614031 
28.16  	 -0.3013135183962653 
28.17  	 -0.331899587218126 
28.18  	 -0.3584737191984886 
28.19  	 -0.3807146915112027 
28.2  	 -0.3983536597103244 
28.21  	 -0.4111774074684948 
28.22  	 -0.4190309238934909 
28.23  	 -0.4218192772690543 
28.24  	 -0.4195087625703952 
28.25  	 -0.4121273088835888 
28.26  	 -0.3997641418039296 
28.27  	 -0.3825687048942373 
28.28  	 -0.3607488532401539 
28.29  	 -0.3345683409386574 
28.3  	 -0.3043436328900864 
28.31  	 -0.2704400794326688 
28.32  	 -0.2332675000593601 
28.33  	 -0.1932752296003041 
28.34  	 -0.1509466867518922 
28.35  	 -0.1067935306066038 
28.36  	 -0.06134947581865229 
28.37  	 -0.01516384116624422 
28.38  	 0.03120509050546826 
28.39  	 0.07719682069750715 
28.4  	 0.122255410452422 
28.41  	 0.1658362004347673 
28.42  	 0.2074123946658043 
28.43  	 0.2464814283292057 
28.44  	 0.2825710426754314 
28.45  	 0.3152449935921742 
28.46  	 0.3441083248370359 
28.47  	 0.3688121421903551 
28.48  	 0.3890578308195875 
28.49  	 0.404600664876072 
28.5  	 0.4152527656925944 
28.51  	 0.4208853728232496 
28.52  	 0.4214304004738888 
28.53  	 0.4168812605093555 
28.54  	 0.4072929420891117 
28.55  	 0.3927813469686082 
28.56  	 0.3735218885012595 
28.57  	 0.3497473712759062 
28.58  	 0.3217451770202938 
28.59  	 0.2898537907869782 
28.6  	 0.2544587094122037 
28.61  	 0.2159877817056975 
28.62  	 0.1749060366980639 
28.63  	 0.1317100624612201 
28.64  	 0.086922003449193 
28.65  	 0.04108324891853631 
28.66  	 -0.005252111278589887 
28.67  	 -0.0515239844237143 
28.68  	 -0.09717304522253016 
28.69  	 -0.1416474968190897 
28.7  	 -0.1844097408075278 
28.71  	 -0.2249428756157986 
28.72  	 -0.2627569447098712 
28.73  	 -0.2973948590918937 
28.74  	 -0.3284379225016095 
28.75  	 -0.3555108925342543 
28.76  	 -0.3782865164965429 
28.77  	 -0.3964894871723924 
28.78  	 -0.4098997706820751 
28.79  	 -0.4183552662079245 
28.8  	 -0.421753765436754 
28.81  	 -0.4200541880332777 
28.82  	 -0.4132770782106406 
28.83  	 -0.4015043563954635 
28.84  	 -0.3848783289893265 
28.85  	 -0.3635999681964319 
28.86  	 -0.3379264827106149 
28.87  	 -0.3081682086266668 
28.88  	 -0.2746848581582324 
28.89  	 -0.2378811715067845 
28.9  	 -0.1982020244412235 
28.91  	 -0.1561270507266721 
28.92  	 -0.1121648444053699 
28.93  	 -0.06684681201169075 
28.94  	 -0.02072074903406674 
28.95  	 0.02565578172936523 
28.96  	 0.07172218988052861 
28.97  	 0.116921633727892 
28.98  	 0.1607077512796512 
28.99  	 0.2025512645598437 
29  	 0.2419463774166477 
29.01  	 0.2784168894867085 
29.02  	 0.3115219524112583 
29.03  	 0.340861398724381 
29.04  	 0.3660805789982333 
29.05  	 0.3868746487755256 
29.06  	 0.4029922534688956 
29.07  	 0.4142385666854298 
29.08  	 0.4204776452493857 
29.09  	 0.4216340724560828 
29.1  	 0.4176938696937394 
29.11  	 0.4087046654136685 
29.12  	 0.3947751194063623 
29.13  	 0.3760736093427811 
29.14  	 0.3528261954575873 
29.15  	 0.325313887976903 
29.16  	 0.2938692503213876 
29.17  	 0.2588723791443561 
29.18  	 0.220746309797702 
29.19  	 0.1799519027631292 
29.2  	 0.1369822728607743 
29.21  	 0.0923568285736278 
29.22  	 0.04661499353960626 
29.23  	 0.0003096861040416412 
29.24  	 -0.04599936424869251 
29.25  	 -0.09175238279569141 
29.26  	 -0.1363963160225755 
29.27  	 -0.179391516825732 
29.28  	 -0.2202182676607865 
29.29  	 -0.2583830627859602 
29.3  	 -0.2934245736628056 
29.31  	 -0.3249192254046527 
29.32  	 -0.3524863168665923 
29.33  	 -0.3757926224859812 
29.34  	 -0.3945564202472659 
29.35  	 -0.4085508970821411 
29.36  	 -0.4176068905410159 
29.37  	 -0.4216149335951183 
29.38  	 -0.4205265778519952 
29.39  	 -0.414354979189737 
29.4  	 -0.4031747387308231 
29.41  	 -0.3871210010779132 
29.42  	 -0.3663878207118765 
29.43  	 -0.341225816298855 
29.44  	 -0.3119391412604758 
29.45  	 -0.2788818072265061 
29.46  	 -0.2424534048111881 
29.47  	 -0.2030942734399635 
29.48  	 -0.1612801786122889 
29.49  	 -0.1175165609414436 
29.5  	 -0.07233242648700147 
29.51  	 -0.02627395223304211 
29.52  	 0.02010211599223541 
29.53  	 0.06623519335132798 
29.54  	 0.1115676322368957 
29.55  	 0.1555514630071392 
29.56  	 0.1976550177351898 
29.57  	 0.2373693569068799 
29.58  	 0.2742144213818287 
29.59  	 0.3077448352540083 
29.6  	 0.3375552894683361 
29.61  	 0.3632854411168696 
29.62  	 0.3846242691930735 
29.63  	 0.4013138341524463 
29.64  	 0.4131523958349395 
29.65  	 0.4199968520601338 
29.66  	 0.4217644684180004 
29.67  	 0.4184338783458649 
29.68  	 0.4100453414028352 
29.69  	 0.3967002566197456 
29.7  	 0.3785599368071439 
29.71  	 0.3558436586371958 
29.72  	 0.328826012069902 
29.73  	 0.2978335811629551 
29.74  	 0.2632409963874073 
29.75  	 0.2254664061674359 
29.76  	 0.1849664223837588 
29.77  	 0.1422306009384745 
29.78  	 0.09777552409873666 
29.79  	 0.05213855615150673 
29.8  	 0.005871347848765379 
29.81  	 -0.04046683183866063 
29.82  	 -0.08631585605512145 
29.83  	 -0.1311215107640536 
29.84  	 -0.1743421939786414 
29.85  	 -0.2154554625406919 
29.86  	 -0.2539643473111673 
29.87  	 -0.2894033604358488 
29.88  	 -0.3213441220711614 
29.89  	 -0.3494005385558023 
29.9  	 -0.3732334694351437 
29.91  	 -0.3925548269244519 
29.92  	 -0.4071310582574477 
29.93  	 -0.4167859688261223 
29.94  	 -0.4214028519864468 
29.95  	 -0.4209258997851519 
29.96  	 -0.4153608775550479 
29.97  	 -0.404775054224519 
29.98  	 -0.3892963891835481 
29.99  	 -0.3691119855354165 
30  	 -0.3444658284306568 
30.01  	 -0.3156558358219906 
30.02  	 -0.2830302572902241 
30.03  	 -0.2469834644710605 
30.04  	 -0.2079511839679013 
30.05  	 -0.1664052303734383 
30.06  	 -0.1228478030671818 
30.07  	 -0.07780541572736993 
30.08  	 -0.03182253193641483 
30.09  	 0.01454501618834282 
30.1  	 0.06073674678471129 
30.11  	 0.1061943032407672 
30.12  	 0.1503682035004788 
30.13  	 0.192724482095174 
30.14  	 0.2327511446137457 
30.15  	 0.2699643565908693 
30.16  	 0.3039142920032871 
30.17  	 0.3341905706787625 
30.18  	 0.3604272188911075 
30.19  	 0.3823070931789376 
30.2  	 0.399565713913621 
30.21  	 0.4119944622771655 
30.22  	 0.4194431020054507 
30.23  	 0.4218215954146669 
30.24  	 0.4191011917589949 
30.25  	 0.41131477476383 
30.26  	 0.3985564651335071 
30.27  	 0.380980482838471 
30.28  	 0.358799282934173 
30.29  	 0.3322809874458388 
30.3  	 0.3017461443615205 
30.31  	 0.2675638529106649 
30.32  	 0.2301473019646053 
30.33  	 0.1899487754900725 
30.34  	 0.1474541854290358 
30.35  	 0.1031771980899762 
30.36  	 0.05765302504994026 
30.37  	 0.0114319536214789 
30.38  	 -0.03492730491270373 
30.39  	 -0.08086436889262338 
30.4  	 -0.1258239600649493 
30.41  	 -0.1692626156779413 
30.42  	 -0.2106552577530083 
30.43  	 -0.2495015401244866 
30.44  	 -0.2853318965263094 
30.45  	 -0.3177132166171264 
30.46  	 -0.3462540813334262 
30.47  	 -0.3706094942864552 
30.48  	 -0.3904850520111508 
30.49  	 -0.4056405026574392 
30.5  	 -0.4158926501076347 
30.51  	 -0.4211175684151488 
30.52  	 -0.421252099796976 
30.53  	 -0.4162946180725336 
30.54  	 -0.4063050483205184 
30.55  	 -0.3914041425161275 
30.56  	 -0.3717720199047226 
30.57  	 -0.347645989755501 
30.58  	 -0.3193176828133024 
30.59  	 -0.2871295261231673 
30.6  	 -0.2514706038390345 
30.61  	 -0.2127719540505153 
30.62  	 -0.1715013584785907 
30.63  	 -0.1281576880216853 
30.64  	 -0.08326487250165375 
30.65  	 -0.03736556750250609 
30.66  	 0.008985405144205344 
30.67  	 0.05522776393733163 
30.68  	 0.100802540279244 
30.69  	 0.145158835179061 
30.7  	 0.1877604784118981 
30.71  	 0.2280925096397995 
30.72  	 0.2656674031514596 
30.73  	 0.3000309609778684 
30.74  	 0.3307678031483288 
30.75  	 0.3575063887224773 
30.76  	 0.3799235069044609 
30.77  	 0.3977481839517418 
30.78  	 0.4107649586527824 
30.79  	 0.4188164867799133 
30.8  	 0.4218054430356548 
30.81  	 0.4196956975017861 
30.82  	 0.412512752370733 
30.83  	 0.4003434336799995 
30.84  	 0.3833348417759965 
30.85  	 0.3616925731937771 
30.86  	 0.3356782354463136 
30.87  	 0.3056062847639539 
30.88  	 0.2718402250090552 
30.89  	 0.2347882137123035 
30.9  	 0.1948981283442868 
30.91  	 0.1526521524602157 
30.92  	 0.108560947159291 
30.93  	 0.06315747831331156 
30.94  	 0.01699057417933493 
30.95  	 -0.02938170872893823 
30.96  	 -0.07539883131928228 
30.97  	 -0.1205045476077477 
30.98  	 -0.1641536285114478 
30.99  	 -0.2058184524710797 
31  	 -0.2449953832371477 
31.01  	 -0.281210857726552 
31.02  	 -0.314027110360406 
31.03  	 -0.3430474646889243 
31.04  	 -0.3679211283385998 
31.05  	 -0.3883474333220424 
31.06  	 -0.404079470453676 
31.07  	 -0.4149270739397768 
31.08  	 -0.4207591200654299 
31.09  	 -0.4215051121923458 
31.1  	 -0.4171560329084912 
31.11  	 -0.4077644530288329 
31.12  	 -0.3934438961296171 
31.13  	 -0.3743674662976442 
31.14  	 -0.3507657556819384 
31.15  	 -0.322924057140985 
31.16  	 -0.2911789156785042 
31.17  	 -0.2559140603532311 
31.18  	 -0.2175557658372317 
31.19  	 -0.1765676996910032 
31.2  	 -0.1334453176407517 
31.21  	 -0.08870987460640935 
31.22  	 -0.04290212387426505 
31.23  	 0.003424219423069736 
31.24  	 0.0497091715068517 
31.25  	 0.09539324892656764 
31.26  	 0.1399242314865485 
31.27  	 0.1827638373755275 
31.28  	 0.2233942298121047 
31.29  	 0.2613242765542343 
31.3  	 0.2960954866100202 
31.31  	 0.3272875523869507 
31.32  	 0.354523430287991 
31.33  	 0.377473898340912 
31.34  	 0.3958615357690579 
31.35  	 0.4094640763995443 
31.36  	 0.418117095373321 
31.37  	 0.4217159966807861 
31.38  	 0.4202172774979328 
31.39  	 0.4136390540400691 
31.4  	 0.4020608425766209 
31.41  	 0.3856225982541089 
