0.01  	 0.0008718635152133759 
0.02  	 0.003721332849230569 
0.03  	 0.008467603832025661 
0.04  	 0.01498808675211634 
0.05  	 0.02312070897078337 
0.06  	 0.03266686636349823 
0.07000000000000001  	 0.04339497648356723 
0.08  	 0.05504457758439507 
0.09  	 0.06733090969528434 
0.1  	 0.07994990692935 
0.11  	 0.09258352420613991 
0.12  	 0.1049053166770775 
0.13  	 0.1165861864148976 
0.14  	 0.1273002084189231 
0.15  	 0.1367304467298003 
0.16  	 0.1445746714566153 
0.17  	 0.1505508887954337 
0.18  	 0.1544025986432653 
0.19  	 0.1559036981504336 
0.2  	 0.1548629544560138 
0.21  	 0.1511279758483625 
0.22  	 0.1445886176039265 
0.23  	 0.1351797666868546 
0.24  	 0.1228834582313803 
0.25  	 0.107730286159373 
0.26  	 0.08980008027833743 
0.27  	 0.06922183262417766 
0.28  	 0.04617286651606671 
0.29  	 0.02087725263150353 
0.3  	 0.006396512760201197 
0.31  	 0.03533854159665719 
0.32  	 0.06560126367853156 
0.33  	 0.09680376609128626 
0.34  	 0.1285367069692957 
0.35  	 0.1603677395629182 
0.36  	 0.1918473747883969 
0.37  	 0.2225152036048456 
0.38  	 0.2519063947691188 
0.39  	 0.2795583788516739 
0.4  	 0.3050176259232952 
0.41  	 0.3278464220968728 
0.42  	 0.3476295491668271 
0.43  	 0.3639807719508943 
0.44  	 0.3765490396071489 
0.45  	 0.3850243101582507 
0.46  	 0.3891429116727633 
0.47  	 0.3886923589807902 
0.48  	 0.3835155513728183 
0.49  	 0.3735142843656452 
0.5  	 0.3586520172223359 
0.51  	 0.3389558473757557 
0.52  	 0.314517653106918 
0.53  	 0.2854943766394101 
0.54  	 0.252107431090025 
0.55  	 0.2146412263170642 
0.5600000000000001  	 0.1734408204802216 
0.5700000000000001  	 0.1289087159150113 
0.58  	 0.08150082957486846 
0.59  	 0.03172167965071595 
0.6  	 0.01988115911065583 
0.61  	 0.07272326854831626 
0.62  	 0.1261901962598576 
0.63  	 0.1796447796505029 
0.64  	 0.2324348959622974 
0.65  	 0.2839015427372482 
0.66  	 0.3333871477057048 
0.67  	 0.380244002896228 
0.68  	 0.423842714900059 
0.6900000000000001  	 0.4635805617396716 
0.7000000000000001  	 0.4988896467168181 
0.71  	 0.529244740963005 
0.72  	 0.5541707091782804 
0.73  	 0.5732494171981793 
0.74  	 0.5861260255310672 
0.75  	 0.5925145797989739 
0.76  	 0.5922028170172534 
0.77  	 0.5850561157689816 
0.78  	 0.5710205284610523 
0.79  	 0.5501248448687598 
0.8  	 0.5224816479505499 
0.8100000000000001  	 0.4882873353003435 
0.8200000000000001  	 0.4478210924483098 
0.8300000000000001  	 0.4014428173623514 
0.84  	 0.3495900087771285 
0.85  	 0.2927736442176457 
0.86  	 0.2315730866220341 
0.87  	 0.1666300711363829 
0.88  	 0.09864183579006952 
0.89  	 0.02835347120535571 
0.9  	 0.04345042489985364 
0.91  	 0.1159546930327176 
0.92  	 0.1883230531713162 
0.93  	 0.2597079307478963 
0.9400000000000001  	 0.3292605502189991 
0.9500000000000001  	 0.396141174521158 
0.96  	 0.4595293656401789 
0.97  	 0.5186341399814305 
0.98  	 0.5727038922492134 
0.99  	 0.621035963137193 
1  	 0.6629857292910308 
1.01  	 0.6979750987017381 
1.02  	 0.7255003008768877 
1.03  	 0.7451388687512586 
1.04  	 0.7565557182548195 
1.05  	 0.7595082416531327 
1.06  	 0.7538503420962144 
1.07  	 0.739535349124555 
1.08  	 0.7166177680405372 
1.09  	 0.6852538299032067 
1.1  	 0.6457008232782695 
1.11  	 0.5983152035996646 
1.12  	 0.5435494908949712 
1.13  	 0.4819479815119072 
1.14  	 0.414141314173905 
1.15  	 0.3408399450069901 
1.16  	 0.2628265999393467 
1.17  	 0.1809477859060063 
1.18  	 0.09610445442906196 
1.19  	 0.009241922233456018 
1.2  	 0.07866083654331577 
1.21  	 0.1666024034118829 
1.22  	 0.2535705035838171 
1.23  	 0.3385538331278151 
1.24  	 0.4205539853408264 
1.25  	 0.4985973341165554 
1.26  	 0.571746731474793 
1.27  	 0.6391128775249402 
1.28  	 0.6998652239738743 
1.29  	 0.7532422768286242 
1.3  	 0.7985611701439476 
1.31  	 0.8352263904592374 
1.32  	 0.8627375408735267 
1.33  	 0.8806960444184591 
1.34  	 0.8888106983856769 
1.35  	 0.8869020044097112 
1.36  	 0.8749052132479143 
1.37  	 0.8528720381700789 
1.38  	 0.8209710064958707 
1.39  	 0.7794864349130612 
1.4  	 0.7288160305818439 
1.41  	 0.6694671364840652 
1.42  	 0.602051655812715 
1.43  	 0.5272797062185604 
1.44  	 0.4459520702421845 
1.45  	 0.3589515230709582 
1.46  	 0.2672331326889752 
1.47  	 0.1718136403610446 
1.48  	 0.07376004104835973 
1.49  	 0.02582250635346788 
1.5  	 0.1258033002651978 
1.51  	 0.2250391032853805 
1.52  	 0.3223873832988809 
1.53  	 0.4167196337625484 
1.54  	 0.5069346162246005 
1.55  	 0.5919713681259049 
1.56  	 0.6708218207977344 
1.57  	 0.7425428762992234 
1.58  	 0.8062677972932737 
1.59  	 0.8612167714848263 
1.6  	 0.9067065211613279 
1.61  	 0.9421588389821902 
1.62  	 0.9671079432430902 
1.63  	 0.9812065592544796 
1.64  	 0.9842306480678207 
1.65  	 0.9760827193887788 
1.66  	 0.9567936819522569 
1.67  	 0.9265232017070403 
1.68  	 0.8855585556670618 
1.69  	 0.8343119870247167 
1.7  	 0.7733165848784757 
1.71  	 0.7032207294904959 
1.72  	 0.6247811611494916 
1.73  	 0.5388547472634432 
1.74  	 0.4463890380456565 
1.75  	 0.3484117158952609 
1.76  	 0.246019057129426 
1.77  	 0.1403635369329603 
1.78  	 0.03264071910043959 
1.79  	 0.07592441877707365 
1.8  	 0.1840915666990824 
1.81  	 0.2906194067468302 
1.82  	 0.3942800136352477 
1.83  	 0.4938731626728967 
1.84  	 0.5882403768588517 
1.85  	 0.6762785472214826 
1.86  	 0.7569529648536695 
1.87  	 0.8293096093780346 
1.88  	 0.8924865467166823 
1.89  	 0.945724298953009 
1.9  	 0.9883750606469548 
1.91  	 1.019910649068285 
1.92  	 1.039929090294799 
1.93  	 1.048159758816897 
1.94  	 1.044467005014435 
1.95  	 1.028852222431508 
1.96  	 1.001454324964057 
1.97  	 0.9625486226804896 
1.98  	 0.9125441037974484 
1.99  	 0.8519791491091782 
2  	 0.7815157236969589 
2.01  	 0.7019321088043081 
2.02  	 0.6141142541386738 
2.03  	 0.5190458473429893 
2.04  	 0.4177972127729354 
2.05  	 0.3115131658320644 
2.06  	 0.2013999617864845 
2.07  	 0.08871148904891915 
2.08  	 0.02526513374693868 
2.09  	 0.1392243900820457 
2.1  	 0.2518574549655499 
2.11  	 0.3618673655787047 
2.12  	 0.467984095850731 
2.13  	 0.5689793583039849 
2.14  	 0.6636809592270317 
2.15  	 0.7509865380134628 
2.16  	 0.8298765282909868 
2.17  	 0.8994261871837219 
2.18  	 0.9588165496029905 
2.19  	 1.007344176727447 
2.2  	 1.044429581671732 
2.21  	 1.069624230593656 
2.22  	 1.082616033976585 
2.23  	 1.083233260353892 
2.24  	 1.071446823111351 
2.25  	 1.047370909995825 
2.26  	 1.011261944351436 
2.27  	 0.963515886669239 
2.28  	 0.9046639045423588 
2.29  	 0.835366458334956 
2.3  	 0.7564058685724251 
2.31  	 0.6686774490200904 
2.32  	 0.5731793064243078 
2.33  	 0.4710009237407976 
2.34  	 0.3633106581803595 
2.35  	 0.2513422983880939 
2.36  	 0.1363808363826304 
2.37  	 0.01974761937957671 
2.38  	 0.09721494580644174 
2.39  	 0.213158957537779 
2.4  	 0.3267466716049006 
2.41  	 0.4366660579248553 
2.42  	 0.5416460794876148 
2.43  	 0.6404715143267636 
2.44  	 0.7319971463822338 
2.45  	 0.8151611582731847 
2.46  	 0.8889975681267774 
2.47  	 0.9526475636092759 
2.48  	 1.005369599051983 
2.49  	 1.046548135908421 
2.5  	 1.075700922553362 
2.51  	 1.092484726454803 
2.52  	 1.096699449817238 
2.53  	 1.088290578696718 
2.54  	 1.067349935102939 
2.55  	 1.034114721501386 
2.56  	 0.98896486717472 
2.57  	 0.9324187058605675 
2.58  	 0.8651270337168957 
2.59  	 0.7878656157438395 
2.6  	 0.7015262270862379 
2.61  	 0.6071063329374282 
2.62  	 0.505697526856314 
2.63  	 0.3984728620055286 
2.64  	 0.2866732229430572 
2.65  	 0.1715928969969861 
2.66  	 0.05456451378622387 
2.67  	 0.06305647099469286 
2.68  	 0.1799075659228955 
2.69  	 0.2946351233725579 
2.7  	 0.405910122091779 
2.71  	 0.5124436677243771 
2.72  	 0.6130020293729288 
2.73  	 0.7064210356484233 
2.74  	 0.7916196610860946 
2.75  	 0.8676126432393494 
2.76  	 0.9335219820847004 
2.77  	 0.9885871864473189 
2.78  	 1.032174146836041 
2.79  	 1.063782530185736 
2.8  	 1.083051609354507 
2.81  	 1.089764458608611 
2.82  	 1.083850465532787 
2.83  	 1.065386129600942 
2.84  	 1.034594137798471 
2.85  	 0.991840727964352 
2.86  	 0.93763137067927 
2.87  	 0.8726048203266226 
2.88  	 0.7975256051624007 
2.89  	 0.7132750446199166 
2.9  	 0.6208408994287329 
2.91  	 0.5213057762380433 
2.92  	 0.4158344231125246 
2.93  	 0.3056600653389855 
2.94  	 0.1920699422904604 
2.95  	 0.07639021550572216 
2.96  	 0.04002957445405467 
2.97  	 0.1558323195029469 
2.98  	 0.2696692378655686 
2.99  	 0.3802156632826189 
3  	 0.4861865438767419 
3.01  	 0.5863514684201064 
3.02  	 0.6795490433494985 
3.03  	 0.7647004515660381 
3.04  	 0.8408220337438043 
3.05  	 0.9070367444401857 
3.06  	 0.9625843486133603 
3.07  	 1.006830239051818 
3.08  	 1.039272771530041 
3.09  	 1.059549032030787 
3.1  	 1.067438968909716 
3.11  	 1.062867842202894 
3.12  	 1.045906962162964 
3.13  	 1.016772709319747 
3.14  	 0.9758238486562617 
3.15  	 0.9235571706311198 
3.16  	 0.8606015115242635 
3.17  	 0.7877102247012049 
3.18  	 0.7057521926546777 
3.19  	 0.6157014868759523 
3.2  	 0.5186257985268701 
3.21  	 0.4156737773404134 
3.22  	 0.30806142900028 
3.23  	 0.1970577322880927 
3.24  	 0.08396964640923697 
3.25  	 0.02987331399192614 
3.26  	 0.1431347536234356 
3.27  	 0.2544871358110349 
3.28  	 0.3626274002735836 
3.29  	 0.4662922750174778 
3.3  	 0.5642731017161653 
3.31  	 0.6554299998364139 
3.32  	 0.7387052027367378 
3.33  	 0.8131354088987266 
3.34  	 0.8778630032409631 
3.35  	 0.9321460169660918 
3.36  	 0.9753667094434932 
3.37  	 1.007038672053266 
3.38  	 1.026812371515747 
3.39  	 1.034479068795164 
3.4  	 1.029973068974773 
3.41  	 1.013372277324256 
3.42  	 0.984897056882314 
3.43  	 0.9449074030190607 
3.44  	 0.8938984703847928 
3.45  	 0.8324945071566896 
3.46  	 0.7614412703318347 
3.47  	 0.6815970137595386 
3.48  	 0.5939221574461623 
3.49  	 0.4994677622013766 
3.5  	 0.3993629477426525 
3.51  	 0.2948014047685071 
3.52  	 0.1870271621045214 
3.53  	 0.07731977869468257 
3.54  	 0.03302086314737082 
3.55  	 0.142689982274772 
3.56  	 0.2503933576972428 
3.57  	 0.3548626384915845 
3.58  	 0.4548703230845448 
3.59  	 0.5492442305026406 
3.6  	 0.6368812924328571 
3.61  	 0.7167605032180184 
3.62  	 0.7879548751207293 
3.63  	 0.8496422582062393 
3.64  	 0.9011148978732133 
3.65  	 0.94178761823709 
3.66  	 0.9712045360615649 
3.67  	 0.9890442275417215 
3.68  	 0.9951232887565942 
3.69  	 0.9893982498077247 
3.7  	 0.9719658223140468 
3.71  	 0.9430614798072765 
3.72  	 0.9030563904285888 
3.73  	 0.8524527409299283 
3.74  	 0.7918775100980449 
3.75  	 0.7220747681187727 
3.76  	 0.6438965958642109 
3.77  	 0.5582927344088493 
3.78  	 0.4662990900685576 
3.79  	 0.3690252337312575 
3.8  	 0.2676410450504625 
3.81  	 0.1633626620639955 
3.82  	 0.05743790486184613 
3.83  	 0.04886865203386375 
3.84  	 0.1542907799684935 
3.85  	 0.2575756887181968 
3.86  	 0.3574989312508373 
3.87  	 0.4528789431191254 
3.88  	 0.5425910435394319 
3.89  	 0.6255807318898234 
3.9  	 0.7008761220193548 
3.91  	 0.7675993672921869 
3.92  	 0.8249769415663418 
3.93  	 0.872348655179175 
3.94  	 0.9091753003118916 
3.95  	 0.9350448366493047 
3.96  	 0.9496770458385909 
3.97  	 0.9529266016708184 
3.98  	 0.94478452193961 
3.99  	 0.925377987344161 
4  	 0.8949685323658945 
4.01  	 0.8539486325249165 
4.02  	 0.802836731580914 
4.03  	 0.7422707708541139 
4.04  	 0.6730003006829945 
4.05  	 0.5958772708938835 
4.06  	 0.5118456128323912 
4.07  	 0.421929739811408 
4.08  	 0.3272221055953736 
4.09  	 0.2288699716145272 
4.1  	 0.1280615428549516 
4.11  	 0.02601163969207033 
4.12  	 0.0760529217590552 
4.13  	 0.176908064974544 
4.14  	 0.2753471271161059 
4.15  	 0.3701952959802699 
4.16  	 0.4603236370115872 
4.17  	 0.5446625427763609 
4.18  	 0.6222144444851361 
4.19  	 0.6920656342596934 
4.2  	 0.7533970577515989 
4.21  	 0.8054939493013336 
4.22  	 0.8477541959263604 
4.23  	 0.8796953318721362 
4.24  	 0.900960082064477 
4.25  	 0.911320390364234 
4.26  	 0.9106798868333444 
4.27  	 0.8990747670543426 
4.28  	 0.8766730756760409 
4.29  	 0.8437724055561511 
4.3  	 0.8007960429060994 
4.31  	 0.7482876074855853 
4.32  	 0.6869042549207389 
4.33  	 0.6174085254140862 
4.34  	 0.5406589392711475 
4.350000000000001  	 0.4575994545941066 
4.36  	 0.369247916009911 
4.37  	 0.2766836352468685 
4.38  	 0.1810342546094598 
4.39  	 0.08346205280332136 
4.4  	 0.01485014096642121 
4.41  	 0.1127132542364671 
4.42  	 0.2089463270737694 
4.43  	 0.3023907432976616 
4.44  	 0.3919241657875203 
4.45  	 0.4764740083552131 
4.46  	 0.5550302825024257 
4.47  	 0.6266576651644402 
4.48  	 0.6905066431679685 
4.49  	 0.7458236014826602 
4.5  	 0.7919597352853209 
4.51  	 0.8283786802243036 
4.52  	 0.8546627708944452 
4.53  	 0.8705178542200126 
4.54  	 0.8757766019920923 
4.55  	 0.8704002850048224 
4.56  	 0.8544789898617097 
4.57  	 0.828230278353541 
4.58  	 0.7919963081158272 
4.59  	 0.7462394518293058 
4.600000000000001  	 0.6915364703081383 
4.61  	 0.6285713122095128 
4.62  	 0.558126629586018 
4.63  	 0.4810741138910177 
4.64  	 0.3983637711519683 
4.65  	 0.3110122676792481 
4.66  	 0.2200904887269282 
4.67  	 0.1267104618356348 
4.68  	 0.0320118040558966 
4.69  	 0.06285214221519243 
4.7  	 0.1567283165150081 
4.71  	 0.2484779209476658 
4.72  	 0.3369902049580213 
4.73  	 0.4211958876404058 
4.74  	 0.5000800555889459 
4.75  	 0.5726943808640131 
4.76  	 0.6381685120885909 
4.77  	 0.6957205018957119 
4.78  	 0.7446661457976091 
4.79  	 0.7844271208940793 
4.8  	 0.814537827518438 
4.81  	 0.8346508527555332 
4.82  	 0.8445409915645482 
4.83  	 0.8441077787955524 
4.84  	 0.8333765034897418 
4.850000000000001  	 0.812497695279351 
4.86  	 0.7817450912310766 
4.87  	 0.741512109881963 
4.88  	 0.6923068772768162 
4.89  	 0.6347458673125115 
4.9  	 0.5695462354163813 
4.91  	 0.4975169403311572 
4.92  	 0.4195487633581884 
4.93  	 0.3366033476486136 
4.94  	 0.2497013918696797 
4.95  	 0.1599101426699316 
4.96  	 0.06833033870194018 
4.97  	 0.02391723456463379 
4.98  	 0.1157054154702904 
4.99  	 0.2059143959175934 
5  	 0.293445343405458 
5.01  	 0.377233750000364 
5.02  	 0.4562623463999262 
5.03  	 0.5295734247042465 
5.04  	 0.596280420861949 
5.05  	 0.6555786169095497 
5.06  	 0.7067548339624861 
5.07  	 0.7491959993105479 
5.08  	 0.7823964847679621 
5.09  	 0.8059641284603787 
5.100000000000001  	 0.8196248683141966 
5.11  	 0.8232259324518454 
5.12  	 0.8167375492838428 
5.13  	 0.8002531581105825 
5.14  	 0.77398811928505 
5.15  	 0.7382769412204413 
5.16  	 0.6935690595328827 
5.17  	 0.6404232211707528 
5.18  	 0.5795005432858841 
5.19  	 0.5115563326435296 
5.2  	 0.4374307663534356 
5.21  	 0.3580385484527765 
5.22  	 0.2743576692171558 
5.23  	 0.187417404869529 
5.24  	 0.09828570446926548 
5.25  	 0.008056118084863395 
5.26  	 0.08216557420278475 
5.27  	 0.1712748694195694 
5.28  	 0.2581820203763719 
5.29  	 0.3418253218275367 
5.3  	 0.4211840425088499 
5.31  	 0.4952908458943791 
5.32  	 0.5632435488582561 
5.33  	 0.6242160756023782 
5.34  	 0.6774684741135408 
5.350000000000001  	 0.7223558739223167 
5.36  	 0.7583362769099286 
5.37  	 0.7849770871902044 
5.38  	 0.8019603015066337 
5.39  	 0.8090862979421578 
5.4  	 0.8062761778417518 
5.41  	 0.7935726334872246 
5.42  	 0.7711393320251203 
5.43  	 0.7392588242138316 
5.44  	 0.6983290045054191 
5.45  	 0.6488581665931462 
5.46  	 0.5914587156235469 
5.47  	 0.5268396145849297 
5.48  	 0.4557976577445871 
5.49  	 0.3792076782288382 
5.5  	 0.2980118097507036 
5.51  	 0.2132079339339502 
5.52  	 0.1258374545204646 
5.53  	 0.03697254786229276 
5.54  	 0.05229695460791617 
5.55  	 0.1408768918391275 
5.56  	 0.2276821440225763 
5.57  	 0.3116498858499155 
5.58  	 0.3917525606843795 
5.59  	 0.4670104176408286 
5.600000000000001  	 0.5365034589716349 
5.61  	 0.5993826524103334 
5.62  	 0.6548802721452898 
5.63  	 0.7023192427700804 
5.64  	 0.7411213727563634 
5.65  	 0.7708143775687716 
5.66  	 0.7910376073248802 
5.67  	 0.8015464097160312 
5.68  	 0.8022150755540988 
5.69  	 0.7930383315924969 
5.7  	 0.7741313629763453 
5.71  	 0.7457283655913571 
5.72  	 0.708179646485763 
5.73  	 0.6619473082167107 
5.74  	 0.607599570207296 
5.75  	 0.5458037967831004 
5.76  	 0.4773183172866877 
5.77  	 0.4029831383536445 
5.78  	 0.323709661896459 
5.79  	 0.240469534419283 
5.8  	 0.1542827638311749 
5.81  	 0.06620524880988216 
5.82  	 0.02268412711509516 
5.83  	 0.1112966793282598 
5.84  	 0.1985472229648438 
5.850000000000001  	 0.2833673286522093 
5.86  	 0.3647183715749557 
5.87  	 0.4416042148341956 
5.88  	 0.5130833725575564 
5.89  	 0.5782805045825457 
5.9  	 0.6363971027034967 
5.91  	 0.6867212383424667 
5.92  	 0.7286362529561619 
5.93  	 0.7616282853850107 
5.94  	 0.7852925445298711 
5.95  	 0.799338251033569 
5.96  	 0.8035921878628038 
5.97  	 0.7980008166331336 
5.98  	 0.7826309339899788 
5.99  	 0.7576688601390476 
6  	 0.7234181694941916 
6.01  	 0.6802959911620674 
6.02  	 0.6288279243952415 
6.03  	 0.5696416310068972 
6.04  	 0.503459182846099 
6.05  	 0.431088257586888 
6.06  	 0.3534122901031779 
6.07  	 0.2713796994141581 
6.08  	 0.1859923224370764 
6.09  	 0.09829319543953569 
6.100000000000001  	 0.009353832024085029 
6.11  	 0.07973884739233475 
6.12  	 0.1678957753969194 
6.13  	 0.2540390251824945 
6.140000000000001  	 0.3371149640741929 
6.15  	 0.4161071127491881 
6.16  	 0.4900485534926855 
6.17  	 0.55803373631355 
6.18  	 0.6192295390627373 
6.19  	 0.672885446767 
6.2  	 0.7183427260994152 
6.21  	 0.7550424831271263 
6.22  	 0.7825325060561426 
6.23  	 0.8004728094689312 
6.24  	 0.8086398123425738 
6.25  	 0.8069290987519542 
6.26  	 0.795356727401711 
6.27  	 0.774059073783071 
6.28  	 0.7432912066026542 
6.29  	 0.7034238179629881 
6.3  	 0.6549387443720553 
6.31  	 0.5984231328078614 
6.32  	 0.5345623225553728 
6.33  	 0.4641315291666142 
6.34  	 0.3879864314805189 
6.350000000000001  	 0.3070527759996216 
6.36  	 0.2223151248935392 
6.37  	 0.1348048843389003 
6.38  	 0.04558775868492165 
6.390000000000001  	 0.04424921705402204 
6.4  	 0.133610908717358 
6.41  	 0.221407417623244 
6.42  	 0.3065673561041071 
6.43  	 0.3880509024393602 
6.44  	 0.4648624763163304 
6.45  	 0.5360628805260665 
6.46  	 0.6007807610525384 
6.47  	 0.6582232459627255 
6.48  	 0.7076856334525602 
6.49  	 0.7485600109280606 
6.5  	 0.7803426999631313 
6.51  	 0.8026404362180639 
6.52  	 0.815175208753 
6.53  	 0.8177876994423536 
6.54  	 0.8104392801919638 
6.55  	 0.7932125431743496 
6.56  	 0.7663103571162844 
6.57  	 0.7300534605807325 
6.58  	 0.6848766209645005 
6.59  	 0.6313234053680046 
6.600000000000001  	 0.5700396263724721 
6.61  	 0.5017655418776356 
6.62  	 0.4273269033138114 
6.63  	 0.3476249605619723 
6.640000000000001  	 0.2636255446232043 
6.65  	 0.1763473603209432 
6.66  	 0.08684963095780653 
6.67  	 0.003780755232389217 
6.68  	 0.09444244089562004 
6.69  	 0.184032977479615 
6.7  	 0.2714622228474146 
6.71  	 0.3556655958672206 
6.72  	 0.4356170269415529 
6.73  	 0.5103414470729741 
6.74  	 0.5789266636089389 
6.75  	 0.6405344781986102 
6.76  	 0.6944109116403268 
6.77  	 0.7398954110893298 
6.78  	 0.7764289274009256 
6.79  	 0.8035607640555668 
6.8  	 0.8209541139839203 
6.81  	 0.8283902165017756 
6.82  	 0.8257710832841527 
6.83  	 0.8131207596526256 
6.84  	 0.7905851052094592 
6.850000000000001  	 0.7584300958114542 
6.86  	 0.7170386668175356 
6.87  	 0.6669061352495897 
6.88  	 0.6086342557611275 
6.890000000000001  	 0.5429239819033941 
6.9  	 0.4705670199125612 
6.91  	 0.3924362769229063 
6.92  	 0.3094753189620144 
6.93  	 0.2226869661405149 
6.94  	 0.133121162964883 
6.95  	 0.04186227054920583 
6.96  	 0.04998406542776281 
6.97  	 0.1413043119655527 
6.98  	 0.2309905488490387 
6.99  	 0.3179539079689326 
7  	 0.4011377888738443 
7.01  	 0.4795306902167894 
7.02  	 0.5521785013482688 
7.03  	 0.6181961047868321 
7.04  	 0.676778148588431 
7.05  	 0.7272088576380048 
7.06  	 0.7688707644799417 
7.07  	 0.8012522533483615 
7.08  	 0.8239538253960589 
7.09  	 0.836693008578909 
7.100000000000001  	 0.8393078520439506 
7.11  	 0.8317589619956858 
7.12  	 0.8141300536691891 
7.13  	 0.786627012006785 
7.140000000000001  	 0.7495754716996248 
7.15  	 0.703416945197838 
7.16  	 0.6487035448953684 
7.17  	 0.5860913627452864 
7.18  	 0.5163325868510127 
7.19  	 0.4402664499113927 
7.2  	 0.3588091185868186 
7.21  	 0.2729426457269213 
7.22  	 0.1837031188023764 
7.23  	 0.09216814767430595 
7.24  	 0.0005561571034909882 
7.25  	 0.09334855802046617 
7.26  	 0.1850862546244585 
7.27  	 0.2746584736841371 
7.28  	 0.3609799209802492 
7.29  	 0.4430039318122847 
7.3  	 0.5197351608852467 
7.31  	 0.5902416577495895 
7.32  	 0.6536661813400103 
7.33  	 0.7092366163071635 
7.34  	 0.7562753646500613 
7.350000000000001  	 0.7942075985059935 
7.36  	 0.8225682736900407 
7.37  	 0.8410078185318575 
7.38  	 0.8492964285529074 
7.390000000000001  	 0.8473269143694864 
7.4  	 0.8351160676919827 
7.41  	 0.8128045282076717 
7.42  	 0.7806551522661584 
7.43  	 0.7390499024140494 
7.44  	 0.6884852947291715 
7.45  	 0.6295664583680836 
7.46  	 0.5629998785519138 
7.47  	 0.4895849101717483 
7.48  	 0.410204164101752 
7.49  	 0.3258128819858982 
7.5  	 0.2374274275463464 
7.51  	 0.1461130331992316 
7.52  	 0.05297094982649669 
7.53  	 0.04087484516979673 
7.54  	 0.1342912210000965 
7.55  	 0.2261495838118581 
7.56  	 0.31533951872854 
7.57  	 0.4007822186441412 
7.58  	 0.4814435373280228 
7.59  	 0.5563465088735648 
7.600000000000001  	 0.624583181915106 
7.61  	 0.6853256252636144 
7.62  	 0.7378359715737265 
7.63  	 0.7814753772333198 
7.640000000000001  	 0.8157117897223611 
7.65  	 0.8401264280624774 
7.66  	 0.8544188974997728 
7.67  	 0.8584108760428796 
7.68  	 0.8520483277177524 
7.69  	 0.8354022151916137 
7.7  	 0.808667702546082 
7.71  	 0.772161857224647 
7.72  	 0.7263198783219023 
7.73  	 0.6716898962017754 
7.74  	 0.6089264057140393 
7.75  	 0.538782411813469 
7.76  	 0.4621003819740671 
7.77  	 0.3798021142430879 
7.78  	 0.2928776429211177 
7.79  	 0.202373315525984 
7.8  	 0.1093791847582632 
7.81  	 0.01501586751256358 
7.82  	 0.07957897052950946 
7.83  	 0.173264341610939 
7.84  	 0.2649097081931131 
7.850000000000001  	 0.3534086345029346 
7.86  	 0.4376921524072003 
7.87  	 0.5167416800842383 
7.88  	 0.5896013373114932 
7.890000000000001  	 0.6553895084253294 
7.9  	 0.7133095130481844 
7.91  	 0.7626592554105298 
7.92  	 0.8028397353905878 
7.930000000000001  	 0.8333623181063798 
7.94  	 0.8538546738562734 
7.95  	 0.8640653162357965 
7.96  	 0.8638666831665178 
7.97  	 0.8532567231532344 
7.98  	 0.8323589671263274 
7.99  	 0.8014210845091263 
8  	 0.7608119404546183 
8.01  	 0.7110171893007529 
8.02  	 0.6526334569801266 
8.029999999999999  	 0.5863611821742427 
8.040000000000001  	 0.5129962022186364 
8.050000000000001  	 0.433420184946877 
8.06  	 0.3485900216250049 
8.07  	 0.2595263087047481 
8.08  	 0.167301057161052 
8.09  	 0.07302477754390597 
8.1  	 0.02216690354753673 
8.109999999999999  	 0.1171269341612511 
8.120000000000001  	 0.2107106696997477 
8.130000000000001  	 0.3017896807210452 
8.140000000000001  	 0.389265369172566 
8.15  	 0.4720822286664596 
8.16  	 0.5492405886599723 
8.17  	 0.6198086885938933 
8.18  	 0.6829339360919733 
8.19  	 0.7378532131375604 
8.199999999999999  	 0.7839021056023033 
8.210000000000001  	 0.8205229444679363 
8.220000000000001  	 0.847271561399116 
8.23  	 0.8638226768209829 
8.24  	 0.8699738551421903 
8.25  	 0.8656479790441043 
8.26  	 0.8508942126209165 
8.27  	 0.8258874413881263 
8.279999999999999  	 0.7909261955580714 
8.290000000000001  	 0.7464290812889995 
8.300000000000001  	 0.6929297626275557 
8.31  	 0.6310705543657928 
8.32  	 0.5615947028117972 
8.33  	 0.4853374473246 
8.34  	 0.403215970198036 
8.35  	 0.3162183559164077 
8.359999999999999  	 0.2253916927844379 
8.370000000000001  	 0.1318294603107165 
8.380000000000001  	 0.03665835437156188 
8.390000000000001  	 0.05897529100361295 
8.4  	 0.1539193214859643 
8.41  	 0.2470296532780413 
8.42  	 0.3371840693483354 
8.43  	 0.4232957546072347 
8.44  	 0.5043264066825996 
8.449999999999999  	 0.5792987640456626 
8.460000000000001  	 0.6473084002416538 
8.470000000000001  	 0.7075346418095341 
8.48  	 0.7592504780259515 
8.49  	 0.8018313427521557 
8.5  	 0.8347626622534463 
8.51  	 0.8576460777343651 
8.52  	 0.8702042673102837 
8.529999999999999  	 0.8722843090243987 
8.540000000000001  	 0.8638595441147268 
8.550000000000001  	 0.8450299178261984 
8.56  	 0.8160207934300258 
8.57  	 0.7771802535345675 
8.58  	 0.7289749210264658 
8.59  	 0.6719843498475599 
8.6  	 0.60689405307635 
8.609999999999999  	 0.5344872522338545 
8.620000000000001  	 0.4556354471743153 
8.630000000000001  	 0.3712879201644609 
8.640000000000001  	 0.2824603006289926 
8.65  	 0.1902223283893185 
8.66  	 0.09568496290958783 
8.67  	 1.300602775433646E-05 
8.68  	 0.09571868476139625 
8.69  	 0.1902789737646274 
8.700000000000001  	 0.2825544696036246 
8.710000000000001  	 0.3714332031460424 
8.720000000000001  	 0.4558440482837894 
8.73  	 0.5347696393921197 
8.74  	 0.6072586416590794 
8.75  	 0.672437226211847 
8.76  	 0.7295196115472996 
8.77  	 0.7778175440269015 
8.779999999999999  	 0.8167486029853431 
8.790000000000001  	 0.8458432301740049 
8.800000000000001  	 0.8647503986433092 
8.81  	 0.8732418525768404 
8.82  	 0.8712148668266849 
8.83  	 0.8586934927559416 
8.84  	 0.8358282752551389 
8.85  	 0.8028944442441179 
8.859999999999999  	 0.7602886023770812 
8.870000000000001  	 0.7085239488138952 
8.880000000000001  	 0.648224096586298 
8.890000000000001  	 0.5801155580600341 
8.9  	 0.5050189890685441 
8.91  	 0.4238392972761036 
8.92  	 0.3375547340378268 
8.93  	 0.2472051012948377 
8.94  	 0.1538792157270782 
8.950000000000001  	 0.05870178135477756 
8.960000000000001  	 0.03718017107616912 
8.970000000000001  	 0.1326111143558491 
8.98  	 0.2264409578893136 
8.99  	 0.3175389155167313 
9  	 0.4048071407793368 
9.01  	 0.4871939651362048 
9.02  	 0.5637065794222693 
9.029999999999999  	 0.6334230055510274 
9.040000000000001  	 0.6955032140249962 
9.050000000000001  	 0.7491992531199758 
9.06  	 0.7938642675313115 
9.07  	 0.8289602976675339 
9.08  	 0.8540647654877511 
9.09  	 0.8688755686260116 
9.1  	 0.8732147213375721 
9.109999999999999  	 0.8670304983358991 
9.120000000000001  	 0.8503980556535635 
9.130000000000001  	 0.8235185210370907 
9.140000000000001  	 0.7867165648533305 
9.15  	 0.7404364808202732 
9.16  	 0.6852368238569442 
9.17  	 0.6217836697581858 
9.18  	 0.5508425780304912 
9.19  	 0.4732693548738532 
9.200000000000001  	 0.3899997277730684 
9.210000000000001  	 0.3020380562950277 
9.220000000000001  	 0.2104452153178307 
9.23  	 0.116325796903231 
9.24  	 0.02081478524395561 
9.25  	 0.07493613452549194 
9.26  	 0.1697724684501354 
9.27  	 0.2625508391814624 
9.279999999999999  	 0.3521527766847125 
9.290000000000001  	 0.4374982078304497 
9.300000000000001  	 0.5175584821118606 
9.31  	 0.5913687763313067 
9.32  	 0.6580397285982234 
9.33  	 0.7167681612856551 
9.34  	 0.7668467635915257 
9.35  	 0.8076726169107402 
9.359999999999999  	 0.8387544601938077 
9.370000000000001  	 0.8597186076778573 
9.380000000000001  	 0.8703134476434677 
9.390000000000001  	 0.8704124679789642 
9.4  	 0.8600157721160525 
9.41  	 0.8392500671222367 
9.42  	 0.8083671241762926 
9.43  	 0.7677407300906425 
9.44  	 0.7178621667560932 
9.450000000000001  	 0.6593342731503575 
9.460000000000001  	 0.5928641616574142 
9.470000000000001  	 0.5192546766836205 
9.48  	 0.43939469873302 
9.49  	 0.3542484110341719 
9.5  	 0.2648436583273506 
9.51  	 0.1722595383718977 
9.52  	 0.07761337598732712 
9.529999999999999  	 0.01795276311341231 
9.540000000000001  	 0.1132858558940854 
9.550000000000001  	 0.2072358365839078 
9.56  	 0.2986694743286509 
9.57  	 0.3864840464038827 
9.58  	 0.4696206419686567 
9.59  	 0.54707693580834 
9.6  	 0.6179192779237423 
9.609999999999999  	 0.6812939530930322 
9.620000000000001  	 0.7364374745625825 
9.630000000000001  	 0.7826857876923138 
9.640000000000001  	 0.819482272548997 
9.65  	 0.8463844489482002 
9.66  	 0.8630693031172352 
9.67  	 0.8693371717978888 
9.68  	 0.86511413702814 
9.69  	 0.8504529028259491 
9.700000000000001  	 0.8255321433284287 
9.710000000000001  	 0.7906543303948901 
9.720000000000001  	 0.7462420670394529 
9.73  	 0.6928329710968055 
9.74  	 0.6310731710248563 
9.75  	 0.5617094924998839 
9.76  	 0.4855804302605465 
9.77  	 0.4036060143162989 
9.779999999999999  	 0.3167766929763364 
9.790000000000001  	 0.2261413670161265 
9.800000000000001  	 0.1327947195368139 
9.81  	 0.0378639945645319 
9.82  	 0.05750461592001065 
9.83  	 0.1521598121172313 
9.84  	 0.2449590865765435 
9.85  	 0.3347825165530816 
9.859999999999999  	 0.4205462820269987 
9.870000000000001  	 0.5012157461865804 
9.880000000000001  	 0.5758179404748145 
9.890000000000001  	 0.6434533035038894 
9.9  	 0.7033065321660075 
9.91  	 0.7546564140033628 
9.92  	 0.7968845222147661 
9.93  	 0.8294826684227692 
9.94  	 0.8520590233369637 
9.950000000000001  	 0.8643428315449988 
9.960000000000001  	 0.8661876636484087 
9.970000000000001  	 0.8575731666301758 
9.98  	 0.8386052914817606 
9.99  	 0.8095149955099108 
10  	 0.7706554351657081 
10.01  	 0.7224976834675629 
10.02  	 0.6656250239060393 
10.03  	 0.6007258899062961 
10.04  	 0.5285855352760276 
10.05  	 0.4500765363856563 
10.06  	 0.3661482409280268 
10.07  	 0.277815290817169 
10.08  	 0.1861453579557793 
10.09  	 0.09224624109464916 
10.1  	 0.0027475202903741 
10.11  	 0.09768835336041906 
10.12  	 0.1914295149071399 
10.13  	 0.2828389425074156 
10.14  	 0.370812926529103 
10.15  	 0.4542894378588049 
10.16  	 0.5322609503986446 
10.17  	 0.6037866034986833 
10.18  	 0.6680035574813019 
10.19  	 0.7241374051767242 
10.2  	 0.7715115138067408 
10.21  	 0.8095551844887789 
10.22  	 0.8378105309280963 
10.23  	 0.8559379943491948 
10.24  	 0.8637204282019428 
10.25  	 0.8610657034632894 
10.26  	 0.8480078032336755 
10.27  	 0.8247063935818515 
10.28  	 0.7914448760023651 
10.29  	 0.7486269451940029 
10.3  	 0.6967716939233615 
10.31  	 0.636507324287258 
10.32  	 0.5685635415191151 
10.33  	 0.4937627223941045 
10.34  	 0.413009965083884 
10.35  	 0.3272821408154706 
10.36  	 0.2376160797367799 
10.37  	 0.1450960338387904 
10.38  	 0.05084056850447894 
10.39  	 0.04401095885740001 
10.4  	 0.1383121696626948 
10.41  	 0.2309235180581247 
10.42  	 0.3207260604688374 
10.43  	 0.4066349744095248 
10.44  	 0.4876126632285668 
10.45  	 0.562681288475084 
10.46  	 0.6309345785119338 
10.47  	 0.69154877075932 
10.48  	 0.7437925554375671 
10.49  	 0.7870359007579077 
10.5  	 0.8207576530392954 
10.51  	 0.8445518200448909 
10.52  	 0.8581324617541741 
10.53  	 0.8613371296233207 
10.54  	 0.854128812933988 
10.55  	 0.8365963688768473 
10.56  	 0.8089534313429456 
10.57  	 0.7715358117818425 
10.58  	 0.7247974237081496 
10.59  	 0.6693047802774574 
10.6  	 0.6057301315931753 
10.61  	 0.534843324838963 
10.62  	 0.4575024857590669 
10.63  	 0.3746436342442672 
10.64  	 0.287269359652423 
10.65  	 0.1964366928446428 
10.66  	 0.1032443216132259 
10.67  	 0.008819304099293587 
10.68  	 0.0856965591495354 
10.69  	 0.1791605297208687 
10.7  	 0.2704427455994869 
10.71  	 0.3584398781691386 
10.72  	 0.4420884668908039 
10.73  	 0.5203777705055019 
10.74  	 0.592361979469595 
10.75  	 0.6571716420659452 
10.76  	 0.7140241661531714 
10.77  	 0.7622332697015622 
10.78  	 0.8012172659829029 
10.79  	 0.8305060833786491 
10.8  	 0.8497469350760256 
10.81  	 0.8587085702497103 
10.82  	 0.8572840554802046 
10.83  	 0.8454920529316111 
10.84  	 0.8234765799862208 
10.85  	 0.7915052533915719 
10.86  	 0.74996603929536 
10.87  	 0.6993625486034858 
10.88  	 0.6403079346782288 
10.89  	 0.5735174672845063 
10.9  	 0.4997998726885383 
10.91  	 0.420047544721278 
10.92  	 0.335225745258975 
10.93  	 0.2463609247801458 
10.94  	 0.1545283042846521 
10.95  	 0.06083886877834017 
10.96  	 0.03357407037224579 
10.97  	 0.1275685817117056 
10.98  	 0.2200079228563322 
10.99  	 0.3097742855759398 
11  	 0.3957823106175185 
11.01  	 0.4769922088888379 
11.02  	 0.5524223303924095 
11.03  	 0.6211610289897178 
11.04  	 0.682377679601276 
11.05  	 0.7353327147066431 
11.06  	 0.7793865588760343 
11.07  	 0.8140073533977181 
11.08  	 0.8387773777021598 
11.09  	 0.8533980900473911 
11.1  	 0.8576937266299626 
11.11  	 0.8516134157200868 
11.12  	 0.8352317813772651 
11.13  	 0.8087480295668441 
11.14  	 0.772483527847575 
11.15  	 0.7268779080136762 
11.16  	 0.6724837389317468 
11.17  	 0.6099598340974575 
11.18  	 0.5400632749402049 
11.19  	 0.4636402464263985 
11.2  	 0.3816157958662803 
11.21  	 0.2949826388414001 
11.22  	 0.2047891476829889 
11.23  	 0.1121266678069035 
11.24  	 0.0181163153278234 
11.25  	 0.07610458436218971 
11.26  	 0.1693962530349682 
11.27  	 0.260630244724003 
11.28  	 0.3487030927795174 
11.29  	 0.4325496538614441 
11.3  	 0.511155987525818 
11.31  	 0.583571615685804 
11.32  	 0.6489210137365157 
11.33  	 0.7064141944327245 
11.34  	 0.7553562565873373 
11.35  	 0.7951557831836265 
11.36  	 0.8253319874142081 
11.37  	 0.8455205203059093 
11.38  	 0.8554778697791897 
11.39  	 0.8550842980276089 
11.4  	 0.8443452817809788 
11.41  	 0.8233914381216247 
11.42  	 0.7924769368375244 
11.43  	 0.7519764185976472 
11.44  	 0.7023804563022231 
11.45  	 0.6442896145755886 
11.46  	 0.578407179318553 
11.47  	 0.5055306453160239 
11.48  	 0.4265420649100266 
11.49  	 0.3423973745156171 
11.5  	 0.2541148281125393 
11.51  	 0.1627626776383273 
11.52  	 0.06944624930908234 
11.53  	 0.02470542780781546 
11.54  	 0.1185532792374029 
11.55  	 0.2109619633740699 
11.56  	 0.3008136039548167 
11.57  	 0.3870213106529192 
11.58  	 0.4685423242857263 
11.59  	 0.5443906276767401 
11.6  	 0.6136488696806028 
11.61  	 0.67547945819206 
11.62  	 0.7291346880152032 
11.63  	 0.7739657811463803 
11.64  	 0.8094307301812679 
11.65  	 0.8351008500348285 
11.66  	 0.8506659587873113 
11.67  	 0.8559381250505014 
11.68  	 0.8508539365863624 
11.69  	 0.8354752627946775 
11.7  	 0.8099885019014338 
11.71  	 0.7747023220050171 
11.72  	 0.7300439233513014 
11.73  	 0.6765538670912483 
11.74  	 0.6148795331090569 
11.75  	 0.545767286086472 
11.76  	 0.4700534445878648 
11.77  	 0.3886541624238395 
11.78  	 0.3025543447019546 
11.79  	 0.2127957326435358 
11.8  	 0.1204643012946757 
11.81  	 0.02667712256453766 
11.82  	 0.0674311475135802 
11.83  	 0.1607219938626328 
11.84  	 0.2520668137845135 
11.85  	 0.3403605681688955 
11.86  	 0.4245351473906465 
11.87  	 0.5035722902518881 
11.88  	 0.5765158997340885 
11.89  	 0.6424836066238897 
11.9  	 0.7006774411748014 
11.91  	 0.7503934837576476 
11.92  	 0.7910303778022172 
11.93  	 0.8220966020941739 
11.94  	 0.8432164144969183 
11.95  	 0.854134395236762 
11.96  	 0.854718534827465 
11.97  	 0.8449618293114101 
11.98  	 0.8249823635472037 
11.99  	 0.7950218815585663 
12  	 0.7554428612562303 
12.01  	 0.7067241289315322 
12.02  	 0.6494550665793387 
12.03  	 0.584328482124723 
12.04  	 0.5121322287970431 
12.05  	 0.4337396750212179 
12.06  	 0.3500991400961457 
12.07  	 0.2622224234357701 
12.08  	 0.1711725661094529 
12.09  	 0.07805099270040965 
12.1  	 0.01601581100566466 
12.11  	 0.1098899233783542 
12.12  	 0.2024357505590845 
12.13  	 0.2925337618785129 
12.14  	 0.3790940309592355 
12.15  	 0.4610694187385361 
12.16  	 0.5374682389783222 
12.17  	 0.6073662530878947 
12.18  	 0.669917849197302 
12.19  	 0.7243662702847253 
12.2  	 0.7700527676617051 
12.21  	 0.8064245691167783 
12.22  	 0.8330415653527753 
12.23  	 0.8495816338533377 
12.24  	 0.8558445357923465 
12.25  	 0.8517543388563575 
12.26  	 0.8373603366767373 
12.27  	 0.8128364537488663 
12.28  	 0.7784791430310654 
12.29  	 0.734703801644055 
12.3  	 0.6820397480125727 
12.31  	 0.621123821187535 
12.32  	 0.5526926797490505 
12.33  	 0.4775738934171903 
12.34  	 0.3966759350970182 
12.35  	 0.3109771943823387 
12.36  	 0.2215141453759683 
12.37  	 0.1293688119122534 
12.38  	 0.03565568176444107 
12.39  	 0.05849177191661622 
12.4  	 0.1519347989345012 
12.41  	 0.2435431443735853 
12.42  	 0.3322087183674033 
12.43  	 0.4168589979963142 
12.44  	 0.496469999239748 
12.45  	 0.5700786621059262 
12.46  	 0.6367944991574419 
12.47  	 0.6958103665569166 
12.48  	 0.7464122273668031 
12.49  	 0.7879877890226938 
12.5  	 0.8200339105120995 
12.51  	 0.8421626896673986 
12.52  	 0.8541061569411407 
12.53  	 0.8557195188824047 
12.54  	 0.8469829120698734 
12.55  	 0.8280016462690176 
12.56  	 0.7990049338495215 
12.57  	 0.7603431208036419 
12.58  	 0.7124834528257094 
12.59  	 0.6560044276276942 
12.6  	 0.5915888017623827 
12.61  	 0.5200153364963254 
12.62  	 0.4421493825239559 
12.63  	 0.3589324173565304 
12.64  	 0.2713706618853584 
12.65  	 0.1805229137562012 
12.66  	 0.08748774466329454 
12.67  	 0.006609783633889851 
12.68  	 0.1006317239463653 
12.69  	 0.1934410044390905 
12.7  	 0.2839151791661221 
12.71  	 0.3709600020830675 
12.72  	 0.4535226603936285 
12.73  	 0.5306045072034362 
12.74  	 0.6012731395061384 
12.75  	 0.6646736754394156 
12.76  	 0.7200390944287188 
12.77  	 0.7666995151647127 
12.78  	 0.8040902992017318 
12.79  	 0.8317588821624272 
12.8  	 0.849370249917086 
12.81  	 0.8567109934888607 
12.82  	 0.8536918936202365 
12.83  	 0.8403490037135344 
12.84  	 0.8168432180144958 
12.85  	 0.7834583302232703 
12.86  	 0.7405976059699482 
12.87  	 0.6887789105617497 
12.88  	 0.6286284508784853 
12.89  	 0.5608732070506199 
12.9  	 0.4863321453985902 
12.91  	 0.4059063188493565 
12.92  	 0.320567974500799 
12.93  	 0.2313488000116068 
12.94  	 0.1393274509097608 
12.95  	 0.04561650961079185 
12.96  	 0.04865096618888921 
12.97  	 0.1423351431094026 
12.98  	 0.2343031940391219 
12.99  	 0.3234429958050599 
13  	 0.4086765769406936 
13.01  	 0.4889731529482959 
13.02  	 0.5633615914357937 
13.03  	 0.6309421563980215 
13.04  	 0.6908973896240918 
13.05  	 0.7425019976417704 
13.06  	 0.7851316246301612 
13.07  	 0.8182704051985419 
13.08  	 0.8415172056782834 
13.09  	 0.8545904784293633 
13.1  	 0.8573316704301082 
13.11  	 0.849707144896827 
13.12  	 0.831808592656859 
13.13  	 0.8038519282574805 
13.14  	 0.7661746841128212 
13.15  	 0.719231934150657 
13.16  	 0.6635907962001293 
13.17  	 0.5999235795462928 
13.18  	 0.5289996604591016 
13.19  	 0.4516761838854505 
13.2  	 0.3688877036875596 
13.21  	 0.2816348866465169 
13.22  	 0.1909724167724554 
13.23  	 0.09799624613475122 
13.24  	 0.003830346329596349 
13.25  	 0.09038687925573241 
13.26  	 0.1835163581181461 
13.27  	 0.2744321198697788 
13.28  	 0.3620349095335691 
13.29  	 0.4452654783170251 
13.3  	 0.523117391172526 
13.31  	 0.5946491962900398 
13.32  	 0.6589958093783318 
13.33  	 0.7153789750791368 
13.34  	 0.7631166790126849 
13.35  	 0.8016313966354058 
13.36  	 0.8304570791503643 
13.37  	 0.8492447919762469 
13.38  	 0.8577669375684551 
13.39  	 0.8559200114982364 
13.4  	 0.8437258584262738 
13.41  	 0.8213314127415831 
13.42  	 0.7890069269553704 
13.43  	 0.7471427092215053 
13.44  	 0.6962444093791866 
13.45  	 0.6369269104617934 
13.46  	 0.5699068994758805 
13.47  	 0.4959942072228431 
13.48  	 0.4160820218193759 
13.49  	 0.3311360941911982 
13.5  	 0.2421830660042446 
13.51  	 0.150298061109218 
13.52  	 0.05659169048309379 
13.53  	 0.03780337225503502 
13.54  	 0.1317460824808387 
13.55  	 0.2241008178474549 
13.56  	 0.3137511064738258 
13.57  	 0.3996131240813664 
13.58  	 0.4806487969097192 
13.59  	 0.5558783520043324 
13.6  	 0.624392163144241 
13.61  	 0.6853617491897919 
13.62  	 0.7380497918717687 
13.63  	 0.7818190518937193 
13.64  	 0.8161400755339085 
13.65  	 0.8405975985511371 
13.66  	 0.8548955699443113 
13.67  	 0.8588607347970192 
13.68  	 0.8524447328553597 
13.69  	 0.8357246874283871 
13.7  	 0.8089022774494004 
13.71  	 0.7723013038720884 
13.72  	 0.7263637797767069 
13.73  	 0.6716445914080498 
13.74  	 0.6088047946428246 
13.75  	 0.538603627881188 
13.76  	 0.4618893378748841 
13.77  	 0.3795889293566289 
13.78  	 0.2926969623470917 
13.79  	 0.2022635325306766 
13.8  	 0.10938157996984 
13.81  	 0.01517367955043958 
13.82  	 0.07922152718121075 
13.83  	 0.1726630947894816 
13.84  	 0.2640215649729876 
13.85  	 0.3521926191384637 
13.86  	 0.4361104274931147 
13.87  	 0.5147605332873952 
13.88  	 0.5871921164556709 
13.89  	 0.6525294884003393 
13.9  	 0.7099826789545658 
13.91  	 0.7588569875298312 
13.92  	 0.798561382971416 
13.93  	 0.8286156505590757 
13.94  	 0.8486561997317712 
13.95  	 0.8584404623018712 
13.96  	 0.8578498279604159 
13.97  	 0.8468910815542552 
13.98  	 0.8256963247250797 
13.99  	 0.7945213828202076 
14  	 0.7537427162943915 
14.01  	 0.7038528738991189 
14.02  	 0.6454545425829625 
14.03  	 0.5792532659897986 
14.04  	 0.5060489195364688 
14.05  	 0.4267260450831287 
14.06  	 0.3422431619963895 
14.07  	 0.2536211837801762 
14.08  	 0.1619310802638411 
14.09  	 0.0682809344585447 
14.1  	 0.02619744948643527 
14.11  	 0.1203622253672899 
14.12  	 0.2130753057154736 
14.13  	 0.3032161174858659 
14.14  	 0.389695146377446 
14.15  	 0.4714671060712925 
14.16  	 0.5475435732021399 
14.17  	 0.6170049353334451 
14.18  	 0.6790115075071904 
14.19  	 0.7328136829862553 
14.2  	 0.7777609954781166 
14.21  	 0.8133099832836356 
14.22  	 0.8390307602934797 
14.23  	 0.8546122143833734 
14.24  	 0.8598657703486023 
14.25  	 0.8547276718672567 
14.26  	 0.8392597548814402 
14.27  	 0.8136487030192385 
14.28  	 0.7782037940276054 
14.29  	 0.7333531644254361 
14.3  	 0.6796386374967357 
14.31  	 0.6177091771094156 
14.32  	 0.5483130464555408 
14.33  	 0.4722887664640304 
14.34  	 0.3905549831461096 
14.35  	 0.3040993663237357 
14.36  	 0.213966673900164 
14.37  	 0.1212461259204987 
14.38  	 0.02705824101458584 
14.39  	 0.06745870568515294 
14.4  	 0.1611624394798181 
14.41  	 0.252920491624529 
14.42  	 0.3416238865730538 
14.43  	 0.4262005455137945 
14.44  	 0.5056282441908833 
14.45  	 0.5789469683885455 
14.46  	 0.6452705177353095 
14.47  	 0.7037972175673496 
14.48  	 0.7538196093688424 
14.49  	 0.7947330026511541 
14.5  	 0.826042784891976 
14.51  	 0.8473704011653109 
14.52  	 0.8584579311705816 
14.53  	 0.8591712083210135 
14.54  	 0.8495014431721228 
14.55  	 0.829565331548018 
14.56  	 0.7996036460378262 
14.57  	 0.7599783278652477 
14.58  	 0.71116811425992 
14.59  	 0.6537627541601825 
14.6  	 0.5884558821399624 
14.61  	 0.5160366366703755 
14.62  	 0.4373801240046391 
14.63  	 0.3534368429283119 
14.64  	 0.2652211981774297 
14.65  	 0.173799241344125 
14.66  	 0.08027578742689696 
14.67  	 0.01421893726858157 
14.68  	 0.108542954506666 
14.69  	 0.2015563356898525 
14.7  	 0.2921349788099546 
14.71  	 0.3791841942708545 
14.72  	 0.4616519353792702 
14.73  	 0.5385415135930454 
14.74  	 0.6089236448426659 
14.75  	 0.6719476813245664 
14.76  	 0.726851893008714 
14.77  	 0.7729726745866918 
14.78  	 0.8097525665732542 
14.79  	 0.8367469936058063 
14.8  	 0.8536296384898058 
14.81  	 0.8601963870262972 
14.82  	 0.8563677959313638 
14.83  	 0.8421900540072476 
14.84  	 0.8178344249358199 
14.85  	 0.7835951784166804 
14.86  	 0.7398860346425329 
14.87  	 0.6872351650731505 
14.88  	 0.6262788099186258 
14.89  	 0.5577535894617496 
14.9  	 0.4824876021371714 
14.91  	 0.4013904169486519 
14.92  	 0.315442081170455 
14.93  	 0.2256812761810262 
14.94  	 0.1331927645738777 
14.95  	 0.03909428025777911 
14.96  	 0.05547698000903974 
14.97  	 0.1493781003874308 
14.98  	 0.2414742589204569 
14.99  	 0.330652442746121 
15  	 0.4158348997945722 
15.01  	 0.4959921643894354 
15.02  	 0.5701554993213674 
15.03  	 0.6374286040142818 
15.04  	 0.6969984472740902 
15.05  	 0.7481450936896682 
15.06  	 0.7902504049182042 
15.07  	 0.8228055106853107 
15.08  	 0.8454169591991384 
15.09  	 0.8578114726387491 
15.1  	 0.8598392502359926 
15.11  	 0.851475779024385 
15.12  	 0.8328221303650691 
15.13  	 0.8041037386613872 
15.14  	 0.7656676770182169 
15.15  	 0.717978462768974 
15.16  	 0.6616124435615021 
15.17  	 0.597250831850376 
15.18  	 0.5256714719790132 
15.19  	 0.4477394393534918 
15.2  	 0.3643965853263094 
15.21  	 0.276650154150674 
15.22  	 0.1855606095817769 
15.23  	 0.09222881825432275 
15.24  	 0.002217255260313068 
15.25  	 0.0966361809109884 
15.26  	 0.1898868583734626 
15.27  	 0.2808423082745746 
15.28  	 0.3684032927500275 
15.29  	 0.4515116007143222 
15.3  	 0.5291628372735553 
15.31  	 0.6004185627047277 
15.32  	 0.664417634286838 
15.33  	 0.7203866139030659 
15.34  	 0.7676491156253327 
15.35  	 0.8056339803037669 
15.36  	 0.8338821783613528 
15.37  	 0.8520523573651182 
15.38  	 0.8599249673252696 
15.39  	 0.8574049138638322 
15.4  	 0.8445227071871224 
15.41  	 0.8214340929768803 
15.42  	 0.7884181696630671 
15.43  	 0.7458740148356562 
15.44  	 0.6943158615718676 
15.45  	 0.6343668829818788 
15.46  	 0.5667516600974642 
15.47  	 0.4922874241418583 
15.48  	 0.411874179032525 
15.49  	 0.3264838235020959 
15.5  	 0.2371484043142209 
15.51  	 0.1449476425522809 
15.52  	 0.05099588374527654 
15.53  	 0.04357137044163459 
15.54  	 0.1376111861672756 
15.55  	 0.2299870111508996 
15.56  	 0.3195824112257598 
15.57  	 0.4053145636842738 
15.58  	 0.4861473443285468 
15.59  	 0.5611038500518295 
15.6  	 0.6292782055986912 
15.61  	 0.6898465118045691 
15.62  	 0.7420768029917324 
15.63  	 0.7853378931755035 
15.64  	 0.8191070041651134 
15.65  	 0.8429760833667417 
15.66  	 0.8566567349337798 
15.67  	 0.8599837046693442 
15.68  	 0.8529168765667137 
15.69  	 0.8355417568627088 
15.7  	 0.8080684397600739 
15.71  	 0.7708290673264624 
15.72  	 0.7242738142779683 
15.73  	 0.668965446184379 
15.74  	 0.6055725168755124 
15.75  	 0.5348612872756544 
15.76  	 0.4576864633460839 
15.77  	 0.3749808650887942 
15.78  	 0.2877441514837519 
15.79  	 0.1970307376422148 
15.8  	 0.1039370502215899 
15.81  	 0.009588275145048123 
15.82  	 0.08487524219561196 
15.83  	 0.1783117798750737 
15.84  	 0.2695920389167574 
15.85  	 0.3576127925314136 
15.86  	 0.4413102201387523 
15.87  	 0.5196727650088362 
15.88  	 0.591753360119311 
15.89  	 0.6566808744611594 
15.9  	 0.7136706414487746 
15.91  	 0.7620339421855744 
15.92  	 0.8011863289691312 
15.93  	 0.8306546884385599 
15.94  	 0.8500829590011183 
15.95  	 0.8592364334408877 
15.96  	 0.8580045947136963 
15.97  	 0.846402450661799 
15.98  	 0.8245703515255322 
15.99  	 0.7927722924674759 
16  	 0.7513927216362888 
16.01  	 0.7009318923605348 
16.02  	 0.6419998156598707 
16.03  	 0.5753088861782105 
16.04  	 0.5016652706777527 
16.05  	 0.4219591631886664 
16.06  	 0.3371540246078545 
16.07  	 0.2482749368138816 
16.08  	 0.1563962120678438 
16.09  	 0.06262840746989062 
16.1  	 0.03189509856832873 
16.11  	 0.1260318055820245 
16.12  	 0.2186439004579055 
16.13  	 0.308612010069255 
16.14  	 0.3948487309143039 
16.15  	 0.4763117722253049 
16.16  	 0.5520165536908115 
16.17  	 0.6210481055248325 
16.18  	 0.6825721270517495 
16.19  	 0.7358450701468682 
16.2  	 0.7802231256603945 
16.21  	 0.8151700042133299 
16.22  	 0.8402634173267345 
16.23  	 0.855200180556039 
16.24  	 0.8597998769583537 
16.25  	 0.8540070366228414 
16.26  	 0.8378918059309708 
16.27  	 0.8116490984686704 
16.28  	 0.7755962378649219 
16.29  	 0.7301691210598037 
16.3  	 0.6759169483884809 
16.31  	 0.6134955841908352 
16.32  	 0.543659628208791 
16.33  	 0.4672532936162989 
16.34  	 0.3852002019504084 
16.35  	 0.2984922183030669 
16.36  	 0.2081774617331467 
16.37  	 0.1153476358261291 
16.38  	 0.02112483254641969 
16.39  	 0.07335203110877714 
16.4  	 0.1669409797058437 
16.41  	 0.2585107828197506 
16.42  	 0.3469546284796236 
16.43  	 0.431203501341162 
16.44  	 0.5102391038812252 
16.45  	 0.5831061644350579 
16.46  	 0.6489239833094145 
16.47  	 0.7068970774150032 
16.48  	 0.7563247947597695 
16.49  	 0.7966097825965976 
16.5  	 0.8272652068766047 
16.51  	 0.8479206357531093 
16.52  	 0.8583265160302469 
16.53  	 0.8583571884584511 
16.54  	 0.8480124054408803 
16.55  	 0.8274173328172427 
16.56  	 0.7968210357152483 
16.57  	 0.7565934667836276 
16.58  	 0.7072209932231115 
16.59  	 0.6493005166935986 
16.6  	 0.5835322571840632 
16.61  	 0.5107112880807332 
16.62  	 0.4317179247629647 
16.63  	 0.347507082914325 
16.64  	 0.2590967351879684 
16.65  	 0.1675556057648316 
16.66  	 0.07399025155228933 
16.67  	 0.02046831381409447 
16.68  	 0.1146782914795098 
16.69  	 0.2075008991312914 
16.7  	 0.2978141361815353 
16.71  	 0.3845263459833275 
16.72  	 0.4665894111468392 
16.73  	 0.5430114224583225 
16.74  	 0.6128686682683115 
16.75  	 0.6753167994308862 
16.76  	 0.7296010348420813 
16.77  	 0.7750652842233965 
16.78  	 0.8111600778853707 
16.79  	 0.8374492076273828 
16.8  	 0.8536149985101883 
16.81  	 0.8594621477875087 
16.82  	 0.8549200846033538 
16.83  	 0.8400438219424458 
16.84  	 0.8150132905465739 
16.85  	 0.7801311628592571 
16.86  	 0.7358191933132532 
16.87  	 0.6826131192090839 
16.88  	 0.6211561838320958 
16.89  	 0.552191360108414 
16.9  	 0.4765523688083247 
16.91  	 0.3951535998748152 
16.92  	 0.3089790587146031 
16.93  	 0.2190704710728379 
16.94  	 0.1265146902835725 
16.95  	 0.03243055911969021 
16.96  	 0.06204461494263852 
16.97  	 0.1557688075572803 
16.98  	 0.247609082256548 
16.99  	 0.3364552852443066 
17  	 0.4212334646941954 
17.01  	 0.5009188523441126 
17.02  	 0.5745482504700128 
17.03  	 0.6412316745110458 
17.04  	 0.700163110615981 
17.05  	 0.7506302580809883 
17.06  	 0.7920231389195669 
17.07  	 0.823841470500536 
17.08  	 0.8457007121420754 
17.09  	 0.8573367125797005 
17.1  	 0.858608902138734 
17.11  	 0.8495019910337058 
17.12  	 0.8301261532750713 
17.13  	 0.8007156939696659 
17.14  	 0.7616262161336746 
17.15  	 0.7133303212750024 
17.16  	 0.6564118957248424 
17.17  	 0.5915590517937519 
17.18  	 0.5195558090875068 
17.19  	 0.4412726165459603 
17.2  	 0.3576558297815504 
17.21  	 0.2697162709210423 
17.22  	 0.1785170092447355 
17.23  	 0.08516051033491839 
17.24  	 0.009224690921302806 
17.25  	 0.1034976323754941 
17.26  	 0.1965187168005623 
17.27  	 0.2871634874914317 
17.28  	 0.3743362207642713 
17.29  	 0.4569831710483354 
17.3  	 0.5341053084654868 
17.31  	 0.6047703949273765 
17.32  	 0.6681242527776829 
17.33  	 0.7234010897674332 
17.34  	 0.7699327555596764 
17.35  	 0.807156817875722 
17.36  	 0.834623360663975 
17.37  	 0.8520004221212418 
17.38  	 0.8590780068379629 
17.39  	 0.8557706235755198 
17.4  	 0.8421183180058927 
17.41  	 0.8182861879372503 
17.42  	 0.7845623868927459 
17.43  	 0.7413546401828135 
17.44  	 0.6891853155919073 
17.45  	 0.6286851082727289 
17.46  	 0.5605854161918584 
17.47  	 0.4857094982995119 
17.48  	 0.4049625223097878 
17.49  	 0.319320622400308 
17.5  	 0.2298190991073264 
17.51  	 0.1375399040613526 
17.52  	 0.04359856085270918 
17.53  	 0.05086931986847984 
17.54  	 0.1447217680484158 
17.55  	 0.2368242586993405 
17.56  	 0.3260634263116716 
17.57  	 0.4113605234274108 
17.58  	 0.4916844606861825 
17.59  	 0.5660642707157184 
17.6  	 0.6336008452034023 
17.61  	 0.6934778032719631 
17.62  	 0.7449713597841474 
17.63  	 0.7874590742899972 
17.64  	 0.8204273748625909 
17.65  	 0.843477765876766 
17.66  	 0.8563316446952649 
17.67  	 0.858833669041996 
17.68  	 0.8509536343621613 
17.69  	 0.8327868384805035 
17.7  	 0.80455292915474 
17.71  	 0.7665932484602098 
17.72  	 0.7193667061123503 
17.73  	 0.6634442316157145 
17.74  	 0.5995018723077269 
17.75  	 0.5283126207334935 
17.76  	 0.4507370701479508 
17.77  	 0.3677130111072009 
17.78  	 0.2802440949104629 
17.79  	 0.1893877009343329 
17.8  	 0.09624215452347962 
17.81  	 0.0019334499527758 
17.82  	 0.09239836104249999 
17.83  	 0.185612950628783 
17.84  	 0.2765834995364589 
17.85  	 0.3642103183901246 
17.86  	 0.44743414104959 
17.87  	 0.5252489292699943 
17.88  	 0.5967140338961642 
17.89  	 0.6609655655863058 
17.9  	 0.7172268376142725 
17.91  	 0.7648177545183674 
17.92  	 0.8031630331065578 
17.93  	 0.8317991564434174 
17.94  	 0.8503799767603577 
17.95  	 0.8586808995625714 
17.96  	 0.8566015983573264 
17.97  	 0.8441672271902738 
17.98  	 0.8215281163353354 
17.99  	 0.7889579548196874 
18  	 0.7468504817567041 
18.01  	 0.6957147264855099 
18.02  	 0.6361688550580985 
18.03  	 0.5689326974613533 
18.04  	 0.494819045909072 
18.05  	 0.41472382939401 
18.06  	 0.3296152832742962 
18.07  	 0.2405222448160081 
18.08  	 0.1485217161797156 
18.09  	 0.05472584519328723 
18.1  	 0.03973151870869827 
18.11  	 0.1337085308633092 
18.12  	 0.2260691543895599 
18.13  	 0.315696892975932 
18.14  	 0.4015082874409657 
18.15  	 0.4824660129166752 
18.16  	 0.5575914183343799 
18.17  	 0.6259763566328427 
18.18  	 0.6867941626832197 
18.19  	 0.7393096462283294 
18.2  	 0.7828879790398751 
18.21  	 0.8170023688649385 
18.22  	 0.8412404273981882 
18.23  	 0.8553091553035514 
18.24  	 0.8590384840262477 
18.25  	 0.8523833315821159 
18.26  	 0.8354241474743768 
18.27  	 0.8083659401517942 
18.28  	 0.771535798765411 
18.29  	 0.7253789391823673 
18.3  	 0.6704533220541158 
18.31  	 0.607422907997877 
18.32  	 0.5370496314245852 
18.33  	 0.4601841900361905 
18.34  	 0.3777557613311122 
18.35  	 0.2907607704273568 
18.36  	 0.2002508449806714 
18.37  	 0.1073201028010903 
18.38  	 0.01309192583860106 
18.39  	 0.08129461958400225 
18.4  	 0.1746985521349456 
18.41  	 0.2659907679879882 
18.42  	 0.35406768976031 
18.43  	 0.4378646068826117 
18.44  	 0.5163685461407425 
18.45  	 0.5886305168066417 
18.46  	 0.653776982337348 
18.47  	 0.7110204199694983 
18.48  	 0.7596688405629946 
18.49  	 0.799134153615676 
18.5  	 0.8289392763310077 
18.51  	 0.8487239008025916 
18.52  	 0.858248849600284 
18.53  	 0.8573989671063698 
18.54  	 0.8461845116502004 
18.55  	 0.8247410316123442 
18.56  	 0.7933277269952975 
18.57  	 0.752324316265625 
18.58  	 0.7022264463410629 
18.59  	 0.6436397012066131 
18.6  	 0.5772722815837634 
18.61  	 0.5039264441415887 
18.62  	 0.4244888037329588 
18.63  	 0.3399196158838132 
18.64  	 0.2512411690891273 
18.65  	 0.1595254272316724 
18.66  	 0.0658810715026054 
18.67  	 0.02855990153674681 
18.68  	 0.1226558637474609 
18.69  	 0.2152693556488294 
18.7  	 0.3052808362776128 
18.71  	 0.3916022164607621 
18.72  	 0.473190011908824 
18.73  	 0.5490579571335136 
18.74  	 0.618288927709753 
18.75  	 0.6800460267637669 
18.76  	 0.7335827016712531 
18.77  	 0.7782517686725374 
18.78  	 0.8135132363129567 
18.79  	 0.8389408331361898 
18.8  	 0.8542271607216543 
18.81  	 0.8591874097737051 
18.82  	 0.8537615943405035 
18.83  	 0.8380152771532344 
18.84  	 0.8121387773158888 
18.85  	 0.7764448699212405 
18.86  	 0.7313650053985077 
18.87  	 0.6774440942915895 
18.88  	 0.6153339205084927 
18.89  	 0.545785262660984 
18.9  	 0.4696388187314393 
18.91  	 0.3878150437681755 
18.92  	 0.3013030234510553 
18.93  	 0.21114851802351 
18.94  	 0.1184413211154418 
18.95  	 0.02430208626420018 
18.96  	 0.07013121962539731 
18.97  	 0.1637170721304408 
18.98  	 0.2553241881875482 
18.99  	 0.343845201196495 
19  	 0.4282100470442524 
19.01  	 0.5073988992376042 
19.02  	 0.5804544967827312 
19.03  	 0.6464937157907913 
19.04  	 0.7047182449296521 
19.05  	 0.7544242356750697 
19.06  	 0.7950108107065635 
19.07  	 0.8259873275963405 
19.08  	 0.8469793099851396 
19.09  	 0.8577329745465294 
19.1  	 0.8581182990150334 
19.11  	 0.8481305941891448 
19.12  	 0.8278905609041912 
19.13  	 0.7976428312838058 
19.14  	 0.7577530119005772 
19.15  	 0.7087032645858971 
19.16  	 0.6510864783054189 
19.17  	 0.5855991025483054 
19.18  	 0.5130327288581553 
19.19  	 0.4342645222656671 
19.2  	 0.3502466182863633 
19.21  	 0.2619946136504185 
19.22  	 0.1705752898874846 
19.23  	 0.07709371816220732 
19.24  	 0.01732009876350112 
19.25  	 0.1115248859705347 
19.26  	 0.204381892110101 
19.27  	 0.294768654656031 
19.28  	 0.3815925682877821 
19.29  	 0.4638040923888483 
19.3  	 0.5404094380081008 
19.31  	 0.6104825809228561 
19.32  	 0.6731764555889409 
19.33  	 0.7277331946635837 
19.34  	 0.7734932903243401 
19.35  	 0.8099035666400092 
19.36  	 0.8365238666213559 
19.37  	 0.8530323731163534 
19.38  	 0.8592294992282566 
19.39  	 0.8550403012266019 
19.4  	 0.8405153847808934 
19.41  	 0.8158302935595309 
19.42  	 0.781283387581484 
19.43  	 0.7372922369642063 
19.44  	 0.6843885746568434 
19.45  	 0.6232118691671571 
19.46  	 0.5545015949717258 
19.47  	 0.4790882940418819 
19.48  	 0.3978835365304481 
19.49  	 0.3118689019719361 
19.5  	 0.222084114188548 
19.51  	 0.1296144733248219 
19.52  	 0.03557773693032597 
19.53  	 0.05888939133047674 
19.54  	 0.1526450020181565 
19.55  	 0.2445557832167098 
19.56  	 0.3335107199370005 
19.57  	 0.4184345240281488 
19.58  	 0.4983006322563466 
19.59  	 0.5721436154308674 
19.6  	 0.6390708485755586 
19.61  	 0.6982733010762887 
19.62  	 0.7490353163725525 
19.63  	 0.7907432629748439 
19.64  	 0.8228929522333683 
19.65  	 0.8450957331898701 
19.66  	 0.8570831908363967 
19.67  	 0.8587103909858657 
19.68  	 0.8499576325279672 
19.69  	 0.8309306858863075 
19.7  	 0.8018595147912997 
19.71  	 0.7630954968167611 
19.72  	 0.7151071762750991 
19.73  	 0.6584746008064863 
19.74  	 0.5938823101179342 
19.75  	 0.5221110616206432 
19.76  	 0.4440283929825522 
19.77  	 0.3605781356724836 
19.78  	 0.2727690062523979 
19.79  	 0.1816624133231127 
19.8  	 0.0883596275095099 
19.81  	 0.006011530428298249 
19.82  	 0.1003103224469929 
19.83  	 0.1933968822436399 
19.84  	 0.2841459937718147 
19.85  	 0.3714606926975231 
19.86  	 0.4542855263821727 
19.87  	 0.5316193121076915 
19.88  	 0.6025272393228944 
19.89  	 0.666152169620565 
19.9  	 0.7217249978506359 
19.91  	 0.7685739491249766 
19.92  	 0.8061326993306968 
19.93  	 0.8339472209904257 
19.94  	 0.851681271715741 
19.95  	 0.8591204589075202 
19.96  	 0.8561748315672864 
19.97  	 0.8428799678873753 
19.98  	 0.8193965454705362 
19.99  	 0.7860083993712701 
20  	 0.7431190914301098 
20.01  	 0.6912470323673223 
20.02  	 0.631019215596675 
20.03  	 0.5631636385010048 
20.04  	 0.4885005027775772 
20.05  	 0.4079323002192574 
20.06  	 0.3224329037708832 
20.07  	 0.2330357957238642 
20.08  	 0.140821575342991 
20.09  	 0.0469048969291584 
20.1  	 0.04757900379289833 
20.11  	 0.1414880320962223 
20.12  	 0.2336870396096781 
20.13  	 0.3230615457357005 
20.14  	 0.408531209266904 
20.15  	 0.4890628873581381 
20.16  	 0.5636831240001776 
20.17  	 0.631489917035616 
20.18  	 0.6916636214786973 
20.19  	 0.7434768573410605 
20.2  	 0.7863033021977961 
20.21  	 0.8196252622097115 
20.22  	 0.8430399300828091 
20.23  	 0.8562642543182191 
20.24  	 0.8591383608918571 
20.25  	 0.8516274860010957 
20.26  	 0.8338223965134329 
20.27  	 0.8059382930325204 
20.28  	 0.7683122088385858 
20.29  	 0.7213989361419728 
20.3  	 0.6657655288898537 
20.31  	 0.6020844485728296 
20.32  	 0.5311254358809578 
20.33  	 0.4537462064609293 
20.34  	 0.3708820832398179 
20.35  	 0.2835346906357746 
20.36  	 0.1927598473159681 
20.37  	 0.09965480384953149 
20.38  	 0.005344979523189439 
20.39  	 0.08902964136002106 
20.4  	 0.182328289260338 
20.41  	 0.2734231986939386 
20.42  	 0.3612132403567337 
20.43  	 0.4446372312974895 
20.44  	 0.5226867622503567 
20.45  	 0.5944183870722263 
20.46  	 0.6589650269417402 
20.47  	 0.7155464514676545 
20.48  	 0.763478710012758 
20.49  	 0.8021823992284034 
20.5  	 0.8311896668625867 
20.51  	 0.8501498671797059 
20.52  	 0.8588337996290989 
20.53  	 0.8571364795247554 
20.54  	 0.8450784072430971 
20.55  	 0.8228053205952754 
20.56  	 0.7905864333654093 
20.57  	 0.748811181304935 
20.58  	 0.6979845149148933 
20.59  	 0.6387207959138863 
20.6  	 0.5717363711678725 
20.61  	 0.4978409138446487 
20.62  	 0.4179276364570106 
20.63  	 0.3329624940957877 
20.64  	 0.2439725083591532 
20.65  	 0.1520333531151674 
20.66  	 0.05825635215566102 
20.67  	 0.0362249540900404 
20.68  	 0.1302685104042331 
20.69  	 0.2227375515695224 
20.7  	 0.3125143432283473 
20.71  	 0.3985136927181846 
20.72  	 0.4796960665667662 
20.73  	 0.5550801560868001 
20.74  	 0.6237547391800806 
20.75  	 0.6848896949685433 
20.76  	 0.7377460381097033 
20.77  	 0.7816848515036426 
20.78  	 0.8161750094147604 
20.79  	 0.8407995976521729 
20.8  	 0.8552609532025086 
20.81  	 0.8593842623961678 
20.82  	 0.8531196741123013 
20.83  	 0.8365429024773987 
20.84  	 0.8098543117709891 
20.85  	 0.7733764945985465 
20.86  	 0.727550372604769 
20.87  	 0.6729298668592829 
20.88  	 0.6101752023367357 
20.89  	 0.5400449274231471 
20.9  	 0.4633867449139882 
20.91  	 0.3811272653345971 
20.92  	 0.2942608064412577 
20.93  	 0.2038373742905954 
20.94  	 0.1109499711574727 
20.95  	 0.01672138371945485 
20.96  	 0.07770938879252151 
20.97  	 0.1712009024247417 
20.98  	 0.2626230658917239 
20.99  	 0.3508708007486384 
21  	 0.4348773992253409 
21.01  	 0.5136274182562821 
21.02  	 0.5861689538468227 
21.03  	 0.6516251474070403 
21.04  	 0.7092047849672476 
21.05  	 0.7582118611549076 
21.06  	 0.7980539923256995 
21.07  	 0.8282495771529782 
21.08  	 0.8484336181197725 
21.09  	 0.8583621335443562 
21.1  	 0.8579151068073947 
21.11  	 0.8470979371306214 
21.12  	 0.8260413743697408 
21.13  	 0.7949999386091324 
21.14  	 0.7543488436609418 
21.15  	 0.7045794616559817 
21.16  	 0.6462933835481379 
21.17  	 0.5801951473266551 
21.18  	 0.5070837218350119 
21.19  	 0.4278428491365442 
21.2  	 0.3434303621652789 
21.21  	 0.2548666067862023 
21.22  	 0.1632221082155549 
21.23  	 0.06960463088506449 
21.24  	 0.02485421183335318 
21.25  	 0.1190126361853263 
21.26  	 0.2117324895319636 
21.27  	 0.3018930079596476 
21.28  	 0.3884043637042038 
21.29  	 0.4702208386319296 
21.3  	 0.5463534645407455 
21.31  	 0.6158819774889145 
21.32  	 0.6779659416512269 
21.33  	 0.7318549082404062 
21.34  	 0.7768974866958276 
21.35  	 0.8125492184894609 
21.36  	 0.8383791583726237 
21.37  	 0.854075083511334 
21.38  	 0.8594472675434265 
21.39  	 0.8544307739377095 
21.4  	 0.8390862409334009 
21.41  	 0.8135991485715823 
21.42  	 0.77827757667832 
21.43  	 0.7335484809002103 
21.44  	 0.6799525318061564 
21.45  	 0.6181375794388128 
21.46  	 0.5488508223138829 
21.47  	 0.4729297755261665 
21.48  	 0.3912921471368109 
21.49  	 0.3049247452131546 
21.5  	 0.2148715496092304 
21.51  	 0.1222210926717011 
21.52  	 0.02809330140955922 
21.53  	 0.06637403982482212 
21.54  	 0.1600390425078843 
21.55  	 0.2517695167264883 
21.56  	 0.3404566567246674 
21.57  	 0.4250284437891126 
21.58  	 0.5044626044629756 
21.59  	 0.5777989674532731 
21.6  	 0.6441510698651829 
21.61  	 0.702716872470498 
21.62  	 0.7527884544875677 
21.63  	 0.7937605706848064 
21.64  	 0.8251379673726065 
21.65  	 0.846541368849735 
21.66  	 0.8577120619423722 
21.67  	 0.8585150232191253 
21.68  	 0.8489405510814486 
21.69  	 0.8291043830014169 
21.7  	 0.7992462964899321 
21.71  	 0.7597272107066214 
21.72  	 0.7110248237466411 
21.73  	 0.6537278383396941 
21.74  	 0.5885288457597295 
21.75  	 0.5162159539626477 
21.76  	 0.4376632611489257 
21.77  	 0.3538202899043192 
21.78  	 0.2657005096356522 
21.79  	 0.1743690860396824 
21.8  	 0.08093000568576125 
21.81  	 0.01348726865287132 
21.82  	 0.1077414506128904 
21.83  	 0.2006932257704617 
21.84  	 0.2912190233304308 
21.85  	 0.3782245975067533 
21.86  	 0.460658254426236 
21.87  	 0.5375235646729637 
21.88  	 0.6078914078073729 
21.89  	 0.6709112032701343 
21.9  	 0.7258211919142705 
21.91  	 0.7719576438862327 
21.92  	 0.8087628815535353 
21.93  	 0.8357920205004867 
21.94  	 0.8527183471093014 
21.95  	 0.8593372677241226 
21.96  	 0.855568781662151 
21.97  	 0.8414584481792294 
21.98  	 0.8171768357019871 
21.99  	 0.7830174599846157 
22  	 0.7393932361137592 
22.01  	 0.6868314872492194 
22.02  	 0.6259675704340606 
22.03  	 0.5575371965239129 
22.04  	 0.4823675370707714 
22.05  	 0.401367225659066 
22.06  	 0.3155153745558376 
22.07  	 0.2258497394388534 
22.08  	 0.1334541752648859 
22.09  	 0.03944553490825575 
22.1  	 0.05503983106429394 
22.11  	 0.148859810294985 
22.12  	 0.2408803341770283 
22.13  	 0.3299890861589153 
22.14  	 0.4151089471095307 
22.15  	 0.4952110152191929 
22.16  	 0.5693270430565747 
22.17  	 0.6365611414453494 
22.18  	 0.6961006086875258 
22.19  	 0.747225754233348 
22.2  	 0.7893185980518787 
22.21  	 0.8218703405473142 
22.22  	 0.8444875127269769 
22.23  	 0.8568967322800931 
22.24  	 0.8589480080776251 
22.25  	 0.8506165531499585 
22.26  	 0.8320030842282717 
22.27  	 0.8033326042295572 
22.28  	 0.7649516824029581 
22.29  	 0.7173242650151177 
22.3  	 0.6610260672144825 
22.31  	 0.5967376138651324 
22.32  	 0.5252360134712251 
22.33  	 0.4473855646276329 
22.34  	 0.3641273085440091 
22.35  	 0.2764676539293444 
22.36  	 0.1854662117371664 
22.37  	 0.0922229868219913 
22.38  	 0.002134918667965412 
22.39  	 0.09646692943633187 
22.4  	 0.1896327840358706 
22.41  	 0.2805063180645474 
22.42  	 0.3679890769519227 
22.43  	 0.4510235937878982 
22.44  	 0.5286061716952426 
22.45  	 0.5997990162354407 
22.46  	 0.663741571195003 
22.47  	 0.7196609207280809 
22.48  	 0.7668811321175422 
22.49  	 0.804831426221758 
22.5  	 0.8330530768454842 
22.51  	 0.851204955637451 
22.52  	 0.8590676554899592 
22.53  	 0.8565461425986048 
22.54  	 0.8436709051253776 
22.55  	 0.820597584581171 
22.56  	 0.7876050943842896 
22.57  	 0.7450922483381075 
22.58  	 0.6935729397829453 
22.59  	 0.6336699296961248 
22.6  	 0.56610731882897 
22.61  	 0.4917017948766363 
22.62  	 0.4113527604833299 
22.63  	 0.3260314614144214 
22.64  	 0.236769246311415 
22.65  	 0.1446450999445476 
22.66  	 0.05077260065775707 
22.67  	 0.0437135403377284 
22.68  	 0.1376711951109207 
22.69  	 0.2299646248023385 
22.7  	 0.3194782081771234 
22.71  	 0.4051299269928116 
22.72  	 0.4858844451733979 
22.73  	 0.5607656236921106 
22.74  	 0.628868319885743 
22.75  	 0.6893693285736779 
22.76  	 0.741537332728103 
22.77  	 0.7847417434143811 
22.78  	 0.8184603221470612 
22.79  	 0.8422854935246182 
22.8  	 0.8559292718380169 
22.81  	 0.8592267421019426 
22.82  	 0.8521380534315862 
22.83  	 0.8347489006702238 
22.84  	 0.8072694884465956 
22.85  	 0.7700319901851063 
22.86  	 0.7234865327846578 
22.87  	 0.6681957555030706 
22.88  	 0.6048280088192026 
22.89  	 0.5341492754836937 
22.9  	 0.4570139114162845 
22.91  	 0.3743543183717737 
22.92  	 0.2871696732101738 
22.93  	 0.1965138500098731 
22.94  	 0.1034826810187711 
22.95  	 0.009200710431197658 
22.96  	 0.0851923988919524 
22.97  	 0.1785556414465512 
22.98  	 0.2697604613305873 
22.99  	 0.3577043939933315 
23  	 0.4413243925900227 
23.01  	 0.5196096778558507 
23.02  	 0.5916139561727292 
23.03  	 0.6564668581399093 
23.04  	 0.7133844593814096 
23.05  	 0.7616787564176002 
23.06  	 0.8007659830587868 
23.07  	 0.8301736667946891 
23.08  	 0.8495463398840315 
23.09  	 0.8586498361105315 
23.1  	 0.8573741212675704 
23.11  	 0.8457346231579519 
23.12  	 0.8238720450326786 
23.13  	 0.7920506647246792 
23.14  	 0.750655140037761 
23.15  	 0.70018585900763 
23.16  	 0.6412528912404869 
23.17  	 0.5745686134450669 
23.18  	 0.5009390982999957 
23.19  	 0.4212543707464073 
23.2  	 0.3364776494867817 
23.21  	 0.2476337037368085 
23.22  	 0.1557964659723569 
23.23  	 0.06207605040628255 
23.24  	 0.03239466588614593 
23.25  	 0.1264737369885127 
23.26  	 0.2190239517801849 
23.27  	 0.308926580333171 
23.28  	 0.395094896905237 
23.29  	 0.4764873160655225 
23.3  	 0.5521199831667034 
23.31  	 0.6210786669716069 
23.32  	 0.6825298106797053 
23.33  	 0.7357306077704118 
23.34  	 0.7800379808691661 
23.35  	 0.8149163551016489 
23.36  	 0.839944131973871 
23.37  	 0.8548187855236368 
23.38  	 0.8593605191425493 
23.39  	 0.8535144388662703 
23.4  	 0.8373512168632293 
23.41  	 0.8110662371023135 
23.42  	 0.7749772335271103 
23.43  	 0.729520449286746 
23.44  	 0.6752453634502713 
23.45  	 0.6128080489478052 
23.46  	 0.542963242026826 
23.47  	 0.4665552190873631 
23.48  	 0.3845075911752386 
23.49  	 0.2978121394967672 
23.5  	 0.2075168269087684 
23.51  	 0.1147131302997464 
23.52  	 0.02052284698632786 
23.53  	 0.07391546539342106 
23.54  	 0.167460251576675 
23.55  	 0.2589807576025506 
23.56  	 0.3473706991686201 
23.57  	 0.4315616341977285 
23.58  	 0.5105358779691612 
23.59  	 0.5833388046991133 
23.6  	 0.6490903868709936 
23.61  	 0.7069958328305637 
23.62  	 0.7563551940608993 
23.63  	 0.7965718260062793 
23.64  	 0.8271596001727022 
23.65  	 0.8477487803266314 
23.66  	 0.8580904917620309 
23.67  	 0.8580597296124146 
23.68  	 0.8476568698444131 
23.69  	 0.8270076646687314 
23.7  	 0.796361722424427 
23.71  	 0.7560894903118229 
23.72  	 0.7066777764468668 
23.73  	 0.6487238653657272 
23.74  	 0.5829282981112385 
23.75  	 0.5100864041741182 
23.76  	 0.4310786876501509 
23.77  	 0.3468601838241463 
23.78  	 0.2584489148363099 
23.79  	 0.1669135839779561 
23.8  	 0.0733606573649797 
23.81  	 0.0210790108550576 
23.82  	 0.1152638480909783 
23.83  	 0.208055362454595 
23.84  	 0.298331904664754 
23.85  	 0.3850022263568965 
23.86  	 0.467018670907785 
23.87  	 0.5433898373271371 
23.88  	 0.6131925641370349 
23.89  	 0.6755830883805853 
23.9  	 0.72980724487152 
23.91  	 0.7752095823982836 
23.92  	 0.8112412866877718 
23.93  	 0.8374668143573976 
23.94  	 0.8535691576659017 
23.95  	 0.8593536764236328 
23.96  	 0.8547504507431937 
23.97  	 0.8398151261911158 
23.98  	 0.8147282411247996 
23.99  	 0.7797930443461913 
24  	 0.7354318294521484 
24.01  	 0.6821808301916867 
24.02  	 0.6206837385345352 
24.03  	 0.5516839238034422 
24.04  	 0.4760154469248624 
24.05  	 0.394592978415683 
24.06  	 0.308400741976796 
24.07  	 0.2184806173409443 
24.08  	 0.1259195461860475 
24.09  	 0.0318363933495564 
24.1  	 0.06263157783707328 
24.11  	 0.1563424526094597 
24.12  	 0.2481634680549921 
24.13  	 0.3369847057689639 
24.14  	 0.4217325083680904 
24.15  	 0.5013824576845247 
24.16  	 0.5749717577623203 
24.17  	 0.6416108729729131 
24.18  	 0.7004942805698675 
24.19  	 0.7509102077082832 
24.2  	 0.7922492352292486 
24.21  	 0.8240116642085487 
24.22  	 0.8458135562240146 
24.23  	 0.8573913743281509 
24.24  	 0.858605168626697 
24.25  	 0.8494402679567282 
24.26  	 0.8300074572156075 
24.27  	 0.8005416381975681 
24.28  	 0.76139899012552 
24.29  	 0.713052664201532 
24.3  	 0.6560870642192562 
24.31  	 0.5911907823739893 
24.32  	 0.5191482756608083 
24.33  	 0.4408303834753561 
24.34  	 0.3571838010392493 
24.35  	 0.2692196358933173 
24.36  	 0.1780011857862568 
24.37  	 0.08463108569736341 
24.38  	 0.009762020641594139 
24.39  	 0.1040371236133611 
24.4  	 0.1970546400579724 
24.41  	 0.2876901883718804 
24.42  	 0.3748481798524446 
24.43  	 0.4574750619975516 
24.44  	 0.5345720536780403 
24.45  	 0.6052072182419649 
24.46  	 0.668526728613297 
24.47  	 0.7237651882141902 
24.48  	 0.770254882953692 
24.49  	 0.807433852445949 
24.5  	 0.8348526828949348 
24.51  	 0.8521799395340952 
24.52  	 0.8592061729547074 
24.53  	 0.8558464508952062 
24.54  	 0.8421413848876153 
24.55  	 0.8182566393511844 
24.56  	 0.7844809290673554 
24.57  	 0.7412225292421903 
24.58  	 0.6890043403420643 
24.59  	 0.6284575673582498 
24.6  	 0.5603140899041691 
24.61  	 0.48539761537451 
24.62  	 0.4046137221051556 
24.63  	 0.3189389128908579 
24.64  	 0.2294088111795048 
24.65  	 0.1371056426256918 
24.66  	 0.04314515332438203 
24.67  	 0.05133687714528479 
24.68  	 0.1451983648376218 
24.69  	 0.2373047267646859 
24.7  	 0.326542595550419 
24.71  	 0.4118332776344914 
24.72  	 0.4921457923449737 
24.73  	 0.5665093342263039 
24.74  	 0.6340250079792913 
24.75  	 0.6938766941639614 
24.76  	 0.7453409143218384 
24.77  	 0.787795576269898 
24.78  	 0.8207274938547411 
24.79  	 0.8437385902690532 
24.8  	 0.8565507099460897 
24.81  	 0.8590089808663897 
24.82  	 0.8510836866339566 
24.83  	 0.8328706256923475 
24.84  	 0.8045899533385569 
24.85  	 0.7665835205321028 
24.86  	 0.7193107416673195 
24.87  	 0.6633430412583543 
24.88  	 0.5993569466645179 
24.89  	 0.5281259103496156 
24.9  	 0.4505109605265046 
24.91  	 0.3674502932001654 
24.92  	 0.2799479314187039 
24.93  	 0.1890615888175785 
24.94  	 0.09588988415996104 
24.95  	 0.001559061421971434 
24.96  	 0.09279062405219793 
24.97  	 0.1860186887630774 
24.98  	 0.276998207028191 
24.99  	 0.3646294330705095 
25  	 0.4478530945625545 
25.01  	 0.5256631969353618 
25.02  	 0.5971191836761585 
25.03  	 0.6613573056235034 
25.04  	 0.7176010618291142 
25.05  	 0.765170585779759 
25.06  	 0.8034908635193213 
25.07  	 0.8320986843323114 
25.08  	 0.8506482399697836 
25.09  	 0.8589153047350846 
25.1  	 0.8567999459012712 
25.11  	 0.8443277316969187 
25.12  	 0.8216494222582722 
25.13  	 0.7890391472833783 
25.14  	 0.7468910924161632 
25.15  	 0.695714734414782 
25.16  	 0.6361286827005375 
25.17  	 0.568853201729409 
25.18  	 0.4947015045745577 
25.19  	 0.4145699229610031 
25.2  	 0.329427072575498 
25.21  	 0.2403021446190913 
25.22  	 0.1482724651322979 
25.23  	 0.05445047247286607 
25.24  	 0.0400297296391549 
25.25  	 0.134026080965624 
25.26  	 0.2264023697730415 
25.27  	 0.3160419671612774 
25.28  	 0.4018613246806284 
25.29  	 0.4828230720795761 
25.3  	 0.5579485568609871 
25.31  	 0.6263296740696886 
25.32  	 0.6871398433158289 
25.33  	 0.7396440003452489 
25.34  	 0.7832074823803734 
25.35  	 0.817303699827349 
25.36  	 0.8415205016148368 
25.37  	 0.8555651572213507 
25.38  	 0.8592678951690303 
25.39  	 0.8525839552111028 
25.4  	 0.8355941294062896 
25.41  	 0.8085037855396088 
25.42  	 0.7716403846940307 
25.43  	 0.7254495229800711 
25.44  	 0.6704895452698271 
25.45  	 0.607424796043611 
25.46  	 0.5370175889314021 
25.47  	 0.460118992019953 
25.48  	 0.3776585403104522 
25.49  	 0.2906329996812188 
25.5  	 0.2000943181736796 
25.51  	 0.1071369102447753 
25.52  	 0.01288442769128037 
25.53  	 0.08152382284387004 
25.54  	 0.1749466515997486 
25.55  	 0.2662547801911109 
25.56  	 0.3543444921210634 
25.57  	 0.4381509743087659 
25.58  	 0.5166611883617943 
25.59  	 0.5889261160073869 
25.6  	 0.6540722306623625 
25.61  	 0.7113120564750575 
25.62  	 0.7599536872036121 
25.63  	 0.7994091498678 
25.64  	 0.829201512076239 
25.65  	 0.8489706471165464 
25.66  	 0.8584775871209951 
25.67  	 0.8576074116872058 
25.68  	 0.8463706370365486 
25.69  	 0.8249030889181801 
25.7  	 0.7934642607948039 
25.71  	 0.7524341771558383 
25.72  	 0.7023087998736217 
25.73  	 0.6436940331292775 
25.74  	 0.5772983993758107 
25.75  	 0.5039244748692985 
25.76  	 0.4244591882940936 
25.77  	 0.3398630997502898 
25.78  	 0.2511587896964507 
25.79  	 0.1594184982005207 
25.8  	 0.06575116391218563 
25.81  	 0.02871098057178708 
25.82  	 0.1228260949175073 
25.83  	 0.2154565334025715 
25.84  	 0.3054825965629608 
25.85  	 0.3918160659113656 
25.86  	 0.4734133581214127 
25.87  	 0.5492881396727172 
25.88  	 0.618523249472921 
25.89  	 0.6802817853386305 
25.9  	 0.7338172203235547 
25.91  	 0.7784824266095693 
25.92  	 0.8137374978815142 
25.93  	 0.8391562756300268 
25.94  	 0.854431500493734 
25.95  	 0.85937852637201 
25.96  	 0.8539375524126736 
25.97  	 0.8381743458945788 
25.98  	 0.8122794472667813 
25.99  	 0.7765658669535266 
26  	 0.7314653017652322 
26.01  	 0.6775229166506952 
26.02  	 0.6153907548675825 
26.03  	 0.5458198562272834 
26.04  	 0.4696511786876443 
26.05  	 0.3878054330306642 
26.06  	 0.3012719535023793 
26.07  	 0.2110967389436252 
26.08  	 0.1183698089683453 
26.09  	 0.02421202802564126 
26.1  	 0.07023844338675994 
26.11  	 0.1638399065821909 
26.12  	 0.2554609253158451 
26.13  	 0.343994002366972 
26.14  	 0.4283689667530501 
26.15  	 0.5075659097534941 
26.16  	 0.5806275133748253 
26.17  	 0.6466706222332081 
26.18  	 0.7048969189753316 
26.19  	 0.7546025741954598 
26.2  	 0.7951867542019266 
26.21  	 0.8261588837928593 
26.22  	 0.8471445762498038 
26.23  	 0.85789015886868 
26.24  	 0.8582657393239459 
26.25  	 0.8482667758003416 
26.26  	 0.8280141319124403 
26.27  	 0.7977526157480879 
26.28  	 0.7578480206951339 
26.29  	 0.7087827038214508 
26.3  	 0.6511497552552782 
26.31  	 0.5856458290456648 
26.32  	 0.5130627221615338 
26.33  	 0.4342778034207677 
26.34  	 0.3502434080426011 
26.35  	 0.2619753260193858 
26.36  	 0.1705405234582196 
26.37  	 0.07704424531409607 
26.38  	 0.01738334458551348 
26.39  	 0.1116008247324214 
26.4  	 0.2044693132117287 
26.41  	 0.2948662342794865 
26.42  	 0.381698887836452 
26.43  	 0.4639176577724691 
26.44  	 0.5405286995220312 
26.45  	 0.6106059534659537 
26.46  	 0.6733023389636968 
26.47  	 0.7278599937047221 
26.48  	 0.7736194346079496 
26.49  	 0.8100275295335566 
26.5  	 0.8366441834470343 
26.51  	 0.8531476582139366 
26.52  	 0.859338461720723 
26.53  	 0.855141759310649 
26.54  	 0.8406082783855295 
26.55  	 0.8159136952385507 
26.56  	 0.7813565115299079 
26.57  	 0.7373544460737558 
26.58  	 0.6844393855516652 
26.59  	 0.6232509551873724 
26.6  	 0.5545287870988378 
26.61  	 0.4791035797862947 
26.62  	 0.3978870568270972 
26.63  	 0.3118609461548558 
26.64  	 0.2220651131386374 
26.65  	 0.1295849909074002 
26.66  	 0.03553845985922503 
26.67  	 0.05893766504697458 
26.68  	 0.1527013758780318 
26.69  	 0.2446192760863556 
26.7  	 0.3335802807783037 
26.71  	 0.4185090472852722 
26.72  	 0.4983789736910578 
26.73  	 0.5722246081924447 
26.74  	 0.6391533192903744 
26.75  	 0.6983560857454936 
26.76  	 0.7491172758705856 
26.77  	 0.7908232979498657 
26.78  	 0.8229700172207188 
26.79  	 0.8451688497624239 
26.8  	 0.8571514596304506 
26.81  	 0.8587730024578368 
26.82  	 0.8500138763157942 
26.83  	 0.8309799586692148 
26.84  	 0.8019013265627819 
26.85  	 0.7631294755076253 
26.86  	 0.7151330706859957 
26.87  	 0.6584922818323276 
26.88  	 0.5938917702695954 
26.89  	 0.5221124128718916 
26.9  	 0.4440218629923826 
26.91  	 0.3605640624541051 
26.92  	 0.272747831380335 
26.93  	 0.1816346737886129 
26.94  	 0.08832594635144927 
26.95  	 0.006050454574569181 
26.96  	 0.100353726727078 
26.97  	 0.1934439517209091 
26.98  	 0.2841958741482878 
26.99  	 0.3715125034364392 
27  	 0.4543383740470235 
27.01  	 0.5316723037300686 
27.02  	 0.6025794956133441 
27.03  	 0.6662028378398978 
27.04  	 0.7217732641653354 
27.05  	 0.7686190502787631 
27.06  	 0.8061739334745008 
27.07  	 0.8339839575261592 
27.08  	 0.8517129600232676 
27.09  	 0.8591466358405849 
27.1  	 0.8561951276217251 
27.11  	 0.8428941119636856 
27.12  	 0.81940436817263 
27.13  	 0.7860098348037008 
27.14  	 0.7431141774768457 
27.15  	 0.6912359094561862 
27.16  	 0.6310021239742954 
27.17  	 0.5631409140636068 
27.18  	 0.4884725715226734 
27.19  	 0.407899671402004 
27.2  	 0.3223961618663979 
27.21  	 0.2329955913130327 
27.22  	 0.1407786150538382 
27.23  	 0.04685993257819804 
27.24  	 0.04762518670350904 
27.25  	 0.1415346263624132 
27.26  	 0.2337332286193502 
27.27  	 0.3231065158987718 
27.28  	 0.4085741624054734 
27.29  	 0.4891030528816475 
27.3  	 0.5637197706936684 
27.31  	 0.6315223642940612 
27.32  	 0.6916912498288699 
27.33  	 0.7434991181015291 
27.34  	 0.7863197261397734 
27.35  	 0.8196354670951452 
27.36  	 0.8430436269714359 
27.37  	 0.8562612525520694 
27.38  	 0.8591285716837933 
27.39  	 0.8516109245730356 
27.4  	 0.8337991827496891 
27.41  	 0.8059086506339758 
27.42  	 0.7682764629839234 
27.43  	 0.7213575096826697 
27.44  	 0.6657189371257326 
27.45  	 0.6020332926744565 
27.46  	 0.531070395043902 
27.47  	 0.4536880288945314 
27.48  	 0.3708215761090583 
27.49  	 0.2834727090901397 
27.5  	 0.1926972827512011 
27.51  	 0.09959257156013135 
27.52  	 0.005284005911788629 
27.53  	 0.08908843184315211 
27.54  	 0.1823839872701312 
27.55  	 0.2734749230562478 
27.56  	 0.3612601508670962 
27.57  	 0.4446785410767367 
27.58  	 0.5227217494850871 
27.59  	 0.5944464059758447 
27.6  	 0.6589855177812994 
27.61  	 0.715558949513363 
27.62  	 0.7634828532805246 
27.63  	 0.8021779349011684 
27.64  	 0.831176456293208 
27.65  	 0.8501278893963582 
27.66  	 0.8588031532836542 
27.67  	 0.8570973832448566 
27.68  	 0.8450311983696008 
27.69  	 0.8227504523080191 
27.7  	 0.7905244702215681 
27.71  	 0.7487427932353868 
27.72  	 0.6979104697447339 
27.73  	 0.638641950492939 
27.74  	 0.5716536612163681 
27.75  	 0.4977553426362061 
27.76  	 0.4178402624778821 
27.77  	 0.3328744178332628 
27.78  	 0.2438848583848237 
27.79  	 0.1519472716390598 
27.8  	 0.058172980235272 
27.81  	 0.03630449149522073 
27.82  	 0.1303431193396579 
27.83  	 0.2228061837591302 
27.84  	 0.3125760103217353 
27.85  	 0.3985674799224802 
27.86  	 0.4797411454807611 
27.87  	 0.5551157965637069 
27.88  	 0.6237803200564489 
27.89  	 0.6849047135103511 
27.9  	 0.7377501180417796 
27.91  	 0.7816777495058915 
27.92  	 0.8161566199872703 
27.93  	 0.8407699562714563 
27.94  	 0.8552202377124118 
27.95  	 0.8593327925990515 
27.96  	 0.8530579095487686 
27.97  	 0.8364714384058791 
27.98  	 0.809773873381416 
27.99  	 0.7732879295172446 
28  	 0.7274546417695231 
28.01  	 0.6728280338651624 
28.02  	 0.6100684213731666 
28.03  	 0.5399344299416635 
28.04  	 0.4632738251831471 
28.05  	 0.3810132650536343 
28.06  	 0.2941470985978533 
28.07  	 0.2037253464582353 
28.08  	 0.1108410084371814 
28.09  	 0.01661685153645452 
28.1  	 0.07780816182323108 
28.11  	 0.1712926413491042 
28.12  	 0.2627065657706648 
28.13  	 0.3509449423069981 
28.14  	 0.4349411635946648 
28.15  	 0.5136799006199712 
28.16  	 0.586209375808591 
28.17  	 0.651652867918002 
28.18  	 0.7092193096636716 
28.19  	 0.7582128499773994 
28.2  	 0.7980412653109115 
28.21  	 0.8282231183107516 
28.22  	 0.8483935773317259 
28.23  	 0.8583088264440295 
28.24  	 0.8578490126266141 
28.25  	 0.8470196945219085 
28.26  	 0.8259517752395469 
28.27  	 0.7948999200215235 
28.28  	 0.7542394778955979 
28.29  	 0.7044619445277001 
28.3  	 0.6461690211170505 
28.31  	 0.5800653411494729 
28.32  	 0.5069499529260203 
28.33  	 0.4277066608245829 
28.34  	 0.3432933420475985 
28.35  	 0.2547303679925342 
28.36  	 0.1630882702056202 
28.37  	 0.06947480001007782 
28.38  	 0.02497846177015275 
28.39  	 0.1191297831326676 
28.4  	 0.2118410819236643 
28.41  	 0.3019916827458839 
28.42  	 0.3884918634567967 
28.43  	 0.4702960275093491 
28.44  	 0.5464153429111187 
28.45  	 0.615929695024334 
28.46  	 0.6779988087239603 
28.47  	 0.731872405471179 
28.48  	 0.7768992725260384 
28.49  	 0.812535134671982 
28.5  	 0.8383492333009712 
28.51  	 0.8540295333321826 
28.52  	 0.8593864950243035 
28.53  	 0.854355365088582 
28.54  	 0.8389969594081144 
28.55  	 0.8134969279020344 
28.56  	 0.7781635104209413 
28.57  	 0.7334238107997961 
28.58  	 0.6798186341068417 
28.59  	 0.6179959494950609 
28.6  	 0.5487030576757284 
28.61  	 0.4727775576923149 
28.62  	 0.3911372221864294 
28.63  	 0.304768903541918 
28.64  	 0.2147166050070716 
28.65  	 0.1220688609891654 
28.66  	 0.02794557906574532 
28.67  	 0.06651549723629747 
28.68  	 0.1601725412582622 
28.69  	 0.2518934453829343 
28.7  	 0.3405695057253373 
28.71  	 0.425128823923402 
28.72  	 0.5045492640300099 
28.73  	 0.5778708078866718 
28.74  	 0.644207159628831 
28.75  	 0.7027564590506479 
28.76  	 0.752810974327673 
28.77  	 0.7937656569339233 
28.78  	 0.8251254553434716 
28.79  	 0.8465112991096505 
28.8  	 0.857664680987956 
28.81  	 0.858450781714549 
28.82  	 0.8488600996689719 
28.83  	 0.8290085657219395 
28.84  	 0.7991361418801034 
28.85  	 0.7596039206670741 
28.86  	 0.7108897603029231 
28.87  	 0.6535825084432082 
28.88  	 0.5883748843000752 
28.89  	 0.5160551051847344 
28.9  	 0.4374973586882453 
28.91  	 0.353651235670995 
28.92  	 0.2655302517927163 
28.93  	 0.1741995963328843 
28.94  	 0.0807632563909193 
28.95  	 0.01364932789331219 
28.96  	 0.1078969157898983 
28.97  	 0.2008402610716478 
28.98  	 0.2913558829975023 
28.99  	 0.3783496467248275 
29  	 0.4607699889941796 
29.01  	 0.5376206292163846 
29.02  	 0.6079726123130059 
29.03  	 0.6709755377391065 
29.04  	 0.7258678389534881 
29.05  	 0.7719859890809995 
29.06  	 0.8087725214899479 
29.07  	 0.8357827683340955 
29.08  	 0.8526902356048376 
29.09  	 0.8592905497210598 
29.1  	 0.8555039279512286 
29.11  	 0.8413761428057086 
29.12  	 0.8170779687419818 
29.13  	 0.7829031178710144 
29.14  	 0.7392646896175067 
29.15  	 0.6866901772499541 
29.16  	 0.6258150916406442 
29.17  	 0.5573752793302807 
29.18  	 0.4821980277552503 
29.19  	 0.4011920651555149 
29.2  	 0.3153365760425795 
29.21  	 0.2256693650062022 
29.22  	 0.1332743119338319 
29.23  	 0.0392682702810277 
29.24  	 0.05521243323515612 
29.25  	 0.1490257343316916 
29.26  	 0.2410376362088951 
29.27  	 0.3301359170809387 
29.28  	 0.4152435744940786 
29.29  	 0.4953318439195247 
29.3  	 0.5694326342557867 
29.31  	 0.6366502299215322 
29.32  	 0.696172118087213 
29.33  	 0.7472788101676714 
29.34  	 0.7893525388554159 
29.35  	 0.8218847255668381 
29.36  	 0.8444821280361645 
29.37  	 0.856871593746388 
29.38  	 0.8589033617386086 
29.39  	 0.8505528728882974 
29.4  	 0.8319210667661965 
29.41  	 0.8032331614955479 
29.42  	 0.7648359313544901 
29.43  	 0.7171935150316112 
29.44  	 0.6608818052035264 
29.45  	 0.596581487252352 
29.46  	 0.5250698112695886 
29.47  	 0.4472111968051514 
29.48  	 0.3639467839290518 
29.49  	 0.2762830569111797 
29.5  	 0.18527967803314 
29.51  	 0.09203667859528358 
29.52  	 0.002318838048512805 
29.53  	 0.09664632069766876 
29.54  	 0.1898055570657149 
29.55  	 0.2806704564445366 
29.56  	 0.3681426616686849 
29.57  	 0.4511648258419453 
29.58  	 0.5287333933392946 
29.59  	 0.5999107305898674 
29.6  	 0.6638364600068014 
29.61  	 0.7197378600613284 
29.62  	 0.7669392057872766 
29.63  	 0.8048699368096 
29.64  	 0.8330715541637039 
29.65  	 0.8512031625379881 
29.66  	 0.8590455909461832 
29.67  	 0.8565040420196276 
29.68  	 0.8436092378953842 
29.69  	 0.8205170488489892 
29.7  	 0.7875066091608796 
29.71  	 0.7449769429915259 
29.72  	 0.6934421410512412 
29.73  	 0.633525146367881 
29.74  	 0.5659502242693537 
29.75  	 0.4915342076018065 
29.76  	 0.411176623010025 
29.77  	 0.3258488176316831 
29.78  	 0.236582217639426 
29.79  	 0.1444558605600387 
29.8  	 0.05058335207657037 
29.81  	 0.04390059502177033 
29.82  	 0.1378538770283074 
29.83  	 0.2301408048471811 
29.84  	 0.3196458319824909 
29.85  	 0.4052870390474874 
29.86  	 0.4860292117953202 
29.87  	 0.5608963545869197 
29.88  	 0.6289834880353389 
29.89  	 0.6894675882193422 
29.9  	 0.7416175352348713 
29.91  	 0.7848029508283662 
29.92  	 0.8185018182844097 
29.93  	 0.842306792459859 
29.94  	 0.8559301236902224 
29.95  	 0.8592071360489384 
29.96  	 0.8520982179151213 
29.97  	 0.8346893007882151 
29.98  	 0.8071908205617171 
29.99  	 0.7699351738120621 
30  	 0.7233726998503662 
30.01  	 0.6680662371053918 
30.02  	 0.6046843196392193 
30.03  	 0.5339930960345187 
30.04  	 0.4568470683369406 
30.05  	 0.3741787629976947 
30.06  	 0.2869874586729199 
30.07  	 0.1963271071352796 
30.08  	 0.1032935933077576 
30.09  	 0.009011488418118265 
30.1  	 0.08537954360110864 
30.11  	 0.178738522149942 
30.12  	 0.2699369419137735 
30.13  	 0.3578724140168786 
30.14  	 0.4414819914854696 
30.15  	 0.5197550179443309 
30.16  	 0.5917453442346201 
30.17  	 0.6565827652808143 
30.18  	 0.7134835389599291 
30.19  	 0.7617598598233257 
30.2  	 0.8008281731543325 
30.21  	 0.8302162288631454 
30.22  	 0.8495687899527586 
30.23  	 0.8586519265533177 
30.24  	 0.8573558436192646 
30.25  	 0.8456962081087955 
30.26  	 0.8238139596028335 
30.27  	 0.7919736066528724 
30.28  	 0.7505600294509551 
30.29  	 0.7000738274708 
30.3  	 0.6411252683164426 
30.31  	 0.574426910924124 
30.32  	 0.500784992286282 
30.33  	 0.4210896818134208 
30.34  	 0.3363043211374635 
30.35  	 0.2474537794233964 
30.36  	 0.1556120649482597 
30.37  	 0.06188934269606967 
30.38  	 0.0325814851021533 
30.39  	 0.1266584732718852 
30.4  	 0.2192044373076877 
30.41  	 0.3091006994396109 
30.42  	 0.395260610993731 
30.43  	 0.4766426875908224 
30.44  	 0.5522631984078772 
30.45  	 0.621208057325572 
30.46  	 0.6826438722240356 
30.47  	 0.7358280188648978 
30.48  	 0.7801176175889123 
30.49  	 0.8149773043200814 
30.5  	 0.8399857019424053 
30.51  	 0.8548405138241257 
30.52  	 0.8593621779201095 
30.53  	 0.8534960372823175 
30.54  	 0.8373130007416207 
30.55  	 0.8110086857747352 
30.56  	 0.7749010539172667 
30.57  	 0.7294265673054281 
30.58  	 0.6751349128054167 
30.59  	 0.6126823575043301 
30.6  	 0.5428238158799179 
30.61  	 0.4664037245398968 
30.62  	 0.3843458348350199 
30.63  	 0.297642046731142 
30.64  	 0.2073404189138695 
30.65  	 0.11453250005763 
30.66  	 0.0203401343962353 
30.67  	 0.07409809891348207 
30.68  	 0.1676406487162504 
30.69  	 0.2591567907080747 
30.7  	 0.3475402954128854 
30.71  	 0.4317228000705409 
30.72  	 0.5106867227990259 
30.73  	 0.5834775629275291 
30.74  	 0.6492154388156346 
30.75  	 0.7071057236924838 
30.76  	 0.7564486509513493 
30.77  	 0.7966477727928691 
30.78  	 0.8272171699707049 
30.79  	 0.8477873254892545 
30.8  	 0.8581095912536879 
30.81  	 0.858059193679962 
30.82  	 0.8476367419338369 
30.83  	 0.8269682205674471 
30.84  	 0.7963034666425335 
30.85  	 0.7560131497484983 
30.86  	 0.7065842914203053 
30.87  	 0.648614378116529 
30.88  	 0.5828041389189427 
30.89  	 0.5099490752551451 
30.9  	 0.4309298450314906 
30.91  	 0.3467016174110035 
30.92  	 0.2582825269135373 
30.93  	 0.1667413664031046 
30.94  	 0.07318466772672258 
30.95  	 0.02125667382814703 
30.96  	 0.1154410695768718 
30.97  	 0.2082300367404266 
30.98  	 0.2985019602048592 
30.99  	 0.3851656503876074 
31  	 0.4671735333259323 
31.01  	 0.5435343135483339 
31.02  	 0.6133249566622998 
31.03  	 0.6757018468157041 
31.04  	 0.7299109841619765 
31.05  	 0.7752970990648119 
31.06  	 0.8113115728709143 
31.07  	 0.8375190695065962 
31.08  	 0.8536027977364957 
31.09  	 0.8593683404752654 
31.1  	 0.8547460048643487 
31.11  	 0.8397916647064838 
31.12  	 0.8146860850747497 
31.13  	 0.7797327372602149 
31.14  	 0.7353541304705744 
31.15  	 0.6820867046215506 
31.16  	 0.6205743459559913 
31.17  	 0.5515606038724962 
31.18  	 0.4758797030452817 
31.19  	 0.3944464594787001 
31.2  	 0.3082452223894449 
31.21  	 0.2183179755845894 
31.22  	 0.1257517421640347 
31.23  	 0.03166544479642935 
31.24  	 0.06280361960067878 
31.25  	 0.1565135272851311 
31.26  	 0.2483315310428133 
31.27  	 0.3371477526160589 
31.28  	 0.4218885986970092 
31.29  	 0.5015297383151818 
31.3  	 0.5751084847521175 
31.31  	 0.6417354323118566 
31.32  	 0.7006052072850504 
31.33  	 0.7510062031507736 
31.34  	 0.7923291823387355 
31.35  	 0.8240746405757198 
31.36  	 0.8458588447972326 
31.37  	 0.8574184716393628 
31.38  	 0.8586137904415778 
31.39  	 0.8494303522850186 
31.4  	 0.8299791646494422 
31.41  	 0.8004953495776229 
