0.01  	 0.01030798650710581 
0.02  	 0.02141774776831234 
0.03  	 0.03319297661514842 
0.04  	 0.04547790538236228 
0.05  	 0.05809949287348444 
0.06  	 0.070869959222554 
0.07000000000000001  	 0.08358963091086863 
0.08  	 0.0960500527697303 
0.09  	 0.1080373190235793 
0.1  	 0.1193355713804121 
0.11  	 0.129730608924787 
0.12  	 0.1390135521678554 
0.13  	 0.1469845021006773 
0.14  	 0.153456134510019 
0.15  	 0.1582571701643015 
0.16  	 0.1612356627615387 
0.17  	 0.162262048736814 
0.18  	 0.1612319061257941 
0.19  	 0.1580683736309108 
0.2  	 0.1527241857829112 
0.21  	 0.1451832855648584 
0.22  	 0.135461981989315 
0.23  	 0.1236096268030382 
0.24  	 0.1097087916387995 
0.25  	 0.09387493443509597 
0.26  	 0.07625555168980341 
0.27  	 0.05702882098715224 
0.28  	 0.03640174612014124 
0.29  	 0.01460782490316066 
0.3  	 -0.008095732686330719 
0.31  	 -0.03143120119850789 
0.32  	 -0.05510390965160893 
0.33  	 -0.07880613695610807 
0.34  	 -0.1022212795314312 
0.35  	 -0.1250282330450196 
0.36  	 -0.1469059262482851 
0.37  	 -0.1675379418181745 
0.38  	 -0.1866171569895294 
0.39  	 -0.2038503356213729 
0.4  	 -0.2189626032045172 
0.41  	 -0.2317017371985258 
0.42  	 -0.2418422069781733 
0.43  	 -0.2491889005531644 
0.44  	 -0.2535804790653234 
0.45  	 -0.2548923048156631 
0.46  	 -0.2530388941669474 
0.47  	 -0.2479758530299713 
0.48  	 -0.2397012596863988 
0.49  	 -0.2282564673296428 
0.5  	 -0.2137263068107791 
0.51  	 -0.1962386785440038 
0.52  	 -0.1759635312348069 
0.53  	 -0.153111233918661 
0.54  	 -0.1279303566109656 
0.55  	 -0.1007048835419395 
0.5600000000000001  	 -0.07175089135604727 
0.5700000000000001  	 -0.04141273267040335 
0.58  	 -0.01005877289133362 
0.59  	 0.02192326492951684 
0.6  	 0.05413128626254956 
0.61  	 0.08615407601929712 
0.62  	 0.1175767435204174 
0.63  	 0.1479862873528025 
0.64  	 0.1769772035297952 
0.65  	 0.204157059015255 
0.66  	 0.2291519524188927 
0.67  	 0.2516117845282076 
0.68  	 0.2712152633068938 
0.6900000000000001  	 0.2876745710402071 
0.7000000000000001  	 0.3007396254082518 
0.71  	 0.3102018713669606 
0.72  	 0.3158975467476138 
0.73  	 0.3177103713692625 
0.74  	 0.3155736171019624 
0.75  	 0.3094715246184793 
0.76  	 0.2994400414143875 
0.77  	 0.2855668649391593 
0.78  	 0.2679907842352477 
0.79  	 0.2469003231947625 
0.8  	 0.222531698277661 
0.8100000000000001  	 0.1951661131539633 
0.8200000000000001  	 0.1651264220988355 
0.8300000000000001  	 0.1327732029498734 
0.84  	 0.09850028890177193 
0.85  	 0.06272981624269358 
0.86  	 0.0259068522153889 
0.87  	 -0.01150632658908496 
0.88  	 -0.04903622961830864 
0.89  	 -0.08620434158537081 
0.9  	 -0.1225334224306845 
0.91  	 -0.1575538328890383 
0.92  	 -0.1908097996808368 
0.93  	 -0.2218655346860245 
0.9400000000000001  	 -0.250311123990363 
0.9500000000000001  	 -0.2757681054005236 
0.96  	 -0.2978946568742136 
0.97  	 -0.3163903232554289 
0.98  	 -0.3310002146784778 
0.99  	 -0.3415186169284983 
1  	 -0.3477919618279907 
1.01  	 -0.3497211142532304 
1.02  	 -0.3472629415551841 
1.03  	 -0.340431140841285 
1.04  	 -0.329296309634085 
1.05  	 -0.3139852557216199 
1.06  	 -0.2946795524097335 
1.07  	 -0.2716133557342277 
1.08  	 -0.2450705103464185 
1.09  	 -0.2153809806075892 
1.1  	 -0.1829166527783437 
1.11  	 -0.1480865629365656 
1.12  	 -0.1113316132792636 
1.13  	 -0.07311884664552615 
1.14  	 -0.03393535533808373 
1.15  	 0.005718094469572513 
1.16  	 0.04533363734987483 
1.17  	 0.08440299393277945 
1.18  	 0.1224241768541276 
1.19  	 0.1589081267890648 
1.2  	 0.193385188770546 
1.21  	 0.225411340982146 
1.22  	 0.2545740914159584 
1.23  	 0.2804979621582384 
1.24  	 0.3028494865491734 
1.25  	 0.3213416509846763 
1.26  	 0.3357377205987355 
1.27  	 0.3458543963825846 
1.28  	 0.3515642603477827 
1.29  	 0.3527974749998478 
1.3  	 0.3495427135243341 
1.31  	 0.3418473075583763 
1.32  	 0.3298166100830617 
1.33  	 0.3136125816780619 
1.34  	 0.2934516189814942 
1.35  	 0.2696016545480678 
1.36  	 0.242378567253643 
1.37  	 0.2121419518162161 
1.38  	 0.1792903047612205 
1.39  	 0.1442556921312124 
1.4  	 0.1074979713157203 
1.41  	 0.06949864545789883 
1.42  	 0.03075443389613705 
1.43  	 -0.0082293540486311 
1.44  	 -0.04694555197897562 
1.45  	 -0.08489188464846856 
1.46  	 -0.1215776399864684 
1.47  	 -0.1565301745044719 
1.48  	 -0.1893011640218475 
1.49  	 -0.2194725152144264 
1.5  	 -0.2466618582173463 
1.51  	 -0.2705275463376668 
1.52  	 -0.2907730957712572 
1.53  	 -0.3071510059768323 
1.54  	 -0.3194659099295228 
1.55  	 -0.3275770127374701 
1.56  	 -0.3313997869285243 
1.57  	 -0.330906902963277 
1.58  	 -0.3261283840626349 
1.59  	 -0.3171509851063112 
1.6  	 -0.3041168060145912 
1.61  	 -0.287221160521392 
1.62  	 -0.2667097314362404 
1.63  	 -0.2428750532350177 
1.64  	 -0.2160523719792038 
1.65  	 -0.1866149410142577 
1.66  	 -0.1549688185230818 
1.67  	 -0.1215472397053161 
1.68  	 -0.08680464202571862 
1.69  	 -0.05121042654776502 
1.7  	 -0.01524254177997727 
1.71  	 0.02061902133312432 
1.72  	 0.05589873367470694 
1.73  	 0.090131942151077 
1.74  	 0.1228711060143011 
1.75  	 0.1536917702423915 
1.76  	 0.1821981948184469 
1.77  	 0.2080285637799971 
1.78  	 0.2308597039857684 
1.79  	 0.250411250581873 
1.8  	 0.2664492040424116 
1.81  	 0.2787888322981939 
1.82  	 0.2872968807289868 
1.83  	 0.2918930625481252 
1.84  	 0.2925508122155668 
1.85  	 0.2892972948339136 
1.86  	 0.282212674866285 
1.87  	 0.2714286578192899 
1.88  	 0.2571263286142528 
1.89  	 0.2395333200842956 
1.9  	 0.2189203542483555 
1.91  	 0.1955972075975579 
1.92  	 0.1699081594655916 
1.93  	 0.1422269895346855 
1.94  	 0.1129515965566663 
1.95  	 0.08249831536224592 
1.96  	 0.05129601312383084 
1.97  	 0.01978004857617655 
1.98  	 -0.01161382055001495 
1.99  	 -0.04245549628219261 
2  	 -0.07232648061175344 
2.01  	 -0.1008256144705678 
2.02  	 -0.127574536011123 
2.03  	 -0.1522227830467182 
2.04  	 -0.1744524698766123 
2.05  	 -0.1939824750549992 
2.06  	 -0.2105720838692779 
2.07  	 -0.2240240372672393 
2.08  	 -0.2341869475988697 
2.09  	 -0.2409570506918527 
2.1  	 -0.2442792733287843 
2.11  	 -0.244147605001585 
2.12  	 -0.2406047727442642 
2.13  	 -0.2337412277474773 
2.14  	 -0.2236934621963226 
2.15  	 -0.2106416842084229 
2.16  	 -0.1948068877490944 
2.17  	 -0.1764473628374782 
2.18  	 -0.1558546991134625 
2.19  	 -0.1333493428016766 
2.2  	 -0.1092757731889913 
2.21  	 -0.08399736984199549 
2.22  	 -0.05789104586107573 
2.23  	 -0.03134172544338935 
2.24  	 -0.004736745869335285 
2.25  	 0.02153973528636666 
2.26  	 0.04711224739304916 
2.27  	 0.07161934975201431 
2.28  	 0.09471873438368483 
2.29  	 0.1160920164935168 
2.3  	 0.1354491453475556 
2.31  	 0.1525323740881658 
2.32  	 0.1671197336817674 
2.33  	 0.1790279636145811 
2.34  	 0.1881148600299398 
2.35  	 0.1942810106130968 
2.36  	 0.1974708945507024 
2.37  	 0.1976733351907508 
2.38  	 0.1949213024697069 
2.39  	 0.1892910716199069 
2.4  	 0.1809007539856948 
2.41  	 0.1699082248268653 
2.42  	 0.1565084816427914 
2.43  	 0.1409304746861305 
2.44  	 0.1234334588350708 
2.45  	 0.104302922751042 
2.46  	 0.08384615716901012 
2.47  	 0.06238752916663452 
2.48  	 0.04026353326693803 
2.49  	 0.01781769319152158 
2.5  	 -0.004604610042177569 
2.51  	 -0.02666130721961756 
2.52  	 -0.04801873111536603 
2.53  	 -0.06835655311937279 
2.54  	 -0.08737249420219804 
2.55  	 -0.1047867417095702 
2.56  	 -0.120346008058112 
2.57  	 -0.1338271729061065 
2.58  	 -0.1450404567131239 
2.59  	 -0.1538320806855645 
2.6  	 -0.1600863758264328 
2.61  	 -0.1637273120526472 
2.62  	 -0.1647194269902265 
2.63  	 -0.1630681429794823 
2.64  	 -0.158819469887867 
2.65  	 -0.1520591004045077 
2.66  	 -0.142910913444945 
2.67  	 -0.1315349099964437 
2.68  	 -0.1181246140566603 
2.69  	 -0.1029039791403861 
2.7  	 -0.08612384803701453 
2.71  	 -0.06805801999094119 
2.72  	 -0.04899898515458018 
2.73  	 -0.02925339094739042 
2.74  	 -0.00913730877572342 
2.75  	 0.01102862762690656 
2.76  	 0.03092413923078587 
2.77  	 0.05023420043507612 
2.78  	 0.06865384622916522 
2.79  	 0.08589281603199339 
2.8  	 0.1016799650072265 
2.81  	 0.1157673772259312 
2.82  	 0.1279341195859274 
2.83  	 0.1379895808303436 
2.84  	 0.1457763462561384 
2.85  	 0.151172565673696 
2.86  	 0.1540937797677897 
2.87  	 0.1544941781060286 
2.88  	 0.1523672705238133 
2.89  	 0.1477459623597347 
2.9  	 0.1407020328934242 
2.91  	 0.1313450252184134 
2.92  	 0.1198205645349667 
2.93  	 0.1063081303434401 
2.94  	 0.09101831613267945 
2.95  	 0.07418961777113862 
2.96  	 0.05608479880900705 
2.97  	 0.03698688718495968 
2.98  	 0.01719486330896335 
2.99  	 -0.002980895917452441 
3  	 -0.02322334894723621 
3.01  	 -0.04321362647758402 
3.02  	 -0.0626359009814636 
3.03  	 -0.08118221596965919 
3.04  	 -0.09855720264045635 
3.05  	 -0.1144826132117471 
3.06  	 -0.1287016029133309 
3.07  	 -0.1409826963062311 
3.08  	 -0.1511233782369144 
3.09  	 -0.1589532552594135 
3.1  	 -0.1643367396865771 
3.11  	 -0.1671752154702894 
3.12  	 -0.1674086527563816 
3.13  	 -0.1650166461010235 
3.14  	 -0.1600188598523057 
3.15  	 -0.1524748729685858 
3.16  	 -0.1424834244353683 
3.17  	 -0.1301810693245351 
3.18  	 -0.1157402642832329 
3.19  	 -0.0993669097161814 
3.2  	 -0.08129738400997602 
3.21  	 -0.06179511272212507 
3.22  	 -0.04114672260950557 
3.23  	 -0.01965783659806647 
3.24  	 0.002351428794096961 
3.25  	 0.02455119755490916 
3.26  	 0.04660673022323899 
3.27  	 0.06818340977428508 
3.28  	 0.0889517437628804 
3.29  	 0.1085923087444152 
3.3  	 0.1268005636809897 
3.31  	 0.1432914608053333 
3.32  	 0.1578037852325839 
3.33  	 0.170104158440436 
3.34  	 0.1799906455268507 
3.35  	 0.18729591183285 
3.36  	 0.1918898810042136 
3.37  	 0.1936818537666065 
3.38  	 0.1926220544997227 
3.39  	 0.1887025810043365 
3.4  	 0.1819577415412356 
3.41  	 0.1724637721567532 
3.42  	 0.1603379363660976 
3.43  	 0.1457370183110413 
3.44  	 0.128855229410916 
3.45  	 0.1099215571553001 
3.46  	 0.08919659291711328 
3.47  	 0.06696888337550892 
3.48  	 0.04355085721581681 
3.49  	 0.01927438511472431 
3.5  	 -0.005513963470678649 
3.51  	 -0.03045789859305981 
3.52  	 -0.05519655144961946 
3.53  	 -0.07936970504425694 
3.54  	 -0.1026230380517396 
3.55  	 -0.1246133056487004 
3.56  	 -0.1450133817729046 
3.57  	 -0.1635170890672292 
3.58  	 -0.1798437456342468 
3.59  	 -0.1937423616316494 
3.6  	 -0.2049954236233803 
3.61  	 -0.2134222103973831 
3.62  	 -0.2188815905861268 
3.63  	 -0.2212742597862167 
3.64  	 -0.220544382863335 
3.65  	 -0.2166806156341024 
3.66  	 -0.2097164890151877 
3.67  	 -0.1997301478942262 
3.68  	 -0.1868434462748923 
3.69  	 -0.171220409545735 
3.7  	 -0.1530650838848351 
3.71  	 -0.1326188017074272 
3.72  	 -0.110156900562445 
3.73  	 -0.08598494086309652 
3.74  	 -0.06043447517997018 
3.75  	 -0.03385842842570505 
3.76  	 -0.006626154021365262 
3.77  	 0.02088176402827562 
3.78  	 0.04827888938174039 
3.79  	 0.0751784153724234 
3.8  	 0.1011986725328931 
3.81  	 0.1259685828071864 
3.82  	 0.1491329821850163 
3.83  	 0.1703577351760844 
3.84  	 0.1893345673304102 
3.85  	 0.2057855458637176 
3.86  	 0.2194671433119988 
3.87  	 0.2301738249483546 
3.88  	 0.2377411073663315 
3.89  	 0.2420480430729997 
3.9  	 0.2430190940365127 
3.91  	 0.2406253657817602 
3.92  	 0.2348851827008565 
3.93  	 0.2258639946131942 
3.94  	 0.2136736141388387 
3.95  	 0.1984707940028217 
3.96  	 0.1804551628295656 
3.97  	 0.1598665471807911 
3.98  	 0.1369817164047575 
3.99  	 0.1121105951727476 
4  	 0.08559199626062149 
4.01  	 0.05778893307811786 
4.02  	 0.02908357755589332 
4.03  	 -0.0001280658185593732 
4.04  	 -0.02944169484544849 
4.05  	 -0.05845037525032824 
4.06  	 -0.08675025701973665 
4.07  	 -0.1139462604711164 
4.08  	 -0.1396576513778717 
4.09  	 -0.1635234259056387 
4.1  	 -0.1852074286827678 
4.11  	 -0.2044031309914589 
4.12  	 -0.2208380007750615 
4.13  	 -0.2342774018458381 
4.14  	 -0.2445279662660095 
4.15  	 -0.2514403912702274 
4.16  	 -0.2549116201951756 
4.17  	 -0.2548863755671018 
4.18  	 -0.2513580216474943 
4.19  	 -0.2443687432208871 
4.2  	 -0.2340090370920235 
4.21  	 -0.2204165225044916 
4.22  	 -0.2037740863606141 
4.23  	 -0.1843073885749561 
4.24  	 -0.1622817619963844 
4.25  	 -0.1379985499561402 
4.26  	 -0.111790932518568 
4.27  	 -0.08401929981221339 
4.28  	 -0.05506623729732449 
4.29  	 -0.02533119338842019 
4.3  	 0.004775095582444541 
4.31  	 0.03483634457058829 
4.32  	 0.06443654230734623 
4.33  	 0.09316577494175544 
4.34  	 0.1206259686239479 
4.350000000000001  	 0.1464364699058061 
4.36  	 0.1702393850741365 
4.37  	 0.1917046028929557 
4.38  	 0.2105344296672779 
4.39  	 0.226467770988512 
4.4  	 0.239283800904233 
4.41  	 0.2488050664823256 
4.42  	 0.2548999837088725 
4.43  	 0.2574846892576071 
4.44  	 0.2565242217741981 
4.45  	 0.2520330158017151 
4.46  	 0.244074701199575 
4.47  	 0.2327612107387778 
4.48  	 0.218251208351489 
4.49  	 0.2007478601336529 
4.5  	 0.1804959795084002 
4.51  	 0.1577785868230462 
4.52  	 0.132912931947244 
4.53  	 0.1062460360462615 
4.54  	 0.07814981551306134 
4.55  	 0.04901585695890844 
4.56  	 0.01924991710034526 
4.57  	 -0.01073377472976124 
4.58  	 -0.04051833093318789 
4.59  	 -0.06969005470253123 
4.600000000000001  	 -0.09784424114958259 
4.61  	 -0.1245908485701288 
4.62  	 -0.1495599597700933 
4.63  	 -0.1724069563755095 
4.64  	 -0.1928173331405086 
4.65  	 -0.2105110843949445 
4.66  	 -0.2252466008633331 
4.67  	 -0.2368240220526181 
4.68  	 -0.2450879971485493 
4.69  	 -0.249929815768816 
4.7  	 -0.2512888788756314 
4.71  	 -0.2491534895236082 
4.72  	 -0.2435609527769096 
4.73  	 -0.2345969839352041 
4.74  	 -0.222394434021209 
4.75  	 -0.2071313511638276 
4.76  	 -0.1890284059222194 
4.77  	 -0.1683457176036555 
4.78  	 -0.1453791271035532 
4.79  	 -0.1204559696191247 
4.8  	 -0.09393040764747128 
4.81  	 -0.06617839087445142 
4.82  	 -0.03759231480439827 
4.83  	 -0.008575454198499727 
4.84  	 0.02046374947818846 
4.850000000000001  	 0.04911746539860955 
4.86  	 0.07698423345700039 
4.87  	 0.1036746253701205 
4.88  	 0.1288167265604849 
4.89  	 0.152061361214904 
4.9  	 0.1730869866443063 
4.91  	 0.1916041878529726 
4.92  	 0.2073597089880062 
4.93  	 0.2201399650002061 
4.94  	 0.2297739843098229 
4.95  	 0.2361357414278707 
4.96  	 0.2391458472187947 
4.97  	 0.2387725736782111 
4.98  	 0.2350321996085959 
4.99  	 0.2279886732701567 
5  	 0.2177525978250593 
5.01  	 0.2044795550414981 
5.02  	 0.1883677921420218 
5.03  	 0.1696553057336553 
5.04  	 0.1486163653165985 
5.05  	 0.1255575268117084 
5.06  	 0.1008131937615183 
5.07  	 0.07474079024269922 
5.08  	 0.04771561498903794 
5.09  	 0.02012545068589687 
5.100000000000001  	 -0.007634994203227056 
5.11  	 -0.03516973142770217 
5.12  	 -0.06208714595995822 
5.13  	 -0.08800557523559592 
5.14  	 -0.1125587349991222 
5.15  	 -0.135400914434193 
5.16  	 -0.1562118666645563 
5.17  	 -0.1747013251735156 
5.18  	 -0.1906130821407752 
5.19  	 -0.2037285710569684 
5.2  	 -0.2138699031559789 
5.21  	 -0.2209023150996833 
5.22  	 -0.2247359938451181 
5.23  	 -0.225327253597945 
5.24  	 -0.222679049079322 
5.25  	 -0.2168408188718375 
5.26  	 -0.2079076622270102 
5.27  	 -0.1960188622739621 
5.28  	 -0.1813557779291568 
5.29  	 -0.1641391358364319 
5.3  	 -0.1446257622356609 
5.31  	 -0.1231048026446817 
5.32  	 -0.09989348452853301 
5.33  	 -0.07533248461853528 
5.34  	 -0.04978096813891909 
5.350000000000001  	 -0.02361137182103568 
5.36  	 0.002795993830803246 
5.37  	 0.02905844506261381 
5.38  	 0.05479644885235711 
5.39  	 0.07963909078981121 
5.4  	 0.1032294082098404 
5.41  	 0.1252295119796695 
5.42  	 0.1453254234860011 
5.43  	 0.1632315575665402 
5.44  	 0.1786947873213241 
5.45  	 0.191498032846593 
5.46  	 0.2014633228690448 
5.47  	 0.2084542859206215 
5.48  	 0.2123780359725236 
5.49  	 0.2131864262221909 
5.5  	 0.2108766538717368 
5.51  	 0.2054912081187492 
5.52  	 0.197117163065128 
5.53  	 0.1858848267000031 
5.54  	 0.1719657663926383 
5.55  	 0.1555702403070032 
5.56  	 0.1369440726923047 
5.57  	 0.1163650189904295 
5.58  	 0.09413867401731124 
5.59  	 0.0705939830157591 
5.600000000000001  	 0.0460784210485959 
5.61  	 0.02095291092196392 
5.62  	 -0.004413446467978074 
5.63  	 -0.02964875283864544 
5.64  	 -0.05438372622292077 
5.65  	 -0.07825706922030828 
5.66  	 -0.100920714084749 
5.67  	 -0.122044868794974 
5.68  	 -0.1413227912061563 
5.69  	 -0.1584752223855111 
5.7  	 -0.1732544152308529 
5.71  	 -0.1854477003871374 
5.72  	 -0.194880538225649 
5.73  	 -0.2014190131357281 
5.74  	 -0.2049717344911859 
5.75  	 -0.2054911172752639 
5.76  	 -0.2029740243543015 
5.77  	 -0.197461761650848 
5.78  	 -0.1890394268478377 
5.79  	 -0.1778346216210402 
5.8  	 -0.1640155466119687 
5.81  	 -0.1477885072846998 
5.82  	 -0.1293948673286898 
5.83  	 -0.1091074942527766 
5.84  	 -0.08722674914798169 
5.850000000000001  	 -0.06407607917283119 
5.86  	 -0.03999727703995613 
5.87  	 -0.01534547657435971 
5.88  	 0.009516042796931037 
5.89  	 0.03422116703143016 
5.9  	 0.05840629670462406 
5.91  	 0.08171565674293123 
5.92  	 0.1038064895168921 
5.93  	 0.124354055880149 
5.94  	 0.1430563715561152 
5.95  	 0.1596386101409459 
5.96  	 0.1738571088522553 
5.97  	 0.1855029189373478 
5.98  	 0.1944048492786163 
5.99  	 0.2004319591011583 
6  	 0.2034954636917933 
6.01  	 0.2035500255635961 
6.02  	 0.2005944124223392 
6.03  	 0.1946715124816955 
6.04  	 0.1858677069996867 
6.05  	 0.1743116092347178 
6.06  	 0.1601721882106977 
6.07  	 0.1436563046042508 
6.08  	 0.1250056945938077 
6.09  	 0.1044934455171015 
6.100000000000001  	 0.08242001455451146 
6.11  	 0.05910884828419331 
6.12  	 0.03490166674517352 
6.13  	 0.0101534805128443 
6.140000000000001  	 -0.01477258683282035 
6.15  	 -0.03951059563853868 
6.16  	 -0.06369712956253462 
6.17  	 -0.08697659984322806 
6.18  	 -0.1090064373819151 
6.19  	 -0.1294620971856139 
6.2  	 -0.1480418024252679 
6.21  	 -0.1644709591273394 
6.22  	 -0.1785061772791316 
6.23  	 -0.1899388398211428 
6.24  	 -0.1985981675411229 
6.25  	 -0.2043537351797439 
6.26  	 -0.2071174020014936 
6.27  	 -0.2068446285617493 
6.28  	 -0.2035351602894564 
6.29  	 -0.1972330676759569 
6.3  	 -0.1880261421816961 
6.31  	 -0.176044656309031 
6.32  	 -0.161459505506159 
6.33  	 -0.1444797585309936 
6.34  	 -0.1253496514849817 
6.350000000000001  	 -0.1043450688012146 
6.36  	 -0.0817695619219015 
6.37  	 -0.05794996311946669 
6.38  	 -0.03323165780588228 
6.390000000000001  	 -0.007973583650994844 
6.4  	 0.01745697117965045 
6.41  	 0.04268969541158495 
6.42  	 0.06735663055872565 
6.43  	 0.09109751747342403 
6.44  	 0.1135650360732744 
6.45  	 0.1344298622709219 
6.46  	 0.1533854687344204 
6.47  	 0.1701525997689 
6.48  	 0.1844833552828833 
6.49  	 0.1961648244174217 
6.5  	 0.2050222158925703 
6.51  	 0.2109214393703843 
6.52  	 0.2137711000422882 
6.53  	 0.2135238771074079 
6.54  	 0.2101772656953619 
6.55  	 0.203773670973952 
6.56  	 0.1943998525366859 
6.57  	 0.182185726552138 
6.58  	 0.1673025424413379 
6.59  	 0.1499604598966294 
6.600000000000001  	 0.1304055607350953 
6.61  	 0.1089163382662773 
6.62  	 0.08579971442919704 
6.63  	 0.06138664180801208 
6.640000000000001  	 0.0360273536698149 
6.65  	 0.01008633029465772 
6.66  	 -0.01606294598750417 
6.67  	 -0.04204337153587093 
6.68  	 -0.06747966038185607 
6.69  	 -0.0920037630262729 
6.7  	 -0.1152601868534596 
6.71  	 -0.1369111413255912 
6.72  	 -0.1566414335895747 
6.73  	 -0.1741630436717394 
6.74  	 -0.1892193130015108 
6.75  	 -0.2015886855290891 
6.76  	 -0.2110879471047419 
6.77  	 -0.217574915976853 
6.78  	 -0.2209505451391597 
6.79  	 -0.2211604057015839 
6.8  	 -0.2181955293523768 
6.81  	 -0.2120925971940829 
6.82  	 -0.202933471639531 
6.83  	 -0.1908440775113586 
6.84  	 -0.1759926478633067 
6.850000000000001  	 -0.1585873591986569 
6.86  	 -0.1388733895687821 
6.87  	 -0.11712944136585 
6.88  	 -0.09366377835811322 
6.890000000000001  	 -0.06880983354227928 
6.9  	 -0.04292145060372182 
6.91  	 -0.01636782709188064 
6.92  	 0.01047176824185149 
6.93  	 0.03721342819608379 
6.94  	 0.06347411200076707 
6.95  	 0.08887714327464051 
6.96  	 0.1130576220489349 
6.97  	 0.1356676730270959 
6.98  	 0.1563814545496887 
6.99  	 0.1748998561203129 
7  	 0.1909548167741165 
7.01  	 0.204313201972229 
7.02  	 0.2147801830059307 
7.03  	 0.2222020700034945 
7.04  	 0.226468557448563 
7.05  	 0.2275143495296394 
7.06  	 0.2253201415251659 
7.07  	 0.2199129426602589 
7.08  	 0.2113657353169591 
7.09  	 0.1997964750041892 
7.100000000000001  	 0.1853664449596889 
7.11  	 0.1682779885279545 
7.12  	 0.1487716514023856 
7.13  	 0.1271227743077752 
7.140000000000001  	 0.1036375846088604 
7.15  	 0.07864884254801634 
7.16  	 0.05251110423637373 
7.17  	 0.02559566905511488 
7.18  	 -0.001714716312349329 
7.19  	 -0.02903132146713894 
7.2  	 -0.05596498530648512 
7.21  	 -0.08213167894314696 
7.22  	 -0.1071579988332978 
7.23  	 -0.1306865113746618 
7.24  	 -0.1523808723279869 
7.25  	 -0.1719306476067864 
7.26  	 -0.1890557662272485 
7.27  	 -0.2035105414517025 
7.28  	 -0.2150872023201596 
7.29  	 -0.2236188847570837 
7.3  	 -0.2289820391646271 
7.31  	 -0.2310982197584572 
7.32  	 -0.229935229748461 
7.33  	 -0.2255076056872448 
7.34  	 -0.2178764337722663 
7.350000000000001  	 -0.2071485004569197 
7.36  	 -0.1934747892646903 
7.37  	 -0.1770483450717172 
7.38  	 -0.1581015361922765 
7.390000000000001  	 -0.1369027532386223 
7.4  	 -0.1137525918072899 
7.41  	 -0.08897957345231726 
7.42  	 -0.06293546603544357 
7.43  	 -0.0359902702989147 
7.44  	 -0.008526944305317793 
7.45  	 0.01906405883816647 
7.46  	 0.04639036186089186 
7.47  	 0.07306326313123505 
7.48  	 0.09870328526439161 
7.49  	 0.1229455931355882 
7.5  	 0.1454452037531096 
7.51  	 0.1658819134115595 
7.52  	 0.1839648715811692 
7.53  	 0.1994367360360338 
7.54  	 0.2120773497106616 
7.55  	 0.2217068866144515 
7.56  	 0.2281884217296856 
7.57  	 0.2314298880615091 
7.58  	 0.2313853927800374 
7.59  	 0.2280558735694538 
7.600000000000001  	 0.2214890857452216 
7.61  	 0.2117789202828965 
7.62  	 0.199064062483098 
7.63  	 0.1835260104395924 
7.640000000000001  	 0.1653864816457454 
7.65  	 0.144904244837339 
7.66  	 0.1223714224012318 
7.67  	 0.09810931626152512 
7.68  	 0.07246381697901579 
7.69  	 0.04580046176790592 
7.7  	 0.01849921216038026 
7.71  	 -0.009050973937329138 
7.72  	 -0.03645769811196085 
7.73  	 -0.06333072571946755 
7.74  	 -0.08928755836780221 
7.75  	 -0.113958894864206 
7.76  	 -0.1369939024884412 
7.77  	 -0.1580652231767163 
7.78  	 -0.1768736430050895 
7.79  	 -0.193152358191312 
7.8  	 -0.2066707766210721 
7.81  	 -0.2172378005653873 
7.82  	 -0.2247045436948784 
7.83  	 -0.2289664436071198 
7.84  	 -0.229964739748821 
7.850000000000001  	 -0.2276872957109269 
7.86  	 -0.2221687542713322 
7.87  	 -0.2134900231219827 
7.88  	 -0.2017770988075181 
7.890000000000001  	 -0.1871992458837303 
7.9  	 -0.1699665575399865 
7.91  	 -0.150326932787939 
7.92  	 -0.1285625136722906 
7.930000000000001  	 -0.104985633688339 
7.94  	 -0.07993433558468828 
7.95  	 -0.05376752288765629 
7.96  	 -0.02685981471830278 
7.97  	 0.0004038222913211147 
7.98  	 0.02763358799975396 
7.99  	 0.05444042962098473 
8  	 0.08044160946072537 
8.01  	 0.1052661797424606 
8.02  	 0.128560286096209 
8.029999999999999  	 0.1499922237621978 
8.040000000000001  	 0.169257174129838 
8.050000000000001  	 0.1860815538380835 
8.06  	 0.2002269142401704 
8.07  	 0.2114933355036395 
8.08  	 0.2197222668824305 
8.09  	 0.2247987726572687 
8.1  	 0.2266531517791375 
8.109999999999999  	 0.2252619082456727 
8.120000000000001  	 0.220648058562603 
8.130000000000001  	 0.2128807721579957 
8.140000000000001  	 0.2020743501894113 
8.15  	 0.1883865576756718 
8.16  	 0.1720163331595629 
8.17  	 0.1532009090323015 
8.18  	 0.1322123840969454 
8.19  	 0.1093537977949303 
8.199999999999999  	 0.08495476265506398 
8.210000000000001  	 0.05936671784527339 
8.220000000000001  	 0.03295787212363452 
8.23  	 0.006107908919130278 
8.24  	 -0.02079747033924534 
8.25  	 -0.04737208623240254 
8.26  	 -0.0732348251202687 
8.27  	 -0.09801510706640218 
8.279999999999999  	 -0.1213581994339003 
8.290000000000001  	 -0.1429302999148769 
8.300000000000001  	 -0.1624233160966953 
8.31  	 -0.1795592730552032 
8.32  	 -0.1940942858351212 
8.33  	 -0.2058220399530779 
8.34  	 -0.2145767301491559 
8.35  	 -0.2202354154161136 
8.359999999999999  	 -0.2227197567393553 
8.370000000000001  	 -0.2219971128643137 
8.380000000000001  	 -0.2180809786433753 
8.390000000000001  	 -0.2110307599690072 
8.4  	 -0.2009508888373759 
8.41  	 -0.1879892915703805 
8.42  	 -0.1723352325173492 
8.43  	 -0.1542165645271231 
8.44  	 -0.1338964259980314 
8.449999999999999  	 -0.1116694322550196 
8.460000000000001  	 -0.08785741625590446 
8.470000000000001  	 -0.06280478008831109 
8.48  	 -0.03687352429261409 
8.49  	 -0.01043802665426699 
8.5  	 0.01612035431476481 
8.51  	 0.04241877349229779 
8.52  	 0.0680784117717847 
8.529999999999999  	 0.09272992787250744 
8.540000000000001  	 0.116018770912886 
8.550000000000001  	 0.137610277357442 
8.56  	 0.1571944790779665 
8.57  	 0.1744905534524008 
8.58  	 0.1892508516004143 
8.59  	 0.2012644469479518 
8.6  	 0.210360153236247 
8.609999999999999  	 0.2164089687441467 
8.620000000000001  	 0.2193259117657839 
8.630000000000001  	 0.219071221159493 
8.640000000000001  	 0.2156509049320171 
8.65  	 0.2091166292128064 
8.66  	 0.1995649494713558 
8.67  	 0.1871358952993896 
8.68  	 0.1720109293830163 
8.69  	 0.1544103102939028 
8.700000000000001  	 0.13458989730355 
8.710000000000001  	 0.1128374434475754 
8.720000000000001  	 0.08946843042217925 
8.73  	 0.06482150547697559 
8.74  	 0.03925358618253451 
8.75  	 0.01313470371525153 
8.76  	 -0.01315734095185216 
8.77  	 -0.03924243088979248 
8.779999999999999  	 -0.06474361845940367 
8.790000000000001  	 -0.08929256290470433 
8.800000000000001  	 -0.1125348419436596 
8.81  	 -0.1341350608416242 
8.82  	 -0.1537816853897145 
8.83  	 -0.1711915292063152 
8.84  	 -0.1861138307771595 
8.85  	 -0.1983338615757868 
8.859999999999999  	 -0.2076760133761972 
8.870000000000001  	 -0.2140063203855475 
8.880000000000001  	 -0.2172343799784309 
8.890000000000001  	 -0.2173146444881238 
8.9  	 -0.2142470655791918 
8.91  	 -0.2080770820593538 
8.92  	 -0.1988949514520728 
8.93  	 -0.186834435108655 
8.94  	 -0.1720708559535127 
8.950000000000001  	 -0.1548185569945476 
8.960000000000001  	 -0.1353277973622081 
8.970000000000001  	 -0.1138811307414182 
8.98  	 -0.09078931851365389 
8.99  	 -0.06638683662471087 
9  	 -0.0410270410407725 
9.01  	 -0.01507706156713657 
9.02  	 0.01108750229023688 
9.029999999999999  	 0.03708800689649139 
9.040000000000001  	 0.06254823322832476 
9.050000000000001  	 0.08709981990563627 
9.06  	 0.1103875821606404 
9.07  	 0.1320746400434423 
9.08  	 0.1518472819208515 
9.09  	 0.1694194931482331 
9.1  	 0.1845370846272901 
9.109999999999999  	 0.1969813617361575 
9.120000000000001  	 0.2065722807488069 
9.130000000000001  	 0.2131710472529595 
9.140000000000001  	 0.2166821191229319 
9.15  	 0.2170545851901363 
9.16  	 0.2142828997556098 
9.17  	 0.2084069623762515 
9.18  	 0.1995115417956082 
9.19  	 0.1877250523450821 
9.200000000000001  	 0.173217700476132 
9.210000000000001  	 0.1561990281639373 
9.220000000000001  	 0.1369148886172957 
9.23  	 0.1156438979130023 
9.24  	 0.09269341372772182 
9.25  	 0.06839509915761736 
9.26  	 0.04310013559752612 
9.27  	 0.01717415371113399 
9.279999999999999  	 -0.009008044411490904 
9.290000000000001  	 -0.03506789580103764 
9.300000000000001  	 -0.06062854183787181 
9.31  	 -0.08532026934918643 
9.32  	 -0.1087858491058482 
9.33  	 -0.1306856947261206 
9.34  	 -0.1507027675786294 
9.35  	 -0.168547156934361 
9.359999999999999  	 -0.1839602692944931 
9.370000000000001  	 -0.1967185664500987 
9.380000000000001  	 -0.2066367983301791 
9.390000000000001  	 -0.2135706839724634 
9.4  	 -0.217419001902154 
9.41  	 -0.2181250597127936 
9.42  	 -0.2156775215881525 
9.43  	 -0.2101105817556513 
9.44  	 -0.2015034812871153 
9.450000000000001  	 -0.189979375125841 
9.460000000000001  	 -0.1757035655837558 
9.470000000000001  	 -0.1588811276839728 
9.48  	 -0.1397539604907497 
9.49  	 -0.1185973068444742 
9.5  	 -0.09571579158458361 
9.51  	 -0.07143903528785536 
9.52  	 -0.04611690667320308 
9.529999999999999  	 -0.02011448203872693 
9.540000000000001  	 0.006193215672869463 
9.550000000000001  	 0.03242662239927643 
9.56  	 0.05820710519887444 
9.57  	 0.08316242235877605 
9.58  	 0.1069320926861853 
9.59  	 0.1291725965950871 
9.6  	 0.1495623340114735 
9.609999999999999  	 0.1678062676116495 
9.620000000000001  	 0.1836401844294677 
9.630000000000001  	 0.1968345143546241 
9.640000000000001  	 0.2071976504165045 
9.65  	 0.2145787229148482 
9.66  	 0.218869787316582 
9.67  	 0.2200073942745163 
9.68  	 0.2179735190167792 
9.69  	 0.2127958365779141 
9.700000000000001  	 0.2045473387607445 
9.710000000000001  	 0.1933452981968529 
9.720000000000001  	 0.1793495942763745 
9.73  	 0.1627604249093982 
9.74  	 0.1438154369292527 
9.75  	 0.1227863163249278 
9.76  	 0.0999748872751814 
9.77  	 0.07570877603838838 
9.779999999999999  	 0.05033670202786168 
9.790000000000001  	 0.02422346378179011 
9.800000000000001  	 -0.002255308057454216 
9.81  	 -0.02871855527162152 
9.82  	 -0.05478527633718165 
9.83  	 -0.0800800115095366 
9.84  	 -0.1042382497646615 
9.85  	 -0.126911679750867 
9.859999999999999  	 -0.1477732091328396 
9.870000000000001  	 -0.1665216800282356 
9.880000000000001  	 -0.1828862125962688 
9.890000000000001  	 -0.1966301141753602 
9.9  	 -0.2075542976063311 
9.91  	 -0.2155001594291607 
9.92  	 -0.2203518764036384 
9.93  	 -0.2220380871657251 
9.94  	 -0.2205329346718744 
9.950000000000001  	 -0.215856454275808 
9.960000000000001  	 -0.2080743016940965 
9.970000000000001  	 -0.197296824612968 
9.98  	 -0.1836774911324518 
9.99  	 -0.1674106974993824 
10  	 -0.1487289865147663 
10.01  	 -0.1278997164849707 
10.02  	 -0.105221228498025 
10.03  	 -0.08101856703213431 
10.04  	 -0.05563881533924624 
10.05  	 -0.02944611259950644 
10.06  	 -0.00281642443268363 
10.07  	 0.02386785808601979 
10.08  	 0.05022341327729167 
10.09  	 0.07587149858273441 
10.1  	 0.1004433959410911 
10.11  	 0.1235857145034491 
10.12  	 0.144965474411869 
10.13  	 0.164274898499817 
10.14  	 0.1812358429590363 
10.15  	 0.1956038031960144 
10.16  	 0.2071714371976414 
10.17  	 0.2157715556524564 
10.18  	 0.2212795357315385 
10.19  	 0.2236151237115865 
10.2  	 0.222743600403087 
10.21  	 0.2186762925024843 
10.22  	 0.2114704223873386 
10.23  	 0.2012282983824459 
10.24  	 0.1880958570060777 
10.25  	 0.1722605780225601 
10.26  	 0.1539488021463505 
10.27  	 0.1334224898338915 
10.28  	 0.1109754676392405 
10.29  	 0.08692921598214409 
10.3  	 0.06162825877676827 
10.31  	 0.03543522110074125 
10.32  	 0.008725625865023068 
10.33  	 -0.01811749579345717 
10.34  	 -0.04470910298663704 
10.35  	 -0.07066767343241796 
10.36  	 -0.09562068226848783 
10.37  	 -0.119209952598582 
10.38  	 -0.1410968008797525 
10.39  	 -0.1609669031974402 
10.4  	 -0.1785348124766131 
10.41  	 -0.1935480616845182 
10.42  	 -0.2057907940218154 
10.43  	 -0.2150868678887039 
10.44  	 -0.2213023919535828 
10.45  	 -0.2243476538354923 
10.46  	 -0.2241784146204702 
10.47  	 -0.2207965505409054 
10.48  	 -0.2142500325250751 
10.49  	 -0.2046322438365406 
10.5  	 -0.1920806455332414 
10.51  	 -0.176774808847266 
10.52  	 -0.1589338426837004 
10.53  	 -0.1388132531298863 
10.54  	 -0.1167012800298803 
10.55  	 -0.09291476319554623 
10.56  	 -0.06779459758745018 
10.57  	 -0.04170084270832948 
10.58  	 -0.01500755642440205 
10.59  	 0.01190257260636408 
10.6  	 0.0386437168217049 
10.61  	 0.06483244709009706 
10.62  	 0.0900932359675763 
10.63  	 0.1140638478355519 
10.64  	 0.1364005384996039 
10.65  	 0.156782989562542 
10.66  	 0.1749189066915808 
10.67  	 0.1905482157246872 
10.68  	 0.203446796335679 
10.69  	 0.2134296996185432 
10.7  	 0.2203538033632987 
10.71  	 0.2241198668720528 
10.72  	 0.2246739557886567 
10.73  	 0.2220082164646127 
10.74  	 0.2161609887276008 
10.75  	 0.2072162554228933 
10.76  	 0.1953024366254433 
10.77  	 0.1805905458346484 
10.78  	 0.1632917346294035 
10.79  	 0.1436542610463575 
10.8  	 0.121959925223006 
10.81  	 0.09852002350041715 
10.82  	 0.07367087909800742 
10.83  	 0.04776901355543703 
10.84  	 0.02118602829697018 
10.85  	 -0.005696730162628717 
10.86  	 -0.03249364474424513 
10.87  	 -0.05882036342988799 
10.88  	 -0.08429931647832799 
10.89  	 -0.1085651359877679 
10.9  	 -0.1312698999670694 
10.91  	 -0.1520881256001559 
10.92  	 -0.1707214399934706 
10.93  	 -0.1869028613319739 
10.94  	 -0.2004006289684724 
10.95  	 -0.2110215274536102 
10.96  	 -0.2186136567864326 
10.97  	 -0.2230686091235262 
10.98  	 -0.2243230207139622 
10.99  	 -0.2223594768050233 
11  	 -0.2172067565609561 
11.01  	 -0.2089394145201081 
11.02  	 -0.1976767046485177 
11.03  	 -0.1835808624932852 
11.04  	 -0.1668547701611469 
11.05  	 -0.1477390377140446 
11.06  	 -0.1265085429567246 
11.07  	 -0.103468479371032 
11.08  	 -0.07894996901580437 
11.09  	 -0.05330530345859734 
11.1  	 -0.02690288114614861 
11.11  	 -0.0001219139777628338 
11.12  	 0.02665302084289119 
11.13  	 0.05303750538429788 
11.14  	 0.07865280260622282 
11.15  	 0.1031312956843173 
11.16  	 0.1261217668918861 
11.17  	 0.1472944402024323 
11.18  	 0.1663457151783354 
11.19  	 0.1830025241536337 
11.2  	 0.1970262501384435 
11.21  	 0.2082161491911061 
11.22  	 0.2164122281308407 
11.23  	 0.2214975362959931 
11.24  	 0.2233998384782892 
11.25  	 0.2220926450606802 
11.26  	 0.2175955846274682 
11.27  	 0.209974113767573 
11.28  	 0.1993385683191405 
11.29  	 0.1858425697692412 
11.3  	 0.1696808097900872 
11.31  	 0.1510862448297896 
11.32  	 0.1303267411527331 
11.33  	 0.1077012186203175 
11.34  	 0.0835353487036348 
11.35  	 0.05817686862213915 
11.36  	 0.03199057901452122 
11.37  	 0.005353097090640451 
11.38  	 -0.02135255927875473 
11.39  	 -0.04774247865503903 
11.4  	 -0.07343737512511116 
11.41  	 -0.09806804004851659 
11.42  	 -0.1212806480881284 
11.43  	 -0.1427418412574281 
11.44  	 -0.1621435179170221 
11.45  	 -0.1792072579029209 
11.46  	 -0.1936883202081277 
11.47  	 -0.2053791557918093 
11.48  	 -0.2141123850682447 
11.49  	 -0.2197631973304429 
11.5  	 -0.2222511376800012 
11.51  	 -0.2215412558457882 
11.52  	 -0.2176446004526528 
11.53  	 -0.2106180517155672 
11.54  	 -0.2005634950490097 
11.55  	 -0.1876263475591557 
11.56  	 -0.171993458691284 
11.57  	 -0.1538904153029144 
11.58  	 -0.1335782899952039 
11.59  	 -0.1113498795379301 
11.6  	 -0.08752548755194682 
11.61  	 -0.06244831216194496 
11.62  	 -0.03647950500757893 
11.63  	 -0.009992972720956134 
11.64  	 0.01663000432467435 
11.65  	 0.04300625856955383 
11.66  	 0.06875624819305426 
11.67  	 0.09350951710658506 
11.68  	 0.1169100234792629 
11.69  	 0.1386212601606024 
11.7  	 0.1583310933653832 
11.71  	 0.175756250045644 
11.72  	 0.1906463894349797 
11.73  	 0.2027877002381295 
11.74  	 0.2120059717680376 
11.75  	 0.2181690949048808 
11.76  	 0.2211889569579934 
11.77  	 0.2210227032341224 
11.78  	 0.2176733472284898 
11.79  	 0.2111897207276365 
11.8  	 0.2016657646101166 
11.81  	 0.1892391706161971 
11.82  	 0.1740893936943514 
11.83  	 0.1564350635862069 
11.84  	 0.1365308329525144 
11.85  	 0.1146637074463521 
11.86  	 0.09114891058962872 
11.87  	 0.06632534299788184 
11.88  	 0.04055070133017895 
11.89  	 0.01419632723180044 
11.9  	 -0.01235813958301523 
11.91  	 -0.0387302271483934 
11.92  	 -0.06454013729917299 
11.93  	 -0.08941621271996762 
11.94  	 -0.1130002863194235 
11.95  	 -0.1349528359568262 
11.96  	 -0.1549578703542459 
11.97  	 -0.17272747590039 
11.98  	 -0.188005958936485 
11.99  	 -0.2005735239395166 
12  	 -0.2102494347001682 
12.01  	 -0.2168946130356409 
12.02  	 -0.2204136376740951 
12.03  	 -0.2207561145812063 
12.04  	 -0.2179173990460367 
12.05  	 -0.2119386591729137 
12.06  	 -0.2029062799040293 
12.07  	 -0.1909506161876663 
12.08  	 -0.1762441132727691 
12.09  	 -0.1589988212172598 
12.1  	 -0.1394633394140395 
12.11  	 -0.1179192351396096 
12.12  	 -0.09467698769771944 
12.13  	 -0.07007151655553526 
12.14  	 -0.04445735785435127 
12.15  	 -0.01820355873475384 
12.16  	 0.008311637025352415 
12.17  	 0.034706235560699 
12.18  	 0.06059999325758329 
12.19  	 0.08561989171112491 
12.2  	 0.1094055084978358 
12.21  	 0.131614206462087 
12.22  	 0.1519260668289782 
12.23  	 0.1700484951447314 
12.24  	 0.1857204337559395 
12.25  	 0.1987161202030062 
12.26  	 0.2088483374394067 
12.27  	 0.2159711091029049 
12.28  	 0.2199818010523267 
12.29  	 0.2208225989289708 
12.3  	 0.218481340482266 
12.31  	 0.2129916906856331 
12.32  	 0.2044326571270595 
12.33  	 0.1929274526535386 
12.34  	 0.1786417216426549 
12.35  	 0.161781155433028 
12.36  	 0.1425885312362982 
12.37  	 0.1213402171503455 
12.38  	 0.0983421935771015 
12.39  	 0.07392564830808776 
12.4  	 0.04844220867654736 
12.41  	 0.02225887939845337 
12.42  	 -0.004247241039388748 
12.43  	 -0.0306943893984182 
12.44  	 -0.05670163397563405 
12.45  	 -0.08189435905140408 
12.46  	 -0.1059096585595751 
12.47  	 -0.1284015613471638 
12.48  	 -0.149046012813518 
12.49  	 -0.1675455412237357 
12.5  	 -0.1836335415278899 
12.51  	 -0.1970781150209606 
12.52  	 -0.2076854095691405 
12.53  	 -0.2153024123144174 
12.54  	 -0.2198191546476478 
12.55  	 -0.2211702976973709 
12.56  	 -0.2193360754957059 
12.57  	 -0.2143425822255526 
12.58  	 -0.206261399392015 
12.59  	 -0.1952085682596633 
12.6  	 -0.1813429223192915 
12.61  	 -0.164863803757632 
12.62  	 -0.1460081967685517 
12.63  	 -0.1250473189370122 
12.64  	 -0.1022827197267674 
12.65  	 -0.07804194219716255 
12.66  	 -0.05267381036139876 
12.67  	 -0.02654340998777193 
12.68  	 -2.683505911212775E-05 
12.69  	 0.02649422451956833 
12.7  	 0.05263797608795556 
12.71  	 0.07802801922778099 
12.72  	 0.1022987635170433 
12.73  	 0.1251006910757098 
12.74  	 0.1461053881675062 
12.75  	 0.1650102734421651 
12.76  	 0.1815429547642828 
12.77  	 0.1954651519160184 
12.78  	 0.2065761287044269 
12.79  	 0.2147155850604661 
12.8  	 0.2197659674841496 
12.81  	 0.2216541645572137 
12.82  	 0.2203525630906681 
12.83  	 0.2158794496724627 
12.84  	 0.2082987517979046 
12.85  	 0.1977191222669344 
12.86  	 0.1842923799812169 
12.87  	 0.1682113295343008 
12.88  	 0.1497069909266037 
12.89  	 0.1290452792251124 
12.9  	 0.1065231819032971 
12.91  	 0.08246448882595393 
12.92  	 0.05721513628247725 
12.93  	 0.03113823202777163 
12.94  	 0.004608832882690386 
12.95  	 -0.02199144999056983 
12.96  	 -0.04827994053958092 
12.97  	 -0.07387840303384924 
12.98  	 -0.09841848384156539 
12.99  	 -0.1215470114827109 
13  	 -0.1429310787047769 
13.01  	 -0.1622628334588451 
13.02  	 -0.1792639098372822 
13.03  	 -0.1936894352096726 
13.04  	 -0.2053315558864386 
13.05  	 -0.2140224305622806 
13.06  	 -0.2196366484445452 
13.07  	 -0.22209303724486 
13.08  	 -0.221355834986858 
13.09  	 -0.2174352087323767 
13.1  	 -0.2103871127215475 
13.11  	 -0.2003124879235989 
13.12  	 -0.1873558144683115 
13.13  	 -0.1717030377366331 
13.14  	 -0.1535788978990757 
13.15  	 -0.1332437012725794 
13.16  	 -0.1109895798970702 
13.17  	 -0.08713629309644128 
13.18  	 -0.06202663137921059 
13.19  	 -0.03602148875682608 
13.2  	 -0.009494674330166691 
13.21  	 0.01717246225146267 
13.22  	 0.04359651417364571 
13.23  	 0.06939753082783555 
13.24  	 0.09420448187997568 
13.25  	 0.1176605934517215 
13.26  	 0.139428479664478 
13.27  	 0.1591949957356397 
13.28  	 0.1766757428172712 
13.29  	 0.1916191597724958 
13.3  	 0.2038101430221182 
13.31  	 0.2130731423781362 
13.32  	 0.2192746883142565 
13.33  	 0.2223253142979927 
13.34  	 0.2221808465068624 
13.35  	 0.2188430423475179 
13.36  	 0.2123595685605522 
13.37  	 0.2028233191905486 
13.38  	 0.1903710831941119 
13.39  	 0.1751815808116108 
13.4  	 0.1574728969066531 
13.41  	 0.1374993481503453 
13.42  	 0.1155478290704086 
13.43  	 0.09193368948111774 
13.44  	 0.0669962025509649 
13.45  	 0.04109368865397924 
13.46  	 0.0145983651030228 
13.47  	 -0.01210900419210358 
13.48  	 -0.03864458221903361 
13.49  	 -0.06462697681317985 
13.5  	 -0.08968272372536382 
13.51  	 -0.1134516559667552 
13.52  	 -0.1355920822235969 
13.53  	 -0.1557856998769449 
13.54  	 -0.1737421719762893 
13.55  	 -0.1892033023456318 
13.56  	 -0.2019467487769438 
13.57  	 -0.2117892209058777 
13.58  	 -0.2185891167726887 
13.59  	 -0.2222485601410252 
13.6  	 -0.2227148092625459 
13.61  	 -0.2199810168123261 
13.62  	 -0.2140863300487983 
13.63  	 -0.2051153297383741 
13.64  	 -0.1931968158925106 
13.65  	 -0.1785019577570974 
13.66  	 -0.1612418346355804 
13.67  	 -0.1416644028867562 
13.68  	 -0.1200509326896848 
13.69  	 -0.09671196579302935 
13.7  	 -0.07198285235466659 
13.71  	 -0.04621893103056574 
13.72  	 -0.01979042160264344 
13.73  	 0.006922896430224604 
13.74  	 0.03353714279508445 
13.75  	 0.05966985443994742 
13.76  	 0.08494548324894864 
13.77  	 0.1090007944359575 
13.78  	 0.131490088001904 
13.79  	 0.1520901681840486 
13.8  	 0.1705049894478704 
13.81  	 0.1864699122221015 
13.82  	 0.1997555071878409 
13.83  	 0.2101708534229748 
13.84  	 0.2175662829799947 
13.85  	 0.2218355324340977 
13.86  	 0.2229172704647572 
13.87  	 0.2207959795051425 
13.88  	 0.2155021787808654 
13.89  	 0.2071119855289833 
13.9  	 0.1957460207038366 
13.91  	 0.1815676749013081 
13.92  	 0.1647807594319361 
13.93  	 0.1456265763137189 
13.94  	 0.1243804493102898 
13.95  	 0.1013477658892819 
13.96  	 0.07685958700770898 
13.97  	 0.05126788784494381 
13.98  	 0.02494049791002879 
13.99  	 -0.001744186727697893 
14  	 -0.02840264305948508 
14.01  	 -0.05465173440135788 
14.02  	 -0.08011421803494111 
14.03  	 -0.1044241680395492 
14.04  	 -0.1272322353500839 
14.05  	 -0.1482106694162504 
14.06  	 -0.1670580292669629 
14.07  	 -0.1835035162502684 
14.08  	 -0.1973108661594316 
14.09  	 -0.2082817447917695 
14.1  	 -0.2162585981272828 
14.11  	 -0.2211269161564239 
14.12  	 -0.2228168778176901 
14.13  	 -0.2213043534048974 
14.14  	 -0.2166112500429955 
14.15  	 -0.2088051952772794 
14.16  	 -0.1979985633379983 
14.17  	 -0.1843468580938031 
14.18  	 -0.1680464759573035 
14.19  	 -0.149331880921208 
14.2  	 -0.1284722323559071 
14.21  	 -0.1057675140673785 
14.22  	 -0.0815442202848224 
14.23  	 -0.05615066061735306 
14.24  	 -0.02995195149680543 
14.25  	 -0.003324766130486628 
14.26  	 0.02334808154127275 
14.27  	 0.04968314100254179 
14.28  	 0.07530183828853149 
14.29  	 0.09983591880869451 
14.3  	 0.1229327416058547 
14.31  	 0.1442603489290353 
14.32  	 0.1635122382302532 
14.33  	 0.1804117679762443 
14.34  	 0.1947161339333132 
14.35  	 0.2062198587614903 
14.36  	 0.2147577447540855 
14.37  	 0.2202072472798669 
14.38  	 0.2224902348164192 
14.39  	 0.2215741102849393 
14.4  	 0.2174722775819219 
14.41  	 0.2102439466197909 
14.42  	 0.1999932797011182 
14.43  	 0.1868678915228334 
14.44  	 0.1710567244015639 
14.45  	 0.1527873292952855 
14.46  	 0.1323225917406111 
14.47  	 0.1099569498064445 
14.48  	 0.08601215846859568 
14.49  	 0.0608326613312732 
14.5  	 0.03478063626636616 
14.51  	 0.008230786228939534 
14.52  	 -0.01843504983000644 
14.53  	 -0.04483338844737074 
14.54  	 -0.07058461655184034 
14.55  	 -0.09531845047671526 
14.56  	 -0.1186792605765833 
14.57  	 -0.1403311848777837 
14.58  	 -0.1599629582287727 
14.59  	 -0.1772923875101333 
14.6  	 -0.1920704085561696 
14.61  	 -0.2040846664575349 
14.62  	 -0.2131625677706024 
14.63  	 -0.219173760755675 
14.64  	 -0.2220320079933888 
14.65  	 -0.221696424468444 
14.66  	 -0.2181720633364061 
14.67  	 -0.2115098409714832 
14.68  	 -0.2018058023959659 
14.69  	 -0.189199737678742 
14.7  	 -0.1738731692245292 
14.71  	 -0.1560467389229612 
14.72  	 -0.1359770327572993 
14.73  	 -0.1139528885622009 
14.74  	 -0.090291240052322 
14.75  	 -0.06533255691167975 
14.76  	 -0.03943594654176354 
14.77  	 -0.01297398793084284 
14.78  	 0.01367262804217059 
14.79  	 0.04012057477395338 
14.8  	 0.06598940380465465 
14.81  	 0.09090701707885691 
14.82  	 0.1145150188915972 
14.83  	 0.1364738705440299 
14.84  	 0.1564677735730074 
14.85  	 0.1742092113247848 
14.86  	 0.1894430835590167 
14.87  	 0.2019503746244909 
14.88  	 0.2115513024583944 
14.89  	 0.2181079031298073 
14.9  	 0.2215260137681223 
14.91  	 0.2217566253714029 
14.92  	 0.2187965860538181 
14.93  	 0.2126886446348633 
14.94  	 0.2035208339616911 
14.95  	 0.1914252028530557 
14.96  	 0.176575914922516 
14.97  	 0.1591867416448948 
14.98  	 0.139507985742567 
14.99  	 0.1178228791616544 
15  	 0.09444350746477412 
15.01  	 0.06970631927796843 
15.02  	 0.04396728539685366 
15.03  	 0.01759677719506934 
15.04  	 -0.009025761985682629 
15.05  	 -0.03551727580837563 
15.06  	 -0.06149660574686151 
15.07  	 -0.0865899744521476 
15.08  	 -0.1104363628015607 
15.09  	 -0.1326927032843862 
15.1  	 -0.1530388150208802 
15.11  	 -0.1711820094293666 
15.12  	 -0.1868613002949471 
15.13  	 -0.1998511576850117 
15.14  	 -0.2099647517193406 
15.15  	 -0.2170566395417448 
15.16  	 -0.2210248568503151 
15.17  	 -0.2218123839092213 
15.18  	 -0.2194079649633973 
15.19  	 -0.2138462692789346 
15.2  	 -0.2052073915027835 
15.21  	 -0.1936156985392 
15.22  	 -0.1792380395405747 
15.23  	 -0.1622813447716182 
15.24  	 -0.142989647896589 
15.25  	 -0.1216405745328849 
15.26  	 -0.09854134759158557 
15.27  	 -0.07402436687600812 
15.28  	 -0.04844242653304925 
15.29  	 -0.02216363916095326 
15.3  	 0.004433860403745549 
15.31  	 0.03096735542869226 
15.32  	 0.05705505349352536 
15.33  	 0.08232157935213308 
15.34  	 0.1064033754310453 
15.35  	 0.1289539322749021 
15.36  	 0.149648773696712 
15.37  	 0.1681901249197101 
15.38  	 0.1843111965582734 
15.39  	 0.1977800228119463 
15.4  	 0.208402798659667 
15.41  	 0.2160266680485161 
15.42  	 0.2205419229690586 
15.43  	 0.2218835817840044 
15.44  	 0.2200323241065807 
15.45  	 0.2150147687812228 
15.46  	 0.206903090968823 
15.47  	 0.1958139838458816 
15.48  	 0.1819069798547455 
15.49  	 0.1653821556550664 
15.5  	 0.146477253792154 
15.51  	 0.1254642624885082 
15.52  	 0.1026455027597928 
15.53  	 0.07834927914374544 
15.54  	 0.05292515660804684 
15.55  	 0.02673893158071148 
15.56  	 0.0001673694467497003 
15.57  	 -0.0264072157856008 
15.58  	 -0.05260246167519445 
15.59  	 -0.07804145827201592 
15.6  	 -0.1023581706413067 
15.61  	 -0.1252027049816646 
15.62  	 -0.1462463425806114 
15.63  	 -0.1651862691904697 
15.64  	 -0.1817499317884444 
15.65  	 -0.1956989600445457 
15.66  	 -0.2068325960823263 
15.67  	 -0.2149905831902756 
15.68  	 -0.2200554719243777 
15.69  	 -0.2219543104228581 
15.7  	 -0.2206596946119595 
15.71  	 -0.216190163189307 
15.72  	 -0.2086099316965788 
15.73  	 -0.1980279695002389 
15.74  	 -0.1845964329512518 
15.75  	 -0.1685084772560185 
15.76  	 -0.149995478528049 
15.77  	 -0.1293237059745378 
15.78  	 -0.106790492082013 
15.79  	 -0.08271995588678226 
15.8  	 -0.05745834084514145 
15.81  	 -0.03136903436274387 
15.82  	 -0.004827340622401519 
15.83  	 0.02178491810097799 
15.84  	 0.04808489398169145 
15.85  	 0.07369422103323479 
15.86  	 0.09824445812498651 
15.87  	 0.1213823893286523 
15.88  	 0.1427751053488664 
15.89  	 0.162114792940415 
15.9  	 0.1791231634140887 
15.91  	 0.1935554565237893 
15.92  	 0.2052039621345549 
15.93  	 0.2139010090067903 
15.94  	 0.2195213776964479 
15.95  	 0.2219841028539512 
15.96  	 0.2212536389871607 
15.97  	 0.2173403729093207 
15.98  	 0.2103004754900142 
15.99  	 0.2002350948305216 
16  	 0.1872889024579407 
16.01  	 0.1716480134387162 
16.02  	 0.1535373103179985 
16.03  	 0.1332172093669521 
16.04  	 0.1109799156424207 
16.05  	 0.08714522071682924 
16.06  	 0.06205590351508906 
16.07  	 0.03607280040493353 
16.08  	 0.009569615445421929 
16.09  	 -0.0170724545631518 
16.1  	 -0.04347020291979491 
16.11  	 -0.06924392489266215 
16.12  	 -0.09402287933837292 
16.13  	 -0.1174506215125644 
16.14  	 -0.1391901303649951 
16.15  	 -0.1589286565673846 
16.16  	 -0.1763822215378808 
16.17  	 -0.1912997027448372 
16.18  	 -0.2034664465222813 
16.19  	 -0.2127073564244979 
16.2  	 -0.2188894126898086 
16.21  	 -0.2219235865654251 
16.22  	 -0.221766121948511 
16.23  	 -0.2184191658981366 
16.24  	 -0.2119307389377688 
16.25  	 -0.2023940455636196 
16.26  	 -0.1899461348639993 
16.27  	 -0.1747659305022952 
16.28  	 -0.1570716583868738 
16.29  	 -0.1371177090146267 
16.3  	 -0.1151909796064252 
16.31  	 -0.0916067486354655 
16.32  	 -0.06670414207574477 
16.33  	 -0.04084125657094859 
16.34  	 -0.01439000965938653 
16.35  	 0.01226920888272081 
16.36  	 0.03875300765580213 
16.37  	 0.0646805075303834 
16.38  	 0.089678819516898 
16.39  	 0.1133884078263405 
16.4  	 0.1354682609864006 
16.41  	 0.1556007966372941 
16.42  	 0.1734964294608353 
16.43  	 0.1888977365402998 
16.44  	 0.2015831602376575 
16.45  	 0.2113701953255501 
16.46  	 0.218118014528305 
16.47  	 0.2217294947026499 
16.48  	 0.2221526145084645 
16.49  	 0.2193812034589155 
16.5  	 0.2134550315676598 
16.51  	 0.2044592382943211 
16.52  	 0.1925231089917327 
16.53  	 0.1778182164428504 
16.54  	 0.1605559542067836 
16.55  	 0.1409844972407473 
16.56  	 0.119385233502085 
16.57  	 0.09606871784337949 
16.58  	 0.07137020638461572 
16.59  	 0.04564483558056116 
16.6  	 0.01926251531219128 
16.61  	 -0.007397390555395813 
16.62  	 -0.03395151964873619 
16.63  	 -0.06001802413839165 
16.64  	 -0.08522206208209832 
16.65  	 -0.1092011880842387 
16.66  	 -0.1316105657444619 
16.67  	 -0.1521279269305413 
16.68  	 -0.1704582065509908 
16.69  	 -0.1863377861692021 
16.7  	 -0.1995382854258237 
16.71  	 -0.2098698467388734 
16.72  	 -0.2171838660381527 
16.73  	 -0.2213751302571071 
16.74  	 -0.2223833308367828 
16.75  	 -0.2201939314702744 
16.76  	 -0.2148383776029702 
16.77  	 -0.2063936446704351 
16.78  	 -0.1949811315657618 
16.79  	 -0.1807649152449117 
16.8  	 -0.1639493915665154 
16.81  	 -0.1447763362896724 
16.82  	 -0.1235214284925275 
16.83  	 -0.1004902864058677 
16.84  	 -0.07601407266848643 
16.85  	 -0.05044473220374086 
16.86  	 -0.02414993120051617 
16.87  	 0.002492230019279635 
16.88  	 0.02909865421237728 
16.89  	 0.05528675631194842 
16.9  	 0.08067996518437368 
16.91  	 0.1049131389230595 
16.92  	 0.1276378158005551 
16.93  	 0.1485272253634196 
16.94  	 0.1672809876035398 
16.95  	 0.1836294326252948 
16.96  	 0.197337478685592 
16.97  	 0.2082080128348816 
16.98  	 0.2160847255404404 
16.99  	 0.2208543585256404 
17  	 0.2224483334976437 
17.01  	 0.2208437383396318 
17.02  	 0.2160636565842341 
17.03  	 0.2081768354293715 
17.04  	 0.1972966970704464 
17.05  	 0.1835797075668797 
17.06  	 0.1672231267005951 
17.07  	 0.1484621711862976 
17.08  	 0.1275666320302604 
17.09  	 0.1048369946844732 
17.1  	 0.08060011779352894 
17.11  	 0.05520453267968795 
17.12  	 0.02901543116586204 
17.13  	 0.002409413818367786 
17.14  	 -0.02423092586325787 
17.15  	 -0.05052250342285503 
17.16  	 -0.07608725246503716 
17.17  	 -0.1005575614866459 
17.18  	 -0.1235815603338134 
17.19  	 -0.1448281802589541 
17.2  	 -0.1639919148081571 
17.21  	 -0.180797213072147 
17.22  	 -0.1950024421213421 
17.23  	 -0.2064033616415205 
17.24  	 -0.2148360608020945 
17.25  	 -0.2201793151231013 
17.26  	 -0.2223563294484963 
17.27  	 -0.2213358419622362 
17.28  	 -0.2171325733729659 
17.29  	 -0.2098070148107282 
17.3  	 -0.1994645574895508 
17.31  	 -0.1862539766562474 
17.32  	 -0.1703652916321589 
17.33  	 -0.1520270327272994 
17.34  	 -0.1315029543364112 
17.35  	 -0.1090882414910968 
17.36  	 -0.08510526442694692 
17.37  	 -0.05989894222463442 
17.38  	 -0.03383178220583795 
17.39  	 -0.007278666427722624 
17.4  	 0.01937853974350441 
17.41  	 0.04575647944103875 
17.42  	 0.07147581750576229 
17.43  	 0.09616669580489252 
17.44  	 0.1194740522045526 
17.45  	 0.1410627267012011 
17.46  	 0.1606222812783864 
17.47  	 0.177871464172923 
17.48  	 0.1925622543491029 
17.49  	 0.2044834280173893 
17.5  	 0.213463595908359 
17.51  	 0.2193736676245798 
17.52  	 0.2221287076331689 
17.53  	 0.2216891562114467 
17.54  	 0.2180613977915503 
17.55  	 0.2112976685357308 
17.56  	 0.2014953044773497 
17.57  	 0.1887953410466166 
17.58  	 0.1733804841284902 
17.59  	 0.1554724818387204 
17.6  	 0.1353289348227544 
17.61  	 0.113239590957209 
17.62  	 0.08952217774868766 
17.63  	 0.06451783237325402 
17.64  	 0.03858619508624528 
17.65  	 0.01210023657310307 
17.66  	 -0.01455910636210708 
17.67  	 -0.04100840961784154 
17.68  	 -0.06686727632692151 
17.69  	 -0.09176380778710749 
17.7  	 -0.1153399521061394 
17.71  	 -0.1372566536363388 
17.72  	 -0.1571987291395853 
17.73  	 -0.1748794005543292 
17.74  	 -0.1900444191757364 
17.75  	 -0.2024757219370504 
17.76  	 -0.2119945672102475 
17.77  	 -0.2184641050302749 
17.78  	 -0.221791344781917 
17.79  	 -0.221928492054619 
17.8  	 -0.2188736354437903 
17.81  	 -0.2126707734266831 
17.82  	 -0.2034091809324482 
17.83  	 -0.1912221247228815 
17.84  	 -0.1762849460661094 
17.85  	 -0.1588125382853087 
17.86  	 -0.1390562554676495 
17.87  	 -0.1173002967998034 
17.88  	 -0.09385761853792188 
17.89  	 -0.06906543241349085 
17.9  	 -0.04328035522420182 
17.91  	 -0.01687327937541303 
17.92  	 0.009775961849246267 
17.93  	 0.03628405755775485 
17.94  	 0.06226973248148111 
17.95  	 0.0873592308722667 
17.96  	 0.111191692190702 
17.97  	 0.1334243412684002 
17.98  	 0.1537374182960234 
17.99  	 0.1718387777313946 
18  	 0.1874680899844157 
18.01  	 0.2004005854491966 
18.02  	 0.2104502870365991 
18.03  	 0.2174726847176405 
18.04  	 0.2213668136140457 
18.05  	 0.2220767057512597 
18.06  	 0.2195921945980369 
18.07  	 0.2139490608257319 
18.08  	 0.2052285171957407 
18.09  	 0.1935560399888989 
18.1  	 0.1790995637893157 
18.11  	 0.1620670655919302 
18.12  	 0.1427035729863273 
18.13  	 0.1212876394527034 
18.14  	 0.09812733747020007 
18.15  	 0.07355582707289511 
18.16  	 0.04792656359480139 
18.17  	 0.02160821353446493 
18.18  	 -0.005020648332463046 
18.19  	 -0.03157698431835228 
18.2  	 -0.05767880334321039 
18.21  	 -0.08295065536324152 
18.22  	 -0.1070290316802568 
18.23  	 -0.1295675934579738 
18.24  	 -0.1502421532425567 
18.25  	 -0.1687553378377021 
18.26  	 -0.184840865468061 
18.27  	 -0.1982673757128782 
18.28  	 -0.2088417571246211 
18.29  	 -0.2164119246725396 
18.3  	 -0.2208690070646169 
18.31  	 -0.2221489124894205 
18.32  	 -0.2202332502598568 
18.33  	 -0.2151495951051712 
18.34  	 -0.2069710903124813 
18.35  	 -0.1958153954286767 
18.36  	 -0.1818429936608975 
18.37  	 -0.1652548833234205 
18.38  	 -0.1462896865381648 
18.39  	 -0.125220216777768 
18.4  	 -0.1023495546237093 
18.41  	 -0.07800668818533174 
18.42  	 -0.05254178088709437 
18.43  	 -0.02632113469091607 
18.44  	 0.0002780787990298607 
18.45  	 0.02687324356325539 
18.46  	 0.05308180269141151 
18.47  	 0.07852676104402301 
18.48  	 0.1028421079038422 
18.49  	 0.125678081620132 
18.5  	 0.1467062005220059 
18.51  	 0.1656239877389243 
18.52  	 0.1821593219692101 
18.53  	 0.1960743516176837 
18.54  	 0.2071689160038306 
18.55  	 0.2152834244319856 
18.56  	 0.2203011517128506 
18.57  	 0.2221499171191185 
18.58  	 0.220803122626311 
18.59  	 0.2162801355056128 
18.6  	 0.2086460097659356 
18.61  	 0.198010550452039 
18.62  	 0.1845267342574968 
18.63  	 0.1683885091696642 
18.64  	 0.1498280047954254 
18.65  	 0.1291121934929048 
18.66  	 0.1065390503335976 
18.67  	 0.08243326712789609 
18.68  	 0.05714158216108027 
18.69  	 0.03102779281424549 
18.7  	 0.004467522805856754 
18.71  	 -0.02215718068095561 
18.72  	 -0.0484633422733769 
18.73  	 -0.07407256704506635 
18.74  	 -0.0986164832801449 
18.75  	 -0.1217420410790489 
18.76  	 -0.1431165905936785 
18.77  	 -0.1624326668488482 
18.78  	 -0.1794124123272215 
18.79  	 -0.1938115737049914 
18.8  	 -0.2054230152506005 
18.81  	 -0.2140796983507065 
18.82  	 -0.2196570843063709 
18.83  	 -0.2220749258376681 
18.84  	 -0.221298421527241 
18.85  	 -0.2173387165963249 
18.86  	 -0.2102527428086223 
18.87  	 -0.2001423998029137 
18.88  	 -0.1871530896277119 
18.89  	 -0.1714716255543687 
18.9  	 -0.1533235452450154 
18.91  	 -0.1329698669191112 
18.92  	 -0.1107033351739634 
18.93  	 -0.08684421045513806 
18.94  	 -0.06173566273661314 
18.95  	 -0.03573883566343543 
18.96  	 -0.009227652149636469 
18.97  	 0.01741656385692924 
18.98  	 0.04381057208683471 
18.99  	 0.06957472825071916 
19  	 0.09433844464555165 
19.01  	 0.1177455205240555 
19.02  	 0.1394592655588001 
19.03  	 0.1591673427081747 
19.04  	 0.1765862608271037 
19.05  	 0.1914654524029061 
19.06  	 0.2035908777636833 
19.07  	 0.2127881039172276 
19.08  	 0.2189248137347128 
19.09  	 0.2219127093866889 
19.1  	 0.2217087826512986 
19.11  	 0.2183159338208732 
19.12  	 0.2117829303021574 
19.13  	 0.202203705502611 
19.14  	 0.1897160080839471 
19.15  	 0.1744994210077982 
19.16  	 0.1567727788627849 
19.17  	 0.136791020616905 
19.18  	 0.1148415230595906 
19.19  	 0.09123996766720367 
19.2  	 0.06632580033671498 
19.21  	 0.04045734928831589 
19.22  	 0.01400667135451967 
19.23  	 -0.01264579921980506 
19.24  	 -0.03911672250125456 
19.25  	 -0.06502536641655374 
19.26  	 -0.08999908282517444 
19.27  	 -0.1136786673537153 
19.28  	 -0.1357235259013784 
19.29  	 -0.1558165735061969 
19.3  	 -0.1736687951107977 
19.31  	 -0.1890234026290539 
19.32  	 -0.2016595285210754 
19.33  	 -0.2113954027500768 
19.34  	 -0.2180909674248946 
19.35  	 -0.2216498915194166 
19.36  	 -0.2220209566886342 
19.37  	 -0.2191987942463136 
19.38  	 -0.2132239627013269 
19.39  	 -0.2041823647342582 
19.4  	 -0.1922040119965889 
19.41  	 -0.1774611554949302 
19.42  	 -0.1601658084474891 
19.43  	 -0.1405666972379914 
19.44  	 -0.1189456843179616 
19.45  	 -0.09561371450326761 
19.46  	 -0.07090634296593347 
19.47  	 -0.04517890923881651 
19.48  	 -0.01880142664229278 
19.49  	 0.00784673936463463 
19.5  	 0.03438232737027 
19.51  	 0.06042369225937094 
19.52  	 0.08559629424503759 
19.53  	 0.1095380857365046 
19.54  	 0.1319047185650929 
19.55  	 0.1523744966740177 
19.56  	 0.1706530030383783 
19.57  	 0.1864773342668248 
19.58  	 0.1996198819787283 
19.59  	 0.2098916065690181 
19.6  	 0.2171447562734511 
19.61  	 0.2212749924249396 
19.62  	 0.2222228903319414 
19.63  	 0.219974794189986 
19.64  	 0.2145630137280085 
19.65  	 0.2060653597586674 
19.66  	 0.1946040253100756 
19.67  	 0.1803438284286033 
19.68  	 0.1634898419232675 
19.69  	 0.1442844441396379 
19.7  	 0.1230038331783624 
19.71  	 0.09995405469056623 
19.72  	 0.07546660037852281 
19.73  	 0.04989364050450179 
19.74  	 0.02360295897476268 
19.75  	 -0.003027336156426905 
19.76  	 -0.02961425068764613 
19.77  	 -0.055775412564868 
19.78  	 -0.08113457124731081 
19.79  	 -0.1053270090504148 
19.8  	 -0.128004786637549 
19.81  	 -0.1488417472172089 
19.82  	 -0.1675382074726912 
19.83  	 -0.1838252677566156 
19.84  	 -0.1974686795584147 
19.85  	 -0.2082722146202699 
19.86  	 -0.2160804872443621 
19.87  	 -0.2207811891986474 
19.88  	 -0.2223067050765457 
19.89  	 -0.2206350848764457 
19.9  	 -0.2157903598116243 
19.91  	 -0.2078421968070928 
19.92  	 -0.1969048966511552 
19.93  	 -0.1831357502093063 
19.94  	 -0.166732776340739 
19.95  	 -0.1479318740503728 
19.96  	 -0.1270034298340761 
19.97  	 -0.1042484290104506 
19.98  	 -0.07999412696648203 
19.99  	 -0.05458934257393872 
20  	 -0.02839944146757407 
20.01  	 -0.001801081336807817 
20.02  	 0.02482320519453426 
20.03  	 0.05109051218988071 
20.04  	 0.07662306739701527 
20.05  	 0.1010536654172636 
20.06  	 0.1240309489051548 
20.07  	 0.1452244618425586 
20.08  	 0.164329402209347 
20.09  	 0.181071005695964 
20.1  	 0.1952084974097353 
20.11  	 0.2065385547399854 
20.12  	 0.2148982315776942 
20.13  	 0.2201673018324054 
20.14  	 0.2222699885409632 
20.15  	 0.2211760536992939 
20.16  	 0.2169012331427642 
20.17  	 0.2095070102204052 
20.18  	 0.1990997315180062 
20.19  	 0.1858290773479918 
20.2  	 0.169885909003985 
20.21  	 0.1514995237415733 
20.22  	 0.1309343569651023 
20.23  	 0.1084861790508183 
20.24  	 0.08447784150501209 
20.25  	 0.05925463363744458 
20.26  	 0.03317931653204714 
20.27  	 0.006626905738105315 
20.28  	 -0.02002072228088497 
20.29  	 -0.0463803223687419 
20.3  	 -0.072072792577472 
20.31  	 -0.09672862647346482 
20.32  	 -0.1199932274321352 
20.33  	 -0.1415320084891238 
20.34  	 -0.1610352044004275 
20.35  	 -0.1782223267030094 
20.36  	 -0.1928461977020041 
20.37  	 -0.204696505366734 
20.38  	 -0.2136028280082908 
20.39  	 -0.219437085237304 
20.4  	 -0.2221153799520417 
20.41  	 -0.22159920486548 
20.42  	 -0.2178959962194813 
20.43  	 -0.2110590267232749 
20.44  	 -0.2011866392570076 
20.45  	 -0.1884208323625364 
20.46  	 -0.1729452178665036 
20.47  	 -0.1549823800109873 
20.48  	 -0.1347906740747674 
20.49  	 -0.1126605105297002 
20.5  	 -0.0889101781759021 
20.51  	 -0.06388126632998925 
20.52  	 -0.03793375190714077 
20.53  	 -0.01144082205731247 
20.54  	 0.01521649318079172 
20.55  	 0.04165480101208092 
20.56  	 0.06749385998583386 
20.57  	 0.0923620487584888 
20.58  	 0.1159017108643064 
20.59  	 0.137774298623191 
20.6  	 0.1576652422039961 
20.61  	 0.1752884738147174 
20.62  	 0.1903905419512432 
20.63  	 0.2027542565324325 
20.64  	 0.212201812496438 
20.65  	 0.2185973469343277 
20.66  	 0.2218488929843133 
20.67  	 0.2219097023860694 
20.68  	 0.2187789176749587 
20.69  	 0.212501584349843 
20.7  	 0.2031680028410485 
20.71  	 0.1909124296004108 
20.72  	 0.1759111459966036 
20.73  	 0.1583799227914986 
20.74  	 0.1385709166663491 
20.75  	 0.1167690434351056 
20.76  	 0.09328788010867149 
20.77  	 0.06846515475014466 
20.78  	 0.04265788898960451 
20.79  	 0.01623726306253069 
20.8  	 -0.01041672277337301 
20.81  	 -0.03692071365971834 
20.82  	 -0.06289351378999718 
20.83  	 -0.08796156899230828 
20.84  	 -0.111764339388415 
20.85  	 -0.1339594848564605 
20.86  	 -0.1542277887172059 
20.87  	 -0.1722777488288521 
20.88  	 -0.1878497700592002 
20.89  	 -0.2007198978372965 
20.9  	 -0.2107030390873312 
20.91  	 -0.2176556242204842 
20.92  	 -0.2214776718995842 
20.93  	 -0.2221142268812557 
20.94  	 -0.2195561502571127 
20.95  	 -0.2138402507298443 
20.96  	 -0.2050487550377496 
20.97  	 -0.1933081251461113 
20.98  	 -0.1787872392190357 
20.99  	 -0.1616949625359109 
21  	 -0.1422771432908288 
21.01  	 -0.1208130764849906 
21.02  	 -0.09761148677229302 
21.03  	 -0.07300608803695667 
21.04  	 -0.04735078356968461 
21.05  	 -0.02101457587788906 
21.06  	 0.005623740658358942 
21.07  	 0.03218102794987332 
21.08  	 0.05827531482138724 
21.09  	 0.08353129083588949 
21.1  	 0.1075857043038415 
21.11  	 0.1300925868390931 
21.12  	 0.1507282293182024 
21.13  	 0.1691958376755176 
21.14  	 0.1852298015713635 
21.15  	 0.1985995145387618 
21.16  	 0.2091126906652176 
21.17  	 0.2166181301074321 
21.18  	 0.2210078936642138 
21.19  	 0.2222188551323247 
21.2  	 0.2202336091192804 
21.21  	 0.2150807212574987 
21.22  	 0.2068343172223296 
21.23  	 0.1956130164663662 
21.24  	 0.1815782260072546 
21.25  	 0.1649318188104271 
21.26  	 0.1459132301594114 
21.27  	 0.1247960137772951 
21.28  	 0.1018839072331727 
21.29  	 0.07750646322519222 
21.3  	 0.05201430957566608 
21.31  	 0.02577410611378621 
21.32  	 -0.0008367290189931834 
21.33  	 -0.02743544778959089 
21.34  	 -0.05363947734334203 
21.35  	 -0.07907192254451111 
21.36  	 -0.1033669868448254 
21.37  	 -0.1261752335123618 
21.38  	 -0.1471686115492958 
21.39  	 -0.1660451740115663 
21.4  	 -0.1825334208677438 
21.41  	 -0.1963962039346719 
21.42  	 -0.2074341377261254 
21.43  	 -0.2154884671571791 
21.44  	 -0.2204433508590186 
21.45  	 -0.2222275272641719 
21.46  	 -0.2208153394997153 
21.47  	 -0.2162271043482256 
21.48  	 -0.20852881997046 
21.49  	 -0.1978312165942697 
21.5  	 -0.1842881638242921 
21.51  	 -0.168094457480609 
21.52  	 -0.1494830177987061 
21.53  	 -0.1287215392893725 
21.54  	 -0.1061086404438637 
21.55  	 -0.08196956866329023 
21.56  	 -0.05665152218831848 
21.57  	 -0.03051865631387208 
21.58  	 -0.003946845714377062 
21.59  	 0.02268172178711534 
21.6  	 0.04898404224831215 
21.61  	 0.07458180437205071 
21.62  	 0.09910683077340138 
21.63  	 0.122206373488089 
21.64  	 0.1435481875572927 
21.65  	 0.1628253097158235 
21.66  	 0.1797604734521797 
21.67  	 0.1941100969390364 
21.68  	 0.2056677864761123 
21.69  	 0.2142673050557161 
21.7  	 0.2197849633543814 
21.71  	 0.2221413987612003 
21.72  	 0.2213027168552907 
21.73  	 0.2172809789146666 
21.74  	 0.2101340284447593 
21.75  	 0.1999646592216566 
21.76  	 0.1869191368160587 
21.77  	 0.1711850948627781 
21.78  	 0.1529888363335871 
21.79  	 0.1325920786289965 
21.8  	 0.1102881893040524 
21.81  	 0.08639796656940232 
21.82  	 0.06126502525634092 
21.83  	 0.03525085460912782 
21.84  	 0.008729618987954033 
21.85  	 -0.017917223736361 
21.86  	 -0.04430640869272384 
21.87  	 -0.07005837651309831 
21.88  	 -0.09480273254286384 
21.89  	 -0.1181835742387368 
21.9  	 -0.1398646101306107 
21.91  	 -0.1595339967215596 
21.92  	 -0.1769088237570883 
21.93  	 -0.1917391833521544 
21.94  	 -0.2038117644497869 
21.95  	 -0.2129529209122064 
21.96  	 -0.2190311691160113 
21.97  	 -0.2219590791283536 
21.98  	 -0.2216945322630615 
21.99  	 -0.2182413269289394 
22  	 -0.2116491240558969 
22.01  	 -0.2020127328833326 
22.02  	 -0.1894707473826831 
22.03  	 -0.1742035529258048 
22.04  	 -0.1564307318685446 
22.05  	 -0.1364079053641987 
22.06  	 -0.1144230568302188 
22.07  	 -0.09079238994686815 
22.08  	 -0.06585578076133468 
22.09  	 -0.03997188930877818 
22.1  	 -0.01351300105895827 
22.11  	 0.01314032761697292 
22.12  	 0.03960474294612135 
22.13  	 0.0654996074954123 
22.14  	 0.09045247485167128 
22.15  	 0.1141044464985813 
22.16  	 0.1361153338431494 
22.17  	 0.1561685511467535 
22.18  	 0.1739756689861282 
22.19  	 0.1892805627521328 
22.2  	 0.2018630965185845 
22.21  	 0.2115422892960855 
22.22  	 0.2181789181304882 
22.23  	 0.2216775206053685 
22.24  	 0.2219877679461105 
22.25  	 0.2191051889757016 
22.26  	 0.2130712345089042 
22.27  	 0.2039726812578143 
22.28  	 0.1919403838215034 
22.29  	 0.1771473927088331 
22.3  	 0.1598064654617785 
22.31  	 0.1401670066755397 
22.32  	 0.118511480925828 
22.33  	 0.09515135019483062 
22.34  	 0.07042259422645308 
22.35  	 0.04468087824014498 
22.36  	 0.01829643750465193 
22.37  	 -0.008351247654542791 
22.38  	 -0.03487890982609624 
22.39  	 -0.06090500696133119 
22.4  	 -0.08605521001611041 
22.41  	 -0.1099677868584637 
22.42  	 -0.1322988050062718 
22.43  	 -0.1527270783649527 
22.44  	 -0.1709587868170037 
22.45  	 -0.18673170222047 
22.46  	 -0.1998189600342677 
22.47  	 -0.2100323223233618 
22.48  	 -0.217224885212104 
22.49  	 -0.2212931918443508 
22.5  	 -0.2221787204593903 
22.51  	 -0.219868726180229 
22.52  	 -0.2143964244061578 
22.53  	 -0.2058405131710463 
22.54  	 -0.1943240413362954 
22.55  	 -0.180012638896081 
22.56  	 -0.1631121348471077 
22.57  	 -0.1438655968836235 
22.58  	 -0.1225498354942104 
22.59  	 -0.09947142274028239 
22.6  	 -0.07496228297647567 
22.61  	 -0.049374918929818 
22.62  	 -0.02307734179916767 
22.63  	 0.003552221706523667 
22.64  	 0.03013076926426649 
22.65  	 0.05627603152715716 
22.66  	 0.08161197018023179 
22.67  	 0.1057741863851434 
22.68  	 0.1284151618255266 
22.69  	 0.1492092569724933 
22.7  	 0.1678573946814564 
22.71  	 0.1840913617571974 
22.72  	 0.1976776666186736 
22.73  	 0.2084208975794874 
22.74  	 0.2161665334423766 
22.75  	 0.2208031659832437 
22.76  	 0.2222641023588114 
22.77  	 0.2205283243903313 
22.78  	 0.2156207909256012 
22.79  	 0.2076120789298312 
22.8  	 0.1966173684667509 
22.81  	 0.1827947861679696 
22.82  	 0.1663431310152726 
22.83  	 0.1474990151445521 
22.84  	 0.1265334607936488 
22.85  	 0.1037480023385234 
22.86  	 0.07947034948036451 
22.87  	 0.05404967395810789 
22.88  	 0.02785158757559838 
22.89  	 0.001252883772396574 
22.9  	 -0.02536388163184121 
22.91  	 -0.05161589257631326 
22.92  	 -0.07712557864611774 
22.93  	 -0.1015260455181944 
22.94  	 -0.1244663518619535 
22.95  	 -0.1456165567987193 
22.96  	 -0.1646724653240406 
22.97  	 -0.1813600034409681 
22.98  	 -0.1954391600780971 
22.99  	 -0.2067074390969167 
23  	 -0.2150027717391913 
23.01  	 -0.2202058476253699 
23.02  	 -0.2222418307777744 
23.03  	 -0.22108143598727 
23.04  	 -0.2167413500420629 
23.05  	 -0.2092839917598773 
23.06  	 -0.1988166142745167 
23.07  	 -0.1854897624879383 
23.08  	 -0.1694951078733983 
23.09  	 -0.151062691770572 
23.1  	 -0.1304576168210161 
23.11  	 -0.1079762341295513 
23.12  	 -0.08394188098996117 
23.13  	 -0.05870023047748804 
23.14  	 -0.03261431979301366 
23.15  	 -0.006059328864230898 
23.16  	 0.02058281569889985 
23.17  	 0.04692893368522719 
23.18  	 0.07260010239517171 
23.19  	 0.09722710652096392 
23.2  	 0.1204557484108104 
23.21  	 0.1419519423414694 
23.22  	 0.1614065195302288 
23.23  	 0.1785396747775917 
23.24  	 0.1931049907862596 
23.25  	 0.204892982276115 
23.26  	 0.2137341089214999 
23.27  	 0.2195012137768081 
23.28  	 0.2221113521194007 
23.29  	 0.2215269844062518 
23.3  	 0.2177565161864488 
23.31  	 0.2108541772041669 
23.32  	 0.2009192414309182 
23.33  	 0.1880945992450475 
23.34  	 0.1725647022942798 
23.35  	 0.1545529105995935 
23.36  	 0.1343182800560377 
23.37  	 0.1121518365346796 
23.38  	 0.08837239017389481 
23.39  	 0.06332195006149957 
23.4  	 0.03736080525665404 
23.41  	 0.0108623428993744 
23.42  	 -0.01579232206314174 
23.43  	 -0.04221982829473282 
23.44  	 -0.06804008179584756 
23.45  	 -0.09288172263463595 
23.46  	 -0.1163874660576332 
23.47  	 -0.1382192411608794 
23.48  	 -0.1580630532139472 
23.49  	 -0.1756334997039644 
23.5  	 -0.1906778751471556 
23.51  	 -0.2029798056300496 
23.52  	 -0.2123623608062465 
23.53  	 -0.2186905985902194 
23.54  	 -0.2218735059489565 
23.55  	 -0.2218653078779706 
23.56  	 -0.2186661257353917 
23.57  	 -0.212321975465819 
23.58  	 -0.2029241057397439 
23.59  	 -0.1906076855281214 
23.6  	 -0.1755498599885101 
23.61  	 -0.1579672026245507 
23.62  	 -0.1381126003637332 
23.63  	 -0.1162716163545321 
23.64  	 -0.09275838279575352 
23.65  	 -0.06791108287030319 
23.66  	 -0.04208708676533379 
23.67  	 -0.01565781173585937 
23.68  	 0.01099661986211322 
23.69  	 0.03749284773718165 
23.7  	 0.06344978739446143 
23.71  	 0.08849411113168916 
23.72  	 0.1122656174682532 
23.73  	 0.1344224117805564 
23.74  	 0.1546458236325082 
23.75  	 0.1726449900770047 
23.76  	 0.1881610390085185 
23.77  	 0.2009708123992844 
23.78  	 0.2108900758693019 
23.79  	 0.2177761684282933 
23.8  	 0.2215300542796063 
23.81  	 0.2220977471760193 
23.82  	 0.2194710868418043 
23.83  	 0.213687856294441 
23.84  	 0.204831238379007 
23.85  	 0.1930286193321678 
23.86  	 0.1784497565841518 
23.87  	 0.1613043371510505 
23.88  	 0.1418389617347195 
23.89  	 0.1203335979074055 
23.9  	 0.09709755339418906 
23.91  	 0.07246502736859051 
23.92  	 0.04679030374596128 
23.93  	 0.02044265560828281 
23.94  	 -0.006198965951334082 
23.95  	 -0.03275138217557173 
23.96  	 -0.05883269779046768 
23.97  	 -0.08406779368840085 
23.98  	 -0.1080937221469019 
23.99  	 -0.1305649269855316 
24  	 -0.1511582135809786 
24.01  	 -0.1695773972582883 
24.02  	 -0.1855575632019943 
24.03  	 -0.1988688766183622 
24.04  	 -0.2093198883485952 
24.05  	 -0.2167602883896675 
24.06  	 -0.2210830677200633 
24.07  	 -0.2222260573379059 
24.08  	 -0.2201728223763523 
24.09  	 -0.2149528984368877 
24.1  	 -0.2066413667418506 
24.11  	 -0.195357774217105 
24.12  	 -0.1812644140374536 
24.13  	 -0.1645639913656712 
24.14  	 -0.1454967078586061 
24.15  	 -0.1243368068735 
24.16  	 -0.1013886290642492 
24.17  	 -0.07698223509923369 
24.18  	 -0.05146865845828121 
24.19  	 -0.02521485658677319 
24.2  	 0.001401566976691991 
24.21  	 0.0279977935886739 
24.22  	 0.05419129549271292 
24.23  	 0.07960533762329733 
24.24  	 0.103874396090946 
24.25  	 0.1266494154157729 
24.26  	 0.1476028288961784 
24.27  	 0.1664332699061184 
24.28  	 0.1828699063597329 
24.29  	 0.1966763360020362 
24.3  	 0.2076539865009306 
24.31  	 0.2156449714381473 
24.32  	 0.2205343611224123 
24.33  	 0.2222518355646162 
24.34  	 0.2207726958409954 
24.35  	 0.2161182192984833 
24.36  	 0.2083553534937553 
24.37  	 0.1975957532683217 
24.38  	 0.1839941748095309 
24.39  	 0.1677462497956574 
24.4  	 0.1490856716393313 
24.41  	 0.1282808342992034 
24.42  	 0.1056309720032999 
24.43  	 0.08146185540576353 
24.44  	 0.0561211060783718 
24.45  	 0.02997319672759336 
24.46  	 0.003394209048053352 
24.47  	 -0.02323357539089264 
24.48  	 -0.04952717342735919 
24.49  	 -0.07510840867732566 
24.5  	 -0.09960935076757632 
24.51  	 -0.1226776071999539 
24.52  	 -0.1439813917352905 
24.53  	 -0.1632142963996718 
24.54  	 -0.180099698478444 
24.55  	 -0.1943947391132825 
24.56  	 -0.2058938162791961 
24.57  	 -0.2144315419029167 
24.58  	 -0.2198851205912718 
24.59  	 -0.2221761157570007 
24.6  	 -0.2212715777404048 
24.61  	 -0.2171845177014985 
24.62  	 -0.2099737204669652 
24.63  	 -0.1997428990238855 
24.64  	 -0.1866392028211502 
24.65  	 -0.1708511013335043 
24.66  	 -0.1526056733286188 
24.67  	 -0.1321653408252216 
24.68  	 -0.1098240947171898 
24.69  	 -0.08590326634975375 
24.7  	 -0.06074690586441911 
24.71  	 -0.03471683378495932 
24.72  	 -0.008187437016519829 
24.73  	 0.01845971589408764 
24.74  	 0.04484136278930891 
24.75  	 0.07057806028979421 
24.76  	 0.09529964125784832 
24.77  	 0.1186505388418557 
24.78  	 0.1402949005270984 
24.79  	 0.1599214186386843 
24.8  	 0.1772478078205166 
24.81  	 0.1920248650917088 
24.82  	 0.2040400540855485 
24.83  	 0.2131205619196962 
24.84  	 0.2191357847313353 
24.85  	 0.2219992061283788 
24.86  	 0.22166964153939 
24.87  	 0.2181518305650176 
24.88  	 0.2114963688112916 
24.89  	 0.2017989801852141 
24.9  	 0.1891991401190614 
24.91  	 0.173878069525263 
24.92  	 0.1560561283343628 
24.93  	 0.1359896461042321 
24.94  	 0.1139672352851811 
24.95  	 0.09030564016646299 
24.96  	 0.06534518120785549 
24.97  	 0.03944486027949276 
24.98  	 0.01297719721020449 
24.99  	 -0.01367712809084839 
25  	 -0.04013475087805173 
25.01  	 -0.06601513542949365 
25.02  	 -0.09094604821874609 
25.03  	 -0.1145689116788263 
25.04  	 -0.1365439615563006 
25.05  	 -0.1565551336784052 
25.06  	 -0.17431460984784 
25.07  	 -0.1895669574825758 
25.08  	 -0.2020928034610786 
25.09  	 -0.2117119893327657 
25.1  	 -0.2182861625129064 
25.11  	 -0.2217207661932809 
25.12  	 -0.2219663993480396 
25.13  	 -0.2190195272739743 
25.14  	 -0.2129225324455282 
25.15  	 -0.2037631049529656 
25.16  	 -0.1916729812907492 
25.17  	 -0.1768260496356996 
25.18  	 -0.1594358488661458 
25.19  	 -0.1397524972929634 
25.2  	 -0.1180590952757238 
25.21  	 -0.09466765346417369 
25.22  	 -0.06991460522809466 
25.23  	 -0.04415596781912512 
25.24  	 -0.01776222186034515 
25.25  	 0.008887017189334073 
25.26  	 0.03540845895694228 
25.27  	 0.06142065093463581 
25.28  	 0.08654946482729622 
25.29  	 0.1104334775596816 
25.3  	 0.1327291695493379 
25.31  	 0.1531158654796824 
25.32  	 0.1713003465112093 
25.33  	 0.1870210675943791 
25.34  	 0.2000519192274596 
25.35  	 0.2102054795547109 
25.36  	 0.217335710030603 
25.37  	 0.2213400558787953 
25.38  	 0.2221609211352893 
25.39  	 0.219786497060357 
25.4  	 0.2142509320041835 
25.41  	 0.2056338402828632 
25.42  	 0.1940591571282403 
25.43  	 0.1796933561803438 
25.44  	 0.1627430551595619 
25.45  	 0.1434520441553648 
25.46  	 0.1220977792727587 
25.47  	 0.09898739206728695 
25.48  	 0.07445327216370395 
25.49  	 0.04884828659225321 
25.5  	 0.02254070460149721 
25.51  	 -0.004091099057275609 
25.52  	 -0.03066408619283478 
25.53  	 -0.05679606431223595 
25.54  	 -0.08211118359799507 
25.55  	 -0.1062453426625957 
25.56  	 -0.1288514253307257 
25.57  	 -0.1496042931298999 
25.58  	 -0.1682054616836866 
25.59  	 -0.1843873937480796 
25.6  	 -0.1979173471452596 
25.61  	 -0.208600722250764 
25.62  	 -0.2162838608878591 
25.63  	 -0.220856256373161 
25.64  	 -0.2222521429267922 
25.65  	 -0.220451441586791 
25.66  	 -0.2154800490227087 
25.67  	 -0.207409465094232 
25.68  	 -0.1963557645113215 
25.69  	 -0.1824779273859689 
25.7  	 -0.1659755526865706 
25.71  	 -0.1470859874814671 
25.72  	 -0.126080913260753 
25.73  	 -0.1032624384341726 
25.74  	 -0.07895875320546189 
25.75  	 -0.05351940931773773 
25.76  	 -0.02731029255992795 
25.77  	 -0.0007083603431893605 
25.78  	 0.02590377996478451 
25.79  	 0.05214337396930788 
25.8  	 0.07763302529502437 
25.81  	 0.1020061235714638 
25.82  	 0.1249121172886142 
25.83  	 0.1460215556844592 
25.84  	 0.1650308271483611 
25.85  	 0.1816665259890758 
25.86  	 0.195689384761298 
25.87  	 0.2068977155930688 
25.88  	 0.2151303110182634 
25.89  	 0.2202687625921525 
25.9  	 0.2222391639418835 
25.91  	 0.2210131737572141 
25.92  	 0.216608423432627 
25.93  	 0.2090882634976419 
25.94  	 0.1985608524821616 
25.95  	 0.1851776013212592 
25.96  	 0.1691309956729092 
25.97  	 0.1506518274694708 
25.98  	 0.1300058755205598 
25.99  	 0.1074900829090911 
26  	 0.08342828615976251 
26.01  	 0.05816655760599133 
26.02  	 0.0320682279445815 
26.03  	 0.005508660567182549 
26.04  	 -0.02113014717226325 
26.05  	 -0.04746505810574378 
26.06  	 -0.07311730579437781 
26.07  	 -0.09771794221008191 
26.08  	 -0.1209131442032968 
26.09  	 -0.142369302435391 
26.1  	 -0.1617778195830933 
26.11  	 -0.1788595488037494 
26.12  	 -0.1933688086242083 
26.13  	 -0.2050969165083104 
26.14  	 -0.2138751902806439 
26.15  	 -0.2195773742378958 
26.16  	 -0.2221214550536668 
26.17  	 -0.2214708413590349 
26.18  	 -0.2176348900332161 
26.19  	 -0.2106687716347406 
26.2  	 -0.2006726769085126 
26.21  	 -0.1877903757812329 
26.22  	 -0.1722071495706313 
26.23  	 -0.1541471261488423 
26.24  	 -0.1338700563873927 
26.25  	 -0.1116675782471565 
26.26  	 -0.08785902224568813 
26.27  	 -0.06278681863058269 
26.28  	 -0.03681157231606402 
26.29  	 -0.01030687641846796 
26.3  	 0.01634606101404911 
26.31  	 0.04276389979546945 
26.32  	 0.06856668106218082 
26.33  	 0.09338329210112145 
26.34  	 0.1168568039468291 
26.35  	 0.1386496049783423 
26.36  	 0.1584482566809714 
26.37  	 0.1759680017339729 
26.38  	 0.1909568595856494 
26.39  	 0.2031992506104426 
26.4  	 0.2125190967228471 
26.41  	 0.2187823538529373 
26.42  	 0.2218989398596669 
26.43  	 0.2218240301533314 
26.44  	 0.2185587023926437 
26.45  	 0.2121499209839304 
26.46  	 0.2026898616053916 
26.47  	 0.1903145854715892 
26.48  	 0.1752020824058194 
26.49  	 0.1575697108662783 
26.5  	 0.1376710717453598 
26.51  	 0.1157923609052997 
26.52  	 0.09224825291056069 
26.53  	 0.06737737516000707 
26.54  	 0.04153743751307946 
26.55  	 0.01510008745910248 
26.56  	 -0.01155443517371017 
26.57  	 -0.03804276708982991 
26.58  	 -0.06398393532142406 
26.59  	 -0.08900483664354242 
26.6  	 -0.1127456038006973 
26.61  	 -0.1348647813640171 
26.62  	 -0.1550442367761835 
26.63  	 -0.1729937359500845 
26.64  	 -0.1884551176117416 
26.65  	 -0.2012060063492196 
26.66  	 -0.2110630109638847 
26.67  	 -0.2178843621231268 
26.68  	 -0.2215719513780268 
26.69  	 -0.2220727422194451 
26.7  	 -0.2193795328777951 
26.71  	 -0.2135310598954522 
26.72  	 -0.2046114409822168 
26.73  	 -0.1927489651671558 
26.74  	 -0.1781142476477861 
26.75  	 -0.1609177758749375 
26.76  	 -0.141406882167308 
26.77  	 -0.1198621863977783 
26.78  	 -0.0965935599153508 
26.79  	 -0.07193566875250149 
26.8  	 -0.04624316021874292 
26.81  	 -0.01988556211026238 
26.82  	 0.006758032101149544 
26.83  	 0.033304415658475 
26.84  	 0.05937178006899002 
26.85  	 0.08458520654191187 
26.86  	 0.1085820583324267 
26.87  	 0.1310171964355961 
26.88  	 0.1515679436143597 
26.89  	 0.1699387253654965 
26.9  	 0.185865321073929 
26.91  	 0.1991186642123087 
26.92  	 0.2095081369287848 
26.93  	 0.2168843116379336 
26.94  	 0.2211411001834296 
26.95  	 0.2222172796617705 
26.96  	 0.2200973729616782 
26.97  	 0.2148118713547443 
26.98  	 0.2064367959359776 
26.99  	 0.1950926042220466 
27  	 0.1809424576334216 
27.01  	 0.1641898747788429 
27.02  	 0.1450758042943702 
27.03  	 0.1238751593376452 
27.04  	 0.1008928635808562 
27.05  	 0.07645946557186011 
27.06  	 0.0509263845409498 
27.07  	 0.02466085603155849 
27.08  	 -0.001959349949469502 
27.09  	 -0.02855136229463609 
27.1  	 -0.05473271552501126 
27.11  	 -0.08012685068415873 
27.12  	 -0.1043685312789444 
27.13  	 -0.1271090963712757 
27.14  	 -0.1480214752670454 
27.15  	 -0.1668048916774451 
27.16  	 -0.18318918969406 
27.17  	 -0.1969387193585125 
27.18  	 -0.2078557259416621 
27.19  	 -0.2157831941853884 
27.2  	 -0.2206071065991108 
27.21  	 -0.2222580833306978 
27.22  	 -0.2207123800260668 
27.23  	 -0.2159922293256529 
27.24  	 -0.2081655210862178 
27.25  	 -0.1973448259274031 
27.26  	 -0.183685776147212 
27.27  	 -0.1673848272933889 
27.28  	 -0.1486764325855207 
27.29  	 -0.1278296708274852 
27.3  	 -0.1051443763101675 
27.31  	 -0.08094682636709551 
27.32  	 -0.05558504860779688 
27.33  	 -0.0294238153237402 
27.34  	 -0.002839397061028648 
27.35  	 0.02378584918215878 
27.36  	 0.05006897929684616 
27.37  	 0.07563196984769251 
27.38  	 0.1001071550835853 
27.39  	 0.1231425149753367 
27.4  	 0.1444067382240714 
27.41  	 0.1635939874204428 
27.42  	 0.1804282978187069 
27.43  	 0.1946675464593149 
27.44  	 0.2061069345532548 
27.45  	 0.2145819330420056 
27.46  	 0.2199706489679791 
27.47  	 0.2221955786206551 
27.48  	 0.2212247222434644 
27.49  	 0.2170720442689788 
27.5  	 0.209797272463062 
27.51  	 0.1995050388669319 
27.52  	 0.1863433748928347 
27.53  	 0.1705015822180614 
27.54  	 0.1522075100997684 
27.55  	 0.1317242782703492 
27.56  	 0.1093464925471689 
27.57  	 0.08539600758662631 
27.58  	 0.06021729772580177 
27.59  	 0.03417250249171991 
27.6  	 0.007636218037416775 
27.61  	 -0.01900989058173757 
27.62  	 -0.04538257880121001 
27.63  	 -0.0711025346574399 
27.64  	 -0.09579983433568598 
27.65  	 -0.1191192626898594 
27.66  	 -0.1407254222106975 
27.67  	 -0.1603075569613329 
27.68  	 -0.1775840220988668 
27.69  	 -0.1923063346980075 
27.7  	 -0.2042627476148619 
27.71  	 -0.2132812949889636 
27.72  	 -0.2192322655809127 
27.73  	 -0.2220300683722982 
27.74  	 -0.2216344635955122 
27.75  	 -0.2180511414879195 
27.76  	 -0.2113316404463619 
27.77  	 -0.2015726057592097 
27.78  	 -0.1889143995774744 
27.79  	 -0.1735390821174553 
27.8  	 -0.1556677931308078 
27.81  	 -0.1355575713037144 
27.82  	 -0.1134976573309593 
27.83  	 -0.08980533383687589 
27.84  	 -0.06482136197654181 
27.85  	 -0.0389050803514412 
27.86  	 -0.01242923673065059 
27.87  	 0.01422537308840691 
27.88  	 0.04067538217173684 
27.89  	 0.06654036632033986 
27.9  	 0.09144831561696351 
27.91  	 0.1150409849521829 
27.92  	 0.1369790465745654 
27.93  	 0.156946970557113 
27.94  	 0.1746575629854892 
27.95  	 0.1898560965964351 
27.96  	 0.2023239744564686 
27.97  	 0.2118818739871194 
27.98  	 0.2183923261169955 
27.99  	 0.2217616924654056 
28  	 0.2219415121202134 
28.01  	 0.2189291986395677 
28.02  	 0.2127680772527143 
28.03  	 0.2035467617248375 
28.04  	 0.1913978798483276 
28.05  	 0.1764961658914004 
28.06  	 0.1590559474398923 
28.07  	 0.1393280627783315 
28.08  	 0.1175962531468019 
28.09  	 0.09417308176283294 
28.1  	 0.06939543830397411 
28.11  	 0.0436196935089172 
28.12  	 0.01721657358729063 
28.13  	 -0.00943417184183297 
28.14  	 -0.0359492315930489 
28.15  	 -0.0619472459830691 
28.16  	 -0.08705429183146128 
28.17  	 -0.1109092605043216 
28.18  	 -0.1331690516498575 
28.19  	 -0.1535135079257104 
28.2  	 -0.171650019743096 
28.21  	 -0.1873177337988963 
28.22  	 -0.200291304865456 
28.23  	 -0.2103841368770344 
28.24  	 -0.2174510666971774 
28.25  	 -0.2213904519670493 
28.26  	 -0.2221456330057079 
28.27  	 -0.2197057477361555 
28.28  	 -0.2141058879162584 
28.29  	 -0.2054265944274672 
28.3  	 -0.1937926988804295 
28.31  	 -0.1793715281983401 
28.32  	 -0.1623704980010009 
28.33  	 -0.1430341294032814 
28.34  	 -0.1216405321345553 
28.35  	 -0.09849740456145331 
28.36  	 -0.07393760814453189 
28.37  	 -0.04831437998026392 
28.38  	 -0.02199625228508558 
28.39  	 0.004638248106786213 
28.4  	 0.03120604399604339 
28.41  	 0.05732501751823013 
28.42  	 0.08261950604637153 
28.43  	 0.1067257052501568 
28.44  	 0.1292969016008847 
28.45  	 0.1500084590644085 
28.46  	 0.1685624882597662 
28.47  	 0.1846921309281825 
28.48  	 0.1981653980900219 
28.49  	 0.2087885066864485 
28.5  	 0.2164086667157125 
28.51  	 0.2209162787773657 
28.52  	 0.2222465104176562 
28.53  	 0.2203802286038837 
28.54  	 0.2153442749161268 
28.55  	 0.2072110794982701 
28.56  	 0.1960976193207107 
28.57  	 0.1821637357377133 
28.58  	 0.1656098355374813 
28.59  	 0.1466740085500707 
28.6  	 0.1256286032697711 
28.61  	 0.1027763097438149 
28.62  	 0.07844580606613596 
28.63  	 0.05298703109145569 
28.64  	 0.02676615136095296 
28.65  	 0.0001602946288529299 
28.66  	 -0.02644787426380834 
28.67  	 -0.05267565715450181 
28.68  	 -0.07814582680443055 
28.69  	 -0.1024920524575775 
28.7  	 -0.1253641686792077 
28.71  	 -0.1464332116935198 
28.72  	 -0.1653961507841324 
28.73  	 -0.1819802467069148 
28.74  	 -0.1959469744292472 
28.75  	 -0.2070954537759652 
28.76  	 -0.215265338639885 
28.77  	 -0.2203391232021227 
28.78  	 -0.2222438319924046 
28.79  	 -0.2209520694816307 
28.8  	 -0.216482414110622 
28.81  	 -0.2088991510877807 
28.82  	 -0.1983113477986983 
28.83  	 -0.1848712851257816 
28.84  	 -0.168772267239739 
28.85  	 -0.150245841364043 
28.86  	 -0.1295584674996841 
28.87  	 -0.1070076860086072 
28.88  	 -0.08291783817638801 
28.89  	 -0.05763540130408697 
28.9  	 -0.0315240054233481 
28.91  	 -0.004959203307938104 
28.92  	 0.0216769309968008 
28.93  	 0.04800129743872667 
28.94  	 0.07363527998102122 
28.95  	 0.09821019213252341 
28.96  	 0.1213725796646976 
28.97  	 0.1427893042477004 
28.98  	 0.1621523348889863 
28.99  	 0.1791831782604815 
29  	 0.1936368841941185 
29.01  	 0.2053055687357569 
29.02  	 0.2140214040863355 
29.03  	 0.2196590324267143 
29.04  	 0.2221373689087818 
29.05  	 0.2214207678808593 
29.06  	 0.2175195355738514 
29.07  	 0.2104897818742732 
29.08  	 0.2004326133160108 
29.09  	 0.1874926788977442 
29.1  	 0.1718560896410905 
29.11  	 0.1537477418118434 
29.12  	 0.1334280823036348 
29.13  	 0.1111893627065706 
29.14  	 0.08735143593749785 
29.15  	 0.06225715588777558 
29.16  	 0.03626744625411168 
29.17  	 0.009756109476081961 
29.18  	 -0.01689554955807503 
29.19  	 -0.04330420771165358 
29.2  	 -0.06909003682794676 
29.21  	 -0.0938821666917532 
29.22  	 -0.1173240191516672 
29.23  	 -0.1390784366839487 
29.24  	 -0.1588325316352582 
29.25  	 -0.1763021863989324 
29.26  	 -0.1912361398000052 
29.27  	 -0.2034196009156152 
29.28  	 -0.2126773383542072 
29.29  	 -0.218876200561263 
29.3  	 -0.2219270309026818 
29.31  	 -0.2217859499816754 
29.32  	 -0.2184549867459445 
29.33  	 -0.2119820493080742 
29.34  	 -0.2024602358988024 
29.35  	 -0.1900264958635061 
29.36  	 -0.174859659960393 
29.37  	 -0.1571778682900492 
29.38  	 -0.137235432849692 
29.39  	 -0.1153191798371156 
29.4  	 -0.0917443243119328 
29.41  	 -0.06684993654769231 
29.42  	 -0.04099406528105033 
29.43  	 -0.01454858799892894 
29.44  	 0.01210613766946656 
29.45  	 0.0385867445282445 
29.46  	 0.06451236967628374 
29.47  	 0.08951013235022588 
29.48  	 0.1132204969627206 
29.49  	 0.135302444200845 
29.5  	 0.1554383758102345 
29.51  	 0.1733386825207846 
29.52  	 0.1887459094147241 
29.53  	 0.2014384588277334 
29.54  	 0.2112337775253145 
29.55  	 0.2179909823141429 
29.56  	 0.2216128863249666 
29.57  	 0.2220473968235896 
29.58  	 0.2192882644456142 
29.59  	 0.2133751730789071 
29.6  	 0.2043931691010361 
29.61  	 0.1924714381807947 
29.62  	 0.177781447236739 
29.63  	 0.1605344782764289 
29.64  	 0.1409785895864769 
29.65  	 0.1193950479797612 
29.66  	 0.09609428341379848 
29.67  	 0.07141142416387089 
29.68  	 0.04570147676727014 
29.69  	 0.01933422006417506 
29.7  	 -0.007311113227250383 
29.71  	 -0.03385129090811725 
29.72  	 -0.05990459321935654 
29.73  	 -0.08509630300913461 
29.74  	 -0.1090640951835958 
29.75  	 -0.1314632479259689 
29.76  	 -0.1519716007325324 
29.77  	 -0.1702941879553959 
29.78  	 -0.1861674812091533 
29.79  	 -0.1993631796240651 
29.8  	 -0.2096914934316265 
29.81  	 -0.2170038736556399 
29.82  	 -0.2211951486484195 
29.83  	 -0.2222050367429404 
29.84  	 -0.2200190132648961 
29.85  	 -0.2146685194346903 
29.86  	 -0.2062305101548034 
29.87  	 -0.194826347186605 
29.88  	 -0.1806200536357625 
29.89  	 -0.1638159548515174 
29.9  	 -0.1446557396701429 
29.91  	 -0.1234149842699198 
29.92  	 -0.1003991886340784 
29.93  	 -0.07593938262817881 
29.94  	 -0.05038736488851404 
29.95  	 -0.0241106429992973 
29.96  	 0.002512852267326501 
29.97  	 0.02910020262481569 
29.98  	 0.05526900967952093 
29.99  	 0.08064289486021248 
30  	 0.1048569127658821 
30.01  	 0.1275628000731408 
30.02  	 0.1484339845096358 
30.03  	 0.167170281850819 
30.04  	 0.1835022133844738 
30.05  	 0.197194881746118 
30.06  	 0.2080513493802341 
30.07  	 0.2159154710358724 
30.08  	 0.2206741395576522 
30.09  	 0.2222589126715935 
30.1  	 0.2206469973681994 
30.11  	 0.2158615777247057 
30.12  	 0.207971481451556 
30.13  	 0.1970901899591014 
30.14  	 0.1833742061824968 
30.15  	 0.1670208036399513 
30.16  	 0.1482651890990379 
30.17  	 0.1273771196596842 
30.18  	 0.1046570229094363 
30.19  	 0.08043167595376333 
30.2  	 0.05504950546874578 
30.21  	 0.02887557637421972 
30.22  	 0.002286341203933388 
30.23  	 -0.02433577430890163 
30.24  	 -0.05060787155661634 
30.25  	 -0.07615208618297409 
30.26  	 -0.1006010228024592 
30.27  	 -0.1236030391468871 
30.28  	 -0.1448273036389072 
30.29  	 -0.1639685536507128 
30.3  	 -0.1807514860112381 
30.31  	 -0.1949347166143934 
30.32  	 -0.2063142521783976 
30.33  	 -0.2147264242228631 
30.34  	 -0.2200502430650702 
30.35  	 -0.2222091379785709 
30.36  	 -0.2211720584859277 
30.37  	 -0.2169539209460254 
30.38  	 -0.2096153940128444 
30.39  	 -0.1992620260514176 
30.4  	 -0.186042727061141 
30.41  	 -0.1701476269405568 
30.42  	 -0.1518053408976332 
30.43  	 -0.1312796813364323 
30.44  	 -0.1088658635122352 
30.45  	 -0.08488625952817995 
30.46  	 -0.05968576174255136 
30.47  	 -0.03362682227359472 
30.48  	 -0.007084239947329072 
30.49  	 0.0195602303337117 
30.5  	 0.04592336826881131 
30.51  	 0.071625999913532 
30.52  	 0.0962984512362296 
30.53  	 0.1195858650395968 
30.54  	 0.141153304775395 
30.55  	 0.1606905718455971 
30.56  	 0.1779166671040104 
30.57  	 0.1925838323898247 
30.58  	 0.2044811139648142 
30.59  	 0.2134373966022605 
30.6  	 0.2193238646891335 
30.61  	 0.2220558549441861 
30.62  	 0.221594074104842 
30.63  	 0.2179451640692395 
30.64  	 0.2111616063651702 
30.65  	 0.2013409673199374 
30.66  	 0.1886244947876762 
30.67  	 0.1731950866170544 
30.68  	 0.1552746600783581 
30.69  	 0.1351209600848081 
30.7  	 0.1130238521146208 
30.71  	 0.08930115315173658 
30.72  	 0.06429406060769172 
30.73  	 0.03836224496923543 
30.74  	 0.01187867675283412 
30.75  	 -0.0147757378314037 
30.76  	 -0.04121763535257036 
30.77  	 -0.06706670897316172 
30.78  	 -0.09195117830092812 
30.79  	 -0.1155131366069631 
30.8  	 -0.1374136985024292 
30.81  	 -0.1573378740362736 
30.82  	 -0.1749990991110977 
30.83  	 -0.1901433570574352 
30.84  	 -0.2025528320869482 
30.85  	 -0.2120490420779162 
30.86  	 -0.218495405635015 
30.87  	 -0.2217992065020644 
30.88  	 -0.2219129270741383 
30.89  	 -0.2188349318294996 
30.9  	 -0.212609490851758 
30.91  	 -0.2033261431039484 
30.92  	 -0.1911184086124028 
30.93  	 -0.1761618680827417 
30.94  	 -0.1586716375683649 
30.95  	 -0.1388992745126207 
30.96  	 -0.117129159664229 
30.97  	 -0.09367440690390946 
30.98  	 -0.06887235981009196 
30.99  	 -0.04307973973540406 
31  	 -0.01666751517786016 
31.01  	 0.009984433760783062 
31.02  	 0.03649277908983371 
31.03  	 0.06247625823448352 
31.04  	 0.08756115763424904 
31.05  	 0.111386687765905 
31.06  	 0.1336101722833933 
31.07  	 0.1539119766406961 
31.08  	 0.1720001053106107 
31.09  	 0.1876144014788587 
31.1  	 0.2005302888104545 
31.11  	 0.2105620014715082 
31.12  	 0.2175652559499277 
31.13  	 0.221439326246935 
31.14  	 0.2221284925924763 
31.15  	 0.2196228428480387 
31.16  	 0.2139584150705116 
31.17  	 0.2052166791866352 
31.18  	 0.1935233652329735 
31.19  	 0.1790466550145213 
31.2  	 0.1619947631908348 
31.21  	 0.1426129425802751 
31.22  	 0.1211799567542709 
31.23  	 0.09800407065533072 
31.24  	 0.07341861690467096 
31.25  	 0.04777720156806885 
31.26  	 0.02144861833412457 
31.27  	 -0.005188455747056266 
31.28  	 -0.03175090667499052 
31.29  	 -0.05785669372548347 
31.3  	 -0.0831303442407183 
31.31  	 -0.1072083539526744 
31.32  	 -0.1297444151684675 
31.33  	 -0.1504143976220203 
31.34  	 -0.1689210103538057 
31.35  	 -0.1849980775680903 
31.36  	 -0.198414366969165 
31.37  	 -0.2089769155146226 
31.38  	 -0.2165338047522573 
31.39  	 -0.2209763458236516 
31.4  	 -0.2222406427081214 
31.41  	 -0.2203085112232906 
