0.01  	 1.084183966118722 
0.02  	 1.155445922835623 
0.03  	 1.211777367169382 
0.04  	 1.251375879738866 
0.05  	 1.272681001160602 
0.06  	 1.274406533022751 
0.07000000000000001  	 1.255568701486715 
0.08  	 1.215509683800698 
0.09  	 1.153916068349935 
0.1  	 1.070831896260299 
0.11  	 0.9666660158501328 
0.12  	 0.8421935691316792 
0.13  	 0.6985515207668083 
0.14  	 0.5372282329966264 
0.15  	 0.3600471836725674 
0.16  	 0.1691450171874889 
0.17  	 -0.03305579158153163 
0.18  	 -0.2438792936412952 
0.19  	 -0.4604329944036886 
0.2  	 -0.6796488310729952 
0.21  	 -0.8983276080088951 
0.22  	 -1.113186240162777 
0.23  	 -1.32090710520483 
0.24  	 -1.518188765811711 
0.25  	 -1.701797295418011 
0.26  	 -1.868617424035653 
0.27  	 -2.015702715830114 
0.28  	 -2.140323997152151 
0.29  	 -2.240015272621676 
0.3  	 -2.312616397431785 
0.31  	 -2.356311815895463 
0.32  	 -2.369664728834706 
0.33  	 -2.35164611498874 
0.34  	 -2.301658103319324 
0.35  	 -2.219551272901392 
0.36  	 -2.105635543865867 
0.37  	 -1.960684415358355 
0.38  	 -1.785932403351942 
0.39  	 -1.583065630992079 
0.4  	 -1.35420562549325 
0.41  	 -1.101886476958048 
0.42  	 -0.8290256143488222 
0.43  	 -0.5388885507242491 
0.44  	 -0.2350480423081071 
0.45  	 0.07866180740659995 
0.46  	 0.3981958878118349 
0.47  	 0.7193521837354964 
0.48  	 1.037828896819489 
0.49  	 1.349283790860303 
0.5  	 1.649394926184331 
0.51  	 1.933921919957013 
0.52  	 2.19876685352962 
0.53  	 2.440033944819481 
0.54  	 2.654087113424577 
0.55  	 2.837604588631252 
0.5600000000000001  	 2.987629745437759 
0.5700000000000001  	 3.101617400756666 
0.58  	 3.177474860468 
0.59  	 3.213597077195038 
0.6  	 3.208895357629148 
0.61  	 3.162819145856238 
0.62  	 3.075370504221146 
0.63  	 2.947111014479632 
0.64  	 2.779160927907087 
0.65  	 2.573190502160139 
0.66  	 2.331403573469768 
0.67  	 2.056513523598525 
0.68  	 1.751711910327411 
0.6900000000000001  	 1.420630136471556 
0.7000000000000001  	 1.067294634016602 
0.71  	 0.6960761354376077 
0.72  	 0.3116336922083006 
0.73  	 -0.08114582036909246 
0.74  	 -0.477211903763492 
0.75  	 -0.8714174759182993 
0.76  	 -1.258587837588371 
0.77  	 -1.633590619348872 
0.78  	 -1.99140574301822 
0.79  	 -2.327194424494035 
0.8  	 -2.636366251975241 
0.8100000000000001  	 -2.914643394205233 
0.8200000000000001  	 -3.158121027494591 
0.8300000000000001  	 -3.363323117448912 
0.84  	 -3.527252750931834 
0.85  	 -3.647436285049757 
0.86  	 -3.72196066189844 
0.87  	 -3.749503329352211 
0.88  	 -3.729354308052578 
0.89  	 -3.661430051590424 
0.9  	 -3.54627885919589 
0.91  	 -3.385077716490833 
0.92  	 -3.179620558396927 
0.93  	 -2.932298067466313 
0.9400000000000001  	 -2.646069239034397 
0.9500000000000001  	 -2.324425060017935 
0.96  	 -1.971344759260531 
0.97  	 -1.591245192482495 
0.98  	 -1.188924022621602 
0.99  	 -0.7694974452545362 
1  	 -0.3383332875847372 
1.01  	 0.0990196229712203 
1.02  	 0.536904869256833 
1.03  	 0.9696336403107717 
1.04  	 1.391560690600142 
1.05  	 1.7971600259564 
1.06  	 2.181099279567629 
1.07  	 2.538311755755791 
1.08  	 2.864065147909958 
1.09  	 3.154025979496807 
1.1  	 3.404318872971674 
1.11  	 3.611579819921785 
1.12  	 3.773002705963337 
1.13  	 3.886378434694949 
1.14  	 3.950126095139166 
1.15  	 3.963315725204736 
1.16  	 3.925682338283703 
1.17  	 3.837630999573188 
1.18  	 3.700232861424523 
1.19  	 3.515212191265605 
1.2  	 3.284924549684848 
1.21  	 3.012326398375382 
1.22  	 2.700936536108681 
1.23  	 2.354789874078101 
1.24  	 1.978384168237269 
1.25  	 1.576620424161933 
1.26  	 1.154737778108451 
1.27  	 0.71824373508378 
1.28  	 0.2728407097895347 
1.29  	 -0.1756501316667072 
1.3  	 -0.6213666931279609 
1.31  	 -1.058484372684429 
1.32  	 -1.481294020478175 
1.33  	 -1.884278366083581 
1.34  	 -2.262185871772453 
1.35  	 -2.610101002686509 
1.36  	 -2.923509953654686 
1.37  	 -3.198360934439919 
1.38  	 -3.431118189724235 
1.39  	 -3.618809016111086 
1.4  	 -3.759063134648094 
1.41  	 -3.85014388251538 
1.42  	 -3.890970800122691 
1.43  	 -3.8811333083458 
1.44  	 -3.820895293358923 
1.45  	 -3.711190541775597 
1.46  	 -3.55360909484952 
1.47  	 -3.350374715552395 
1.48  	 -3.10431378469401 
1.49  	 -2.818816060174897 
1.5  	 -2.497787845320057 
1.51  	 -2.145598216474704 
1.52  	 -1.767019055197889 
1.53  	 -1.367159715142992 
1.54  	 -0.9513972268870736 
1.55  	 -0.5253030045483713 
1.56  	 -0.09456706517413571 
1.57  	 0.335079195060581 
1.58  	 0.7579406052807447 
1.59  	 1.168435138666291 
1.6  	 1.561169090323019 
1.61  	 1.931009484804397 
1.62  	 2.273152723850231 
1.63  	 2.58318853865069 
1.64  	 2.857158377632904 
1.65  	 3.091607439455798 
1.66  	 3.283629650472712 
1.67  	 3.430904985114532 
1.68  	 3.5317286350585 
1.69  	 3.585031647165171 
1.7  	 3.590392769381421 
1.71  	 3.548041366443935 
1.72  	 3.458851391552252 
1.73  	 3.324326524468108 
1.74  	 3.146576708996395 
1.75  	 2.928286441797584 
1.76  	 2.672675278308636 
1.77  	 2.383451128620954 
1.78  	 2.064757014988624 
1.79  	 1.721112051845494 
1.8  	 1.357347487560146 
1.81  	 0.9785387135732886 
1.82  	 0.5899342001320236 
1.83  	 0.1968823578319898 
1.84  	 -0.1952426499336656 
1.85  	 -0.5811151070754129 
1.86  	 -0.9555309240459764 
1.87  	 -1.313478780433774 
1.88  	 -1.650208246977811 
1.89  	 -1.961293948659216 
1.9  	 -2.242694889178705 
1.91  	 -2.490808127991786 
1.92  	 -2.702516083116352 
1.93  	 -2.875226824966002 
1.94  	 -3.006906827173501 
1.95  	 -3.096105748308411 
1.96  	 -3.141972932017923 
1.97  	 -3.144265430809531 
1.98  	 -3.103347478773561 
1.99  	 -3.020181459307132 
2  	 -2.896310533637561 
2.01  	 -2.733833212958964 
2.02  	 -2.53537026964 
2.03  	 -2.304024489647683 
2.04  	 -2.043333867564669 
2.05  	 -1.757218935967286 
2.06  	 -1.449925001219327 
2.07  	 -1.125960126809457 
2.08  	 -0.7900297622671109 
2.09  	 -0.4469689596574706 
2.1  	 -0.1016731500909212 
2.11  	 0.2409715308090351 
2.12  	 0.5761573771492693 
2.13  	 0.8992227271222947 
2.14  	 1.205717103513928 
2.15  	 1.491462965548979 
2.16  	 1.752613209313683 
2.17  	 1.985703618175157 
2.18  	 2.187699539977142 
2.19  	 2.356036153219291 
2.2  	 2.488651778674521 
2.21  	 2.584013794592456 
2.22  	 2.64113682130076 
2.23  	 2.6595929530919 
2.24  	 2.63951393015327 
2.25  	 2.581585259309722 
2.26  	 2.487032407833536 
2.27  	 2.357599307882886 
2.28  	 2.195519518636754 
2.29  	 2.003480497340877 
2.3  	 1.78458152778534 
2.31  	 1.542285943821277 
2.32  	 1.28036836513443 
2.33  	 1.002857731508972 
2.34  	 0.7139769792727448 
2.35  	 0.418080248720185 
2.36  	 0.1195885434465608 
2.37  	 -0.1770752187304241 
2.38  	 -0.4675508184712713 
2.39  	 -0.7476040749974082 
2.4  	 -1.013187999370005 
2.41  	 -1.260500881982194 
2.42  	 -1.48604048309071 
2.43  	 -1.686653554902773 
2.44  	 -1.859579994410878 
2.45  	 -2.002491006781054 
2.46  	 -2.113520748457382 
2.47  	 -2.1912910159311 
2.48  	 -2.234928648916438 
2.49  	 -2.244075423973202 
2.5  	 -2.218890324851917 
2.51  	 -2.16004418740591 
2.52  	 -2.06870682819451 
2.53  	 -1.946526875278885 
2.54  	 -1.795604625603817 
2.55  	 -1.6184583542355 
2.56  	 -1.417984595133454 
2.57  	 -1.197412999716783 
2.58  	 -0.9602564569999323 
2.59  	 -0.7102572264137638 
2.6  	 -0.4513298906362858 
2.61  	 -0.1875019800395413 
2.62  	 0.07714684790488041 
2.63  	 0.3385461721660214 
2.64  	 0.5926958070204337 
2.65  	 0.8357255363879647 
2.66  	 1.063952704685744 
2.67  	 1.273936818973182 
2.68  	 1.462530363185419 
2.69  	 1.626925082885006 
2.7  	 1.764693067340382 
2.71  	 1.873822033848641 
2.72  	 1.952744305902691 
2.73  	 2.000359070779408 
2.74  	 2.016047602011882 
2.75  	 1.99968123653674 
2.76  	 1.951622003545861 
2.77  	 1.872715910648854 
2.78  	 1.76427900127924 
2.79  	 1.628076403769708 
2.8  	 1.466294695624865 
2.81  	 1.281508004729645 
2.82  	 1.076638361116776 
2.83  	 0.8549108971401425 
2.84  	 0.6198045692381029 
2.85  	 0.3749991398283278 
2.86  	 0.1243192123065396 
2.87  	 -0.1283238451611069 
2.88  	 -0.3789912209734639 
2.89  	 -0.6237763428536549 
2.9  	 -0.8588640337141853 
2.91  	 -1.080588260765457 
2.92  	 -1.285487619397523 
2.93  	 -1.470357727372376 
2.94  	 -1.632299750981148 
2.95  	 -1.768764342365209 
2.96  	 -1.877590335323693 
2.97  	 -1.957037624629698 
2.98  	 -2.005813740011257 
2.99  	 -2.023093719256192 
3  	 -2.008532984003079 
3.01  	 -1.962273025230307 
3.02  	 -1.884939811735027 
3.03  	 -1.77763494244612 
3.04  	 -1.641919670664296 
3.05  	 -1.479792033696816 
3.06  	 -1.293657423310374 
3.07  	 -1.086293029469711 
3.08  	 -0.860806680539543 
3.09  	 -0.6205906861739071 
3.1  	 -0.3692713632822523 
3.11  	 -0.1106549896575402 
3.12  	 0.151329016864707 
3.13  	 0.4126868542595372 
3.14  	 0.6694201584419802 
3.15  	 0.9175860064003011 
3.16  	 1.153356211514314 
3.17  	 1.373075031742132 
3.18  	 1.573314433777257 
3.19  	 1.750926091292182 
3.2  	 1.903089342490308 
3.21  	 2.027354390703739 
3.22  	 2.121680100852766 
3.23  	 2.184465823221208 
3.24  	 2.214576763058091 
3.25  	 2.211362508724795 
3.26  	 2.174668431097233 
3.27  	 2.104839771249057 
3.28  	 2.002718340564584 
3.29  	 1.869631865797437 
3.3  	 1.70737611962182 
3.31  	 1.518190083340714 
3.32  	 1.304724491068464 
3.33  	 1.070004202392845 
3.34  	 0.8173849418134629 
3.35  	 0.5505050268106491 
3.36  	 0.2732327809949008 
3.37  	 -0.01038960667654754 
3.38  	 -0.2962049621047276 
3.39  	 -0.5800018894446072 
3.4  	 -0.8575765321684224 
3.41  	 -1.124794429851391 
3.42  	 -1.377651565437835 
3.43  	 -1.612333707639892 
3.44  	 -1.825273176079657 
3.45  	 -2.013202192492644 
3.46  	 -2.173202029264078 
3.47  	 -2.302747226089854 
3.48  	 -2.399744215792182 
3.49  	 -2.462563780270901 
3.5  	 -2.490066846087836 
3.51  	 -2.481623224990587 
3.52  	 -2.437123006403617 
3.53  	 -2.356980415081063 
3.54  	 -2.242130056193459 
3.55  	 -2.094015580532093 
3.56  	 -1.914570912660691 
3.57  	 -1.706194293127735 
3.58  	 -1.471715490701609 
3.59  	 -1.214356640480686 
3.6  	 -0.9376872572068615 
3.61  	 -0.6455740588103394 
3.62  	 -0.3421263118829847 
3.63  	 -0.03163747729343452 
3.64  	 0.2814760104588872 
3.65  	 0.5927379531204099 
3.66  	 0.8976766799246094 
3.67  	 1.191889494559441 
3.68  	 1.471106347791586 
3.69  	 1.731251814673405 
3.7  	 1.968504477571781 
3.71  	 2.179352851588414 
3.72  	 2.360647036799413 
3.73  	 2.509645341457674 
3.74  	 2.624055191031874 
3.75  	 2.702067718698529 
3.76  	 2.742385522510117 
3.77  	 2.744243171655297 
3.78  	 2.70742014761805 
3.79  	 2.632246014151676 
3.8  	 2.519597721261055 
3.81  	 2.370889061235531 
3.82  	 2.188052407572945 
3.83  	 1.973512978759579 
3.84  	 1.730155976719814 
3.85  	 1.461287052766704 
3.86  	 1.170586650582144 
3.87  	 0.8620588647328207 
3.88  	 0.5399755331956688 
3.89  	 0.2088163521614991 
3.9  	 -0.1267941400096779 
3.91  	 -0.4621518162513785 
3.92  	 -0.7925395244184694 
3.93  	 -1.113294013242236 
3.94  	 -1.41987226574199 
3.95  	 -1.70791629186164 
3.96  	 -1.973315452334547 
3.97  	 -2.212265419339167 
3.98  	 -2.421322925928305 
3.99  	 -2.597455514848172 
4  	 -2.73808556738561 
4.01  	 -2.841127973304363 
4.02  	 -2.905020892615404 
4.03  	 -2.928749157599217 
4.04  	 -2.911859967770821 
4.05  	 -2.85447063986637 
4.06  	 -2.757268287873612 
4.07  	 -2.621501423015007 
4.08  	 -2.448963578780076 
4.09  	 -2.241969179944768 
4.1  	 -2.003321985380185 
4.11  	 -1.736276540751724 
4.12  	 -1.444493177417356 
4.13  	 -1.131987186510918 
4.14  	 -0.8030728810098589 
4.15  	 -0.462303332329544 
4.16  	 -0.1144066305937202 
4.17  	 0.235780431702858 
4.18  	 0.5833803151326726 
4.19  	 0.9235433659042236 
4.2  	 1.251516152817288 
4.21  	 1.562708538942968 
4.22  	 1.852758535273701 
4.23  	 2.117594014090532 
4.24  	 2.353490403468374 
4.25  	 2.557123540572283 
4.26  	 2.725616929396396 
4.27  	 2.856582727400895 
4.28  	 2.948155873994792 
4.29  	 2.999020870737952 
4.3  	 3.008430827117561 
4.31  	 2.976218495313803 
4.32  	 2.90279913094736 
4.33  	 2.789165132780215 
4.34  	 2.636872531068154 
4.350000000000001  	 2.44801951007408 
4.36  	 2.22521726349356 
4.37  	 1.971553590601553 
4.38  	 1.690549744244767 
4.39  	 1.38611113790129 
4.4  	 1.062472606534548 
4.41  	 0.7241389936305032 
4.42  	 0.3758219035138237 
4.43  	 0.02237351283502387 
4.44  	 -0.3312816227796989 
4.45  	 -0.6802158021257847 
4.46  	 -1.019567471992755 
4.47  	 -1.344609599893837 
4.48  	 -1.650816157745463 
4.49  	 -1.93392577487792 
4.5  	 -2.19000165874942 
4.51  	 -2.415486934562593 
4.52  	 -2.607254619894563 
4.53  	 -2.76265152652654 
4.54  	 -2.879535467813803 
4.55  	 -2.956305244945667 
4.56  	 -2.991922987954345 
4.57  	 -2.985928535881348 
4.58  	 -2.938445653553427 
4.59  	 -2.850179998346066 
4.600000000000001  	 -2.722408867468919 
4.61  	 -2.556962873024422 
4.62  	 -2.356199806704223 
4.63  	 -2.122971066864512 
4.64  	 -1.860581126280157 
4.65  	 -1.572740617614388 
4.66  	 -1.263513704148547 
4.67  	 -0.9372604843055321 
4.68  	 -0.5985752488176033 
4.69  	 -0.2522214680330143 
4.7  	 0.09693556700775408 
4.71  	 0.4439974931221976 
4.72  	 0.7841020372159402 
4.73  	 1.112491610807343 
4.74  	 1.424580363999836 
4.75  	 1.716018748446369 
4.76  	 1.982754674770645 
4.77  	 2.221090398842867 
4.78  	 2.427734332551362 
4.79  	 2.599847047387932 
4.8  	 2.735080822233044 
4.81  	 2.831612178997992 
4.82  	 2.888166949934634 
4.83  	 2.904037527026643 
4.84  	 2.879092055405305 
4.850000000000001  	 2.813775447593444 
4.86  	 2.709102211932012 
4.87  	 2.566641205120252 
4.88  	 2.388492533737697 
4.89  	 2.177256941274038 
4.9  	 1.935998123978018 
4.91  	 1.668198519226371 
4.92  	 1.377709202677726 
4.93  	 1.06869461389616 
4.94  	 0.7455729032180509 
4.95  	 0.412952754355373 
4.96  	 0.07556758670322883 
4.97  	 -0.2617919221505788 
4.98  	 -0.5943460301452413 
4.99  	 -0.9173938678368745 
5  	 -1.226380150614124 
5.01  	 -1.516959716239304 
5.02  	 -1.785058969916568 
5.03  	 -2.026933364180881 
5.04  	 -2.239220098430649 
5.05  	 -2.418985292061389 
5.06  	 -2.563764964900609 
5.07  	 -2.671599247846649 
5.08  	 -2.741059343993297 
5.09  	 -2.771266864677924 
5.100000000000001  	 -2.761905274327701 
5.11  	 -2.713223291125544 
5.12  	 -2.626030205751838 
5.13  	 -2.501683196127873 
5.14  	 -2.342066830535265 
5.15  	 -2.149565063073765 
5.16  	 -1.927026132551323 
5.17  	 -1.677720877043358 
5.18  	 -1.405295070067939 
5.19  	 -1.113716469262784 
5.2  	 -0.8072173434076529 
5.21  	 -0.4902333075451719 
5.22  	 -0.1673393479065033 
5.23  	 0.1568160423899266 
5.24  	 0.4775776698814295 
5.25  	 0.7903504301509713 
5.26  	 1.090665122034259 
5.27  	 1.374242343723399 
5.28  	 1.63705355647194 
5.29  	 1.875378443326152 
5.3  	 2.085857744512613 
5.31  	 2.265540817014477 
5.32  	 2.411927242512379 
5.33  	 2.52300189414166 
5.34  	 2.597262967178513 
5.350000000000001  	 2.633742580447289 
5.36  	 2.632019662473183 
5.37  	 2.592224947643615 
5.38  	 2.515038021286035 
5.39  	 2.401676466984468 
5.4  	 2.253877282996435 
5.41  	 2.073870845664565 
5.42  	 1.86434780464857 
5.43  	 1.628419396098929 
5.44  	 1.36957175410114 
5.45  	 1.091614886489177 
5.46  	 0.7986270572314327 
5.47  	 0.4948953829444685 
5.48  	 0.1848535047570583 
5.49  	 -0.1269827620341175 
5.5  	 -0.436080869889177 
5.51  	 -0.7379571271438303 
5.52  	 -1.028241485808374 
5.53  	 -1.30274059504246 
5.54  	 -1.557498212257606 
5.55  	 -1.788852102819274 
5.56  	 -1.993486610832268 
5.57  	 -2.168480146746369 
5.58  	 -2.31134691159405 
5.59  	 -2.420072261493917 
5.600000000000001  	 -2.493141208407843 
5.61  	 -2.529559652689649 
5.62  	 -2.528868048269225 
5.63  	 -2.491147310856207 
5.64  	 -2.417016891740107 
5.65  	 -2.307625052989564 
5.66  	 -2.164631492479157 
5.67  	 -1.990182577574108 
5.68  	 -1.786879552890325 
5.69  	 -1.557740188784727 
5.7  	 -1.306154431661324 
5.71  	 -1.035834703443926 
5.72  	 -0.7507615744267291 
5.73  	 -0.4551256000656325 
5.74  	 -0.153266167164359 
5.75  	 0.1503917624456041 
5.76  	 0.4514020928426228 
5.77  	 0.7453622851703912 
5.78  	 1.027977361610688 
5.79  	 1.295122295318731 
5.8  	 1.542901883400317 
5.81  	 1.767707236979909 
5.82  	 1.96626807187512 
5.83  	 2.135700044635729 
5.84  	 2.273546450834961 
5.850000000000001  	 2.37781368447103 
5.86  	 2.446999947959895 
5.87  	 2.480116800163595 
5.88  	 2.476703233784529 
5.89  	 2.436832081761825 
5.9  	 2.361108663465455 
5.91  	 2.250661693890062 
5.92  	 2.107126591079434 
5.93  	 1.932621427045631 
5.94  	 1.72971587389493 
5.95  	 1.501393598199108 
5.96  	 1.251008651392361 
5.97  	 0.9822364907644867 
5.98  	 0.6990203432075379 
5.99  	 0.4055136911373264 
6  	 0.1060197159832507 
6.01  	 -0.1950714214863845 
6.02  	 -0.493346553592512 
6.03  	 -0.7844338025494633 
6.04  	 -1.064066268735877 
6.05  	 -1.328144186489084 
6.06  	 -1.57279464581172 
6.07  	 -1.794428013752687 
6.08  	 -1.989790237126208 
6.09  	 -2.156010267968871 
6.100000000000001  	 -2.290641923840425 
6.11  	 -2.391699575726812 
6.12  	 -2.457687145736898 
6.13  	 -2.48761999370437 
6.140000000000001  	 -2.48103937481218 
6.15  	 -2.438019257959481 
6.16  	 -2.359165405235172 
6.17  	 -2.245606724948464 
6.18  	 -2.098979022575658 
6.19  	 -1.921401384095907 
6.2  	 -1.715445532916078 
6.21  	 -1.484098603383107 
6.22  	 -1.230719869280375 
6.23  	 -0.9589920533235887 
6.24  	 -0.672867922244806 
6.25  	 -0.3765129404445794 
6.26  	 -0.07424481241258268 
6.27  	 0.2295292106612611 
6.28  	 0.5303763520949157 
6.29  	 0.8239027313085647 
6.3  	 1.105817252337194 
6.31  	 1.371994033255497 
6.32  	 1.618532471362252 
6.33  	 1.841814072916236 
6.34  	 2.038555222764235 
6.350000000000001  	 2.205855127683599 
6.36  	 2.34123823683445 
6.37  	 2.442690522377215 
6.38  	 2.508689091911233 
6.390000000000001  	 2.538224700651816 
6.4  	 2.53081683379787 
6.41  	 2.486521136870689 
6.42  	 2.405929082377943 
6.43  	 2.290159873379437 
6.44  	 2.140844696782753 
6.45  	 1.960103549856845 
6.46  	 1.750514970921769 
6.47  	 1.515079107900701 
6.48  	 1.257174654921797 
6.49  	 0.9805102760375504 
6.5  	 0.6890712151027667 
6.51  	 0.3870618607622014 
6.52  	 0.07884509433314374 
6.53  	 -0.2311207047259172 
6.54  	 -0.5383460867725832 
6.55  	 -0.8383754631872349 
6.56  	 -1.12685160288226 
6.57  	 -1.399578761931764 
6.58  	 -1.65258353336112 
6.59  	 -1.882172536541261 
6.600000000000001  	 -2.08498611075962 
6.61  	 -2.258047234741803 
6.62  	 -2.398804962354899 
6.63  	 -2.505171743451788 
6.640000000000001  	 -2.575554086684406 
6.65  	 -2.608876116859221 
6.66  	 -2.604595681652614 
6.67  	 -2.562712769775991 
6.68  	 -2.483770113435657 
6.69  	 -2.368845960575661 
6.7  	 -2.219539115299999 
6.71  	 -2.037946456416509 
6.72  	 -1.826633252620326 
6.73  	 -1.58859669687394 
6.74  	 -1.327223180542743 
6.75  	 -1.04623991839473 
6.76  	 -0.7496616173631108 
6.77  	 -0.4417329538189674 
6.78  	 -0.1268676849685513 
6.79  	 0.1904147310050096 
6.8  	 0.5055540950038175 
6.81  	 0.8140150729004876 
6.82  	 1.111352502981842 
6.83  	 1.393275464394844 
6.84  	 1.655709183292316 
6.850000000000001  	 1.894853883932169 
6.86  	 2.107239735408259 
6.87  	 2.289777100363897 
6.88  	 2.439801359164327 
6.890000000000001  	 2.555111660620798 
6.9  	 2.634003037353463 
6.91  	 2.675291419005409 
6.92  	 2.678331178409885 
6.93  	 2.643024953004269 
6.94  	 2.569825594737106 
6.95  	 2.459730214834108 
6.96  	 2.314266403448725 
6.97  	 2.135470816787963 
6.98  	 1.925860434154938 
6.99  	 1.688396892905003 
7  	 1.426444409052323 
7.01  	 1.143721883751608 
7.02  	 0.8442498797825957 
7.03  	 0.532293226272578 
7.04  	 0.2123000731356509 
7.05  	 -0.1111617318274906 
7.06  	 -0.4334700312827159 
7.07  	 -0.7500145744268134 
7.08  	 -1.056263110629976 
7.09  	 -1.347826411779369 
7.100000000000001  	 -1.620521289337129 
7.11  	 -1.870430700442051 
7.12  	 -2.093960078723647 
7.13  	 -2.287889079270956 
7.140000000000001  	 -2.449417992638169 
7.15  	 -2.576208158938801 
7.16  	 -2.666415798889055 
7.17  	 -2.718718772879799 
7.18  	 -2.732335880434491 
7.19  	 -2.707038419294866 
7.2  	 -2.64315383433382 
7.21  	 -2.541561399933113 
7.22  	 -2.403679993753741 
7.23  	 -2.231448133327892 
7.24  	 -2.027296557982807 
7.25  	 -1.794113745672735 
7.26  	 -1.535204855806543 
7.27  	 -1.254244683656265 
7.28  	 -0.955225298056676 
7.29  	 -0.6423991106190686 
7.3  	 -0.3202181904822042 
7.31  	 0.006729307237539006 
7.32  	 0.3337846894371589 
7.33  	 0.6562853109450661 
7.34  	 0.9696312446556541 
7.350000000000001  	 1.26935108065306 
7.36  	 1.551165911284692 
7.37  	 1.811050584866138 
7.38  	 2.045291349587201 
7.390000000000001  	 2.250539060688963 
7.4  	 2.423857187357432 
7.41  	 2.562763930123711 
7.42  	 2.665267843808749 
7.43  	 2.729896453995847 
7.44  	 2.755717455323727 
7.45  	 2.742352186129267 
7.46  	 2.689981184608286 
7.47  	 2.599341745118311 
7.48  	 2.471717507891313 
7.49  	 2.308920229612167 
7.5  	 2.113263994411418 
7.51  	 1.887532233210085 
7.52  	 1.634938022483925 
7.53  	 1.359078229904232 
7.54  	 1.063882162578017 
7.55  	 0.7535554524847045 
7.56  	 0.43251998205654 
7.57  	 0.1053507096938168 
7.58  	 -0.2232897004730762 
7.59  	 -0.5487175087048473 
7.600000000000001  	 -0.8662948356469231 
7.61  	 -1.171495945722304 
7.62  	 -1.459971928731748 
7.63  	 -1.727612853362237 
7.640000000000001  	 -1.970606502481628 
7.65  	 -2.185492849040257 
7.66  	 -2.369213492407613 
7.67  	 -2.519155347169393 
7.68  	 -2.633187958761994 
7.69  	 -2.709693911646716 
7.7  	 -2.7475918947147 
7.71  	 -2.746352093845907 
7.72  	 -2.706003691511718 
7.73  	 -2.62713436643323 
7.74  	 -2.510881800963268 
7.75  	 -2.358917318404382 
7.76  	 -2.173421885264344 
7.77  	 -1.957054822866675 
7.78  	 -1.712915677206685 
7.79  	 -1.444499793974551 
7.8  	 -1.155648235849761 
7.81  	 -0.8504927602120959 
7.82  	 -0.5333966461507358 
7.83  	 -0.2088922190705627 
7.84  	 0.1183840315586979 
7.850000000000001  	 0.4437578113665399 
7.86  	 0.7625839061577069 
7.87  	 1.070312634484043 
7.88  	 1.362554915628913 
7.890000000000001  	 1.635145020909753 
7.9  	 1.884200109561128 
7.91  	 2.106175696705661 
7.92  	 2.297916259388543 
7.930000000000001  	 2.456700256502908 
7.94  	 2.580278918664383 
7.95  	 2.666908253551307 
7.96  	 2.715373809627344 
7.97  	 2.725007845106811 
7.98  	 2.695698658017335 
7.99  	 2.627891945694356 
8  	 2.522584176392699 
8.01  	 2.381308070280213 
8.02  	 2.206110400242717 
8.029999999999999  	 1.999522433053775 
8.040000000000001  	 1.764523436966958 
8.050000000000001  	 1.504497781158102 
8.06  	 1.223186244255235 
8.07  	 0.9246322321272156 
8.08  	 0.613123677969579 
8.09  	 0.2931314594829841 
8.1  	 -0.0307547822989172 
8.109999999999999  	 -0.3538925009217913 
8.120000000000001  	 -0.6716528337369819 
8.130000000000001  	 -0.9794869667775263 
8.140000000000001  	 -1.272991323103302 
8.15  	 -1.547970639588286 
8.16  	 -1.800498027697258 
8.17  	 -2.026971157352891 
8.18  	 -2.224163758899185 
8.19  	 -2.389271705618243 
8.199999999999999  	 -2.519953017283678 
8.210000000000001  	 -2.614361212712449 
8.220000000000001  	 -2.671171534949572 
8.23  	 -2.689599675210834 
8.24  	 -2.66941272954381 
8.25  	 -2.610932233797094 
8.26  	 -2.515029236307019 
8.27  	 -2.383111482084952 
8.279999999999999  	 -2.217102895572908 
8.290000000000001  	 -2.019415659603589 
8.300000000000001  	 -1.792915294464724 
8.31  	 -1.540879241401041 
8.32  	 -1.266949548048219 
8.33  	 -0.9750803378447876 
8.34  	 -0.6694808201969205 
8.35  	 -0.3545546620055522 
8.359999999999999  	 -0.03483659319033178 
8.370000000000001  	 0.2850728416846292 
8.380000000000001  	 0.6005734472269408 
8.390000000000001  	 0.9071315051615172 
8.4  	 1.20034491591362 
8.41  	 1.476006417820114 
8.42  	 1.730163975893281 
8.43  	 1.959177473041535 
8.44  	 2.159770890085805 
8.449999999999999  	 2.329079226028288 
8.460000000000001  	 2.464689485892938 
8.470000000000001  	 2.564675148971475 
8.48  	 2.627623624243113 
8.49  	 2.652656300738271 
8.5  	 2.639440907232351 
8.51  	 2.588196006350907 
8.52  	 2.499687561349566 
8.529999999999999  	 2.375217627872707 
8.540000000000001  	 2.216605336253934 
8.550000000000001  	 2.026160440770129 
8.56  	 1.806649819105654 
8.57  	 1.561257406588124 
8.58  	 1.293538144066293 
8.59  	 1.00736660425892 
8.6  	 0.7068810377762227 
8.609999999999999  	 0.3964236457062185 
8.620000000000001  	 0.08047793972401807 
8.630000000000001  	 -0.2363959076523629 
8.640000000000001  	 -0.5496267913677979 
8.65  	 -0.8546985341442597 
8.66  	 -1.147214930612815 
8.67  	 -1.422963039080128 
8.68  	 -1.677973810222839 
8.69  	 -1.908579180580027 
8.700000000000001  	 -2.111464809833315 
8.710000000000001  	 -2.283717703788199 
8.720000000000001  	 -2.42286803879107 
8.73  	 -2.526924586969994 
8.74  	 -2.594403233967822 
8.75  	 -2.624348180414194 
8.76  	 -2.616345523824035 
8.77  	 -2.570529027395677 
8.779999999999999  	 -2.487577994731069 
8.790000000000001  	 -2.368707283193131 
8.800000000000001  	 -2.215649601814832 
8.81  	 -2.030630350751543 
8.82  	 -1.81633536662433 
8.83  	 -1.575872040192392 
8.84  	 -1.312724368149003 
8.85  	 -1.03070258808565 
8.859999999999999  	 -0.7338881235586838 
8.870000000000001  	 -0.4265746336019423 
8.880000000000001  	 -0.1132060169885605 
8.890000000000001  	 0.2016877347484207 
8.9  	 0.5135559107015011 
8.91  	 0.8178927380423751 
8.92  	 1.110302377276363 
8.93  	 1.386562318728453 
8.94  	 1.642684266876558 
8.950000000000001  	 1.874971635483403 
8.960000000000001  	 2.080072825440491 
8.970000000000001  	 2.255029518119477 
8.98  	 2.397319288949934 
8.99  	 2.504891927871198 
9  	 2.576198944058833 
9.01  	 2.610215830595685 
9.02  	 2.606456769127659 
9.029999999999999  	 2.564981563511742 
9.040000000000001  	 2.486394703458986 
9.050000000000001  	 2.371836572584978 
9.06  	 2.22296692847176 
9.07  	 2.041940893687963 
9.08  	 1.831377804605192 
9.09  	 1.594323367734693 
9.1  	 1.334205669708064 
9.109999999999999  	 1.05478567555126 
9.120000000000001  	 0.7601029292782353 
9.130000000000001  	 0.4544172399166636 
9.140000000000001  	 0.1421471938789499 
9.15  	 -0.1721936197244532 
9.16  	 -0.4840617513228975 
9.17  	 -0.7889494615061182 
9.18  	 -1.082449774727261 
9.19  	 -1.360320078274074 
9.200000000000001  	 -1.618543349689422 
9.210000000000001  	 -1.853386130024342 
9.220000000000001  	 -2.061452407222454 
9.23  	 -2.239732632887705 
9.24  	 -2.385647165828777 
9.25  	 -2.497083516092602 
9.26  	 -2.572426852539344 
9.27  	 -2.610583334085263 
9.279999999999999  	 -2.610995928149753 
9.290000000000001  	 -2.573652488099325 
9.300000000000001  	 -2.499085973025331 
9.31  	 -2.388366806417258 
9.32  	 -2.243087483568922 
9.33  	 -2.065339649249607 
9.34  	 -1.857683975677388 
9.35  	 -1.623113274585114 
9.359999999999999  	 -1.365009374676411 
9.370000000000001  	 -1.087094385625436 
9.380000000000001  	 -0.7933770506857123 
9.390000000000001  	 -0.4880949607749263 
9.4  	 -0.1756534625741083 
9.41  	 0.1394378591383023 
9.42  	 0.4526302096915131 
9.43  	 0.7594011862160768 
9.44  	 1.055320007447027 
9.450000000000001  	 1.336111431544729 
9.460000000000001  	 1.597717440669817 
9.470000000000001  	 1.836355803146708 
9.48  	 2.048574668956817 
9.49  	 2.23130241137161 
9.5  	 2.381891995945947 
9.51  	 2.498159236859368 
9.52  	 2.578414388583304 
9.529999999999999  	 2.621486616799468 
9.540000000000001  	 2.626740995017618 
9.550000000000001  	 2.59408778096389 
9.56  	 2.523983837984711 
9.57  	 2.417426179835295 
9.58  	 2.275937730667615 
9.59  	 2.101545504166833 
9.6  	 1.896751514993253 
9.609999999999999  	 1.664496840396155 
9.620000000000001  	 1.408119348568772 
9.630000000000001  	 1.131305701588488 
9.640000000000001  	 0.8380383233186111 
9.65  	 0.5325380952487784 
9.66  	 0.2192036048743116 
9.67  	 -0.09745217902752823 
9.68  	 -0.4128668926916829 
9.69  	 -0.7224944896415634 
9.700000000000001  	 -1.021870732770264 
9.710000000000001  	 -1.306677523080983 
9.720000000000001  	 -1.572805138550328 
9.73  	 -1.816411486527842 
9.74  	 -2.033977515945135 
9.75  	 -2.22235799076286 
9.76  	 -2.378826892740782 
9.77  	 -2.50111679881707 
9.779999999999999  	 -2.587451665017726 
9.790000000000001  	 -2.636572543639712 
9.800000000000001  	 -2.647755862098102 
9.81  	 -2.62082399883625 
9.82  	 -2.556148002528945 
9.83  	 -2.454642413867482 
9.84  	 -2.317752262875385 
9.85  	 -2.147432427328831 
9.859999999999999  	 -1.946119647825635 
9.870000000000001  	 -1.716697600778264 
9.880000000000001  	 -1.462455530577709 
9.890000000000001  	 -1.18704103494711 
9.9  	 -0.8944076817407949 
9.91  	 -0.5887582099331723 
9.92  	 -0.274484131209393 
9.93  	 0.04389739950111526 
9.94  	 0.3618085367649374 
9.950000000000001  	 0.6746765864891018 
9.960000000000001  	 0.977999789750583 
9.970000000000001  	 1.267412102167243 
9.98  	 1.53874603665868 
9.99  	 1.788092665150194 
10  	 2.011857915493386 
10.01  	 2.206814353028504 
10.02  	 2.370147701033281 
10.03  	 2.499497429859629 
10.04  	 2.592990829767325 
10.05  	 2.649270076098329 
10.06  	 2.667511896150505 
10.07  	 2.647439553457366 
10.08  	 2.589326975632047 
10.09  	 2.493994964900602 
10.1  	 2.362799544307433 
10.11  	 2.19761260568658 
10.12  	 2.000795136229793 
10.13  	 1.775163407252735 
10.14  	 1.523948610028316 
10.15  	 1.250750517863864 
10.16  	 0.9594858395896659 
10.17  	 0.6543320060625293 
10.18  	 0.3396671970693421 
10.19  	 0.0200074701948037 
10.2  	 -0.3000581049856794 
10.21  	 -0.615933375214976 
10.22  	 -0.9230811467806459 
10.23  	 -1.217088394286374 
10.24  	 -1.493729697458645 
10.25  	 -1.749027993822937 
10.26  	 -1.979311773546093 
10.27  	 -2.181267893770477 
10.28  	 -2.35198925262852 
10.29  	 -2.489016636920533 
10.3  	 -2.590374141104224 
10.31  	 -2.65459764757915 
10.32  	 -2.680755957926478 
10.33  	 -2.668464270351588 
10.34  	 -2.617889808556474 
10.35  	 -2.529749520059885 
10.36  	 -2.405299875964118 
10.37  	 -2.246318917699936 
10.38  	 -2.055080807732677 
10.39  	 -1.834323248980942 
10.4  	 -1.587208240234485 
10.41  	 -1.317276730685741 
10.42  	 -1.028397824431391 
10.43  	 -0.7247132641946568 
10.44  	 -0.4105779914378281 
10.45  	 -0.09049763650068815 
10.46  	 0.2309361633985645 
10.47  	 0.5491116891638594 
10.48  	 0.8594633607401796 
10.49  	 1.15753730253199 
10.5  	 1.439055311241033 
10.51  	 1.69997630692325 
10.52  	 1.936554384157608 
10.53  	 2.145392629007805 
10.54  	 2.323491928240504 
10.55  	 2.468294069168129 
10.56  	 2.577718510477127 
10.57  	 2.650192295306135 
10.58  	 2.684672676346437 
10.59  	 2.680662127433851 
10.6  	 2.638215525482207 
10.61  	 2.557939399101862 
10.62  	 2.440983254235373 
10.63  	 2.289023100988276 
10.64  	 2.104237417899331 
10.65  	 1.889275898570908 
10.66  	 1.647221429304102 
10.67  	 1.381545843663674 
10.68  	 1.096060089336495 
10.69  	 0.794859522958095 
10.7  	 0.4822651186105113 
10.71  	 0.1627614344340382 
10.72  	 -0.1590677715988398 
10.73  	 -0.4786053518973877 
10.74  	 -0.7912670600928842 
10.75  	 -1.092567370217377 
10.76  	 -1.378183878691872 
10.77  	 -1.644019363941928 
10.78  	 -1.886260612101719 
10.79  	 -2.101433163723374 
10.8  	 -2.286451195009455 
10.81  	 -2.438661816990461 
10.82  	 -2.555883156271882 
10.83  	 -2.636435670323744 
10.84  	 -2.679166247495781 
10.85  	 -2.683464745616132 
10.86  	 -2.649272731680719 
10.87  	 -2.577084297202636 
10.88  	 -2.467938937655289 
10.89  	 -2.32340659847312 
10.9  	 -2.145565102630424 
10.91  	 -1.936970284284576 
10.92  	 -1.700619257771097 
10.93  	 -1.439907349868542 
10.94  	 -1.158579314293336 
10.95  	 -0.8606755295300261 
10.96  	 -0.5504739531702652 
10.97  	 -0.2324286668886185 
10.98  	 0.08889410485123117 
10.99  	 0.4088815829934396 
11  	 0.7229406865648678 
11.01  	 1.026563997888851 
11.02  	 1.315394492566745 
11.03  	 1.58528810424541 
11.04  	 1.832373225343483 
11.05  	 2.053106288981268 
11.06  	 2.244322633714479 
11.07  	 2.403281920500578 
11.08  	 2.527707449652706 
11.09  	 2.61581881323406 
11.1  	 2.666357414154121 
11.11  	 2.678604485769885 
11.12  	 2.652391353596094 
11.13  	 2.588101792238485 
11.14  	 2.486666444280297 
11.15  	 2.349549381941347 
11.16  	 2.178727005250928 
11.17  	 1.976659580607271 
11.18  	 1.74625582935433 
11.19  	 1.490831075871138 
11.2  	 1.214059557204416 
11.21  	 0.9199215801517489 
11.22  	 0.612646285714854 
11.23  	 0.2966508439268922 
11.24  	 -0.02352304669211774 
11.25  	 -0.343274442118142 
11.26  	 -0.6580092797569801 
11.27  	 -0.963206398781008 
11.28  	 -1.254482504925325 
11.29  	 -1.527655146046171 
11.3  	 -1.778802793412698 
11.31  	 -2.004321165380433 
11.32  	 -2.200974984181168 
11.33  	 -2.365944422281315 
11.34  	 -2.496865571163551 
11.35  	 -2.59186435137571 
11.36  	 -2.64958337702961 
11.37  	 -2.669201389263989 
11.38  	 -2.650444980052537 
11.39  	 -2.593592438603511 
11.4  	 -2.499469665867048 
11.41  	 -2.36943821671162 
11.42  	 -2.205375642511952 
11.43  	 -2.009648417579956 
11.44  	 -1.785077839476422 
11.45  	 -1.534899394231573 
11.46  	 -1.262716171425415 
11.47  	 -0.9724469995838982 
11.48  	 -0.668270048205271 
11.49  	 -0.354562707852436 
11.5  	 -0.0358386131956866 
11.51  	 0.2833172851018005 
11.52  	 0.598314665785012 
11.53  	 0.9046238512768252 
11.54  	 1.19784094149096 
11.55  	 1.473751130606926 
11.56  	 1.728389296437679 
11.57  	 1.958096991322622 
11.58  	 2.159575015304507 
11.59  	 2.329930815952623 
11.6  	 2.466720033661066 
11.61  	 2.567981595508193 
11.62  	 2.632265853599328 
11.63  	 2.65865536389377 
11.64  	 2.646778007399273 
11.65  	 2.596812265779474 
11.66  	 2.509484576277563 
11.67  	 2.386058804789335 
11.68  	 2.228317989282354 
11.69  	 2.038538616924473 
11.7  	 1.819457805655965 
11.71  	 1.574233862970766 
11.72  	 1.306400789896677 
11.73  	 1.019817385212545 
11.74  	 0.7186116825609934 
11.75  	 0.4071215201920431 
11.76  	 0.08983209864204506 
11.77  	 -0.228688575085168 
11.78  	 -0.5438554279335686 
11.79  	 -0.8511322999346003 
11.8  	 -1.146097212835567 
11.81  	 -1.424505989272243 
11.82  	 -1.682353307338379 
11.83  	 -1.915930312364955 
11.84  	 -2.121877957312863 
11.85  	 -2.297235304690248 
11.86  	 -2.43948209544454 
11.87  	 -2.546574972805359 
11.88  	 -2.616976840380299 
11.89  	 -2.649678932616884 
11.9  	 -2.644215280619102 
11.91  	 -2.600669365736789 
11.92  	 -2.519672865756406 
11.93  	 -2.402396512295204 
11.94  	 -2.250533191500701 
11.95  	 -2.066273531750892 
11.96  	 -1.852274330132613 
11.97  	 -1.611620272491096 
11.98  	 -1.347779498311251 
11.99  	 -1.064553650223273 
12  	 -0.7660231272481102 
12.01  	 -0.4564883298717414 
12.02  	 -0.1404077426689703 
12.03  	 0.1776662543410486 
12.04  	 0.4931529217876189 
12.05  	 0.8015091013249318 
12.06  	 1.098294611353342 
12.07  	 1.379236157025987 
12.08  	 1.640288834900039 
12.09  	 1.877694347241561 
12.1  	 2.088035088374644 
12.11  	 2.26828332489707 
12.12  	 2.415844762210822 
12.13  	 2.528595870619927 
12.14  	 2.604914434067449 
12.15  	 2.643702882125532 
12.16  	 2.644404069713641 
12.17  	 2.607009277706069 
12.18  	 2.532058319536578 
12.19  	 2.420631752505029 
12.2  	 2.274335306103588 
12.21  	 2.095276751674013 
12.22  	 1.886035546471273 
12.23  	 1.649625689177634 
12.24  	 1.389452321589569 
12.25  	 1.109262701182096 
12.26  	 0.8130922502470695 
12.27  	 0.5052064581382318 
12.28  	 0.1900394728176418 
12.29  	 -0.1278697344729472 
12.3  	 -0.4439427126810886 
12.31  	 -0.75362744212729 
12.32  	 -1.052463864818454 
12.33  	 -1.336148090796317 
12.34  	 -1.600594356486217 
12.35  	 -1.841993843367313 
12.36  	 -2.056869510471245 
12.37  	 -2.242126151581872 
12.38  	 -2.395094956728808 
12.39  	 -2.513571936653026 
12.4  	 -2.595849657236107 
12.41  	 -2.640741827154923 
12.42  	 -2.647600384865576 
12.43  	 -2.616324838954644 
12.44  	 -2.547363727369125 
12.45  	 -2.441708174445231 
12.46  	 -2.300877638368493 
12.47  	 -2.126898054077603 
12.48  	 -1.922272686054942 
12.49  	 -1.689946110353619 
12.5  	 -1.433261844084398 
12.51  	 -1.15591423200376 
12.52  	 -0.8618952824911155 
12.53  	 -0.5554372178896818 
12.54  	 -0.2409515658659719 
12.55  	 0.0770343317703136 
12.56  	 0.3939424791673981 
12.57  	 0.7052101178031234 
12.58  	 1.006355400935884 
12.59  	 1.293041906045219 
12.6  	 1.561141056872448 
12.61  	 1.806791556729828 
12.62  	 2.026454977730607 
12.63  	 2.216966705883822 
12.64  	 2.375581508801435 
12.65  	 2.500013070120425 
12.66  	 2.588466921536062 
12.67  	 2.63966629832619 
12.68  	 2.652870546053521 
12.69  	 2.627885813299214 
12.7  	 2.56506787626454 
12.71  	 2.465317054281735 
12.72  	 2.330065289071486 
12.73  	 2.161255573335798 
12.74  	 1.961314024359175 
12.75  	 1.733115004124135 
12.76  	 1.479939787506637 
12.77  	 1.205429372963228 
12.78  	 0.913532114418786 
12.79  	 0.6084469275987474 
12.8  	 0.2945628877501452 
12.81  	 -0.02360391235509646 
12.82  	 -0.3414753357908492 
12.83  	 -0.6544770714941583 
12.84  	 -0.9581044532650713 
12.85  	 -1.247987280780796 
12.86  	 -1.519952709975586 
12.87  	 -1.770085307875022 
12.88  	 -1.994783407729717 
12.89  	 -2.190810953482988 
12.9  	 -2.355344087464824 
12.91  	 -2.486011810797937 
12.92  	 -2.58093013124358 
12.93  	 -2.638729206879237 
12.94  	 -2.658573094740071 
12.95  	 -2.640171819922219 
12.96  	 -2.583785591108664 
12.97  	 -2.490221101448705 
12.98  	 -2.360819967574789 
12.99  	 -2.19743947263829 
13  	 -2.002425889961284 
13.01  	 -1.77858077064236 
13.02  	 -1.529120679685012 
13.03  	 -1.257630959481096 
13.04  	 -0.9680141854230291 
13.05  	 -0.6644340548002845 
13.06  	 -0.3512555158594108 
13.07  	 -0.03298199802650642 
13.08  	 0.2858093539720148 
13.09  	 0.6005335106011399 
13.1  	 0.9066635057763489 
13.11  	 1.199795554307917 
13.12  	 1.475712401855401 
13.13  	 1.730443996097823 
13.14  	 1.960324606314302 
13.15  	 2.162045569614647 
13.16  	 2.332702904925928 
13.17  	 2.469839109625308 
13.18  	 2.571478537350652 
13.19  	 2.636155847815792 
13.2  	 2.662937119079618 
13.21  	 2.651433318234766 
13.22  	 2.601805936374987 
13.23  	 2.514764706389993 
13.24  	 2.391557436001874 
13.25  	 2.233952101860369 
13.26  	 2.044211461824347 
13.27  	 1.825060550172808 
13.28  	 1.579647522862507 
13.29  	 1.311498415608586 
13.3  	 1.02446646513317 
13.31  	 0.7226767221451483 
13.32  	 0.4104667523570554 
13.33  	 0.092324278137494 
13.34  	 -0.2271773425700264 
13.35  	 -0.5434448722922836 
13.36  	 -0.851931239469277 
13.37  	 -1.148200923530125 
13.38  	 -1.427993739297702 
13.39  	 -1.687286103401681 
13.4  	 -1.922348901556683 
13.41  	 -2.129801124412497 
13.42  	 -2.306658500504594 
13.43  	 -2.450376426751026 
13.44  	 -2.558886578922239 
13.45  	 -2.630626675374658 
13.46  	 -2.6645629657805 
13.47  	 -2.660205121189636 
13.48  	 -2.617613311020259 
13.49  	 -2.537397364922455 
13.5  	 -2.420708031276769 
13.51  	 -2.26922045774189 
13.52  	 -2.085110131117013 
13.53  	 -1.871021622226797 
13.54  	 -1.630030585010482 
13.55  	 -1.365599556013537 
13.56  	 -1.081528189644747 
13.57  	 -0.7818986445916427 
13.58  	 -0.4710169065313596 
13.59  	 -0.1533508907293219 
13.6  	 0.1665337855562987 
13.61  	 0.4840394374170967 
13.62  	 0.7946024096859365 
13.63  	 1.093758686998838 
13.64  	 1.377208073134409 
13.65  	 1.640876016789933 
13.66  	 1.880972194776032 
13.67  	 2.094045010219326 
13.68  	 2.277031222084676 
13.69  	 2.427299992321149 
13.7  	 2.542690717192448 
13.71  	 2.621544098719246 
13.72  	 2.66272600935261 
13.73  	 2.665643806616952 
13.74  	 2.630254863017866 
13.75  	 2.557067188443463 
13.76  	 2.447132135988162 
13.77  	 2.302029295960084 
13.78  	 2.123843795160345 
13.79  	 1.915136327729435 
13.8  	 1.678906348371901 
13.81  	 1.41854895709289 
13.82  	 1.137806095294628 
13.83  	 0.8407127548831923 
13.84  	 0.5315389737495004 
13.85  	 0.2147284515819836 
13.86  	 -0.1051653314295228 
13.87  	 -0.4235445745274843 
13.88  	 -0.7358332537820953 
13.89  	 -1.037542906601387 
13.9  	 -1.324337157503277 
13.91  	 -1.592094057392054 
13.92  	 -1.836965340017807 
13.93  	 -2.055431743622098 
13.94  	 -2.244353602349417 
13.95  	 -2.4010159800181 
13.96  	 -2.523167697318438 
13.97  	 -2.609053691311222 
13.98  	 -2.657440241974259 
13.99  	 -2.667632703108954 
14  	 -2.639485482698784 
14.01  	 -2.573404129256692 
14.02  	 -2.470339494206433 
14.03  	 -2.331774054281442 
14.04  	 -2.159700590655476 
14.05  	 -1.956593531420949 
14.06  	 -1.725373369523223 
14.07  	 -1.469364667825061 
14.08  	 -1.192248255183329 
14.09  	 -0.8980083009437829 
14.1  	 -0.5908750288985198 
14.11  	 -0.2752638944452448 
14.12  	 0.04428790046331554 
14.13  	 0.3631866417191521 
14.14  	 0.6768481488017728 
14.15  	 0.9807636822011326 
14.16  	 1.270564764857021 
14.17  	 1.542085985577772 
14.18  	 1.791424881430161 
14.19  	 2.014998038106282 
14.2  	 2.209592601667802 
14.21  	 2.372412461060944 
14.22  	 2.501118437437771 
14.23  	 2.59386190250855 
14.24  	 2.649311342646784 
14.25  	 2.666671486913699 
14.26  	 2.645694724103872 
14.27  	 2.586684644800365 
14.28  	 2.490491657671501 
14.29  	 2.358500743213788 
14.3  	 2.192611521207486 
14.31  	 1.995210918676943 
14.32  	 1.769138831547723 
14.33  	 1.517647273936734 
14.34  	 1.244353602651123 
14.35  	 0.9531884896603362 
14.36  	 0.6483393908182831 
14.37  	 0.3341903238632649 
14.38  	 0.01525882178118176 
14.39  	 -0.3038690317804049 
14.4  	 -0.6186045507971893 
14.41  	 -0.9244224304749625 
14.42  	 -1.216925817313143 
14.43  	 -1.491909529917084 
14.44  	 -1.745420521464697 
14.45  	 -1.973814714419563 
14.46  	 -2.173809390271657 
14.47  	 -2.342530381027258 
14.48  	 -2.477553383941921 
14.49  	 -2.576938805519113 
14.5  	 -2.639259633866297 
14.51  	 -2.663621938771494 
14.52  	 -2.649677704894435 
14.53  	 -2.597629813732274 
14.54  	 -2.508229102934772 
14.55  	 -2.382763545483824 
14.56  	 -2.223039704578581 
14.57  	 -2.03135673115041 
14.58  	 -1.810473278173954 
14.59  	 -1.563567807799455 
14.6  	 -1.294192862342302 
14.61  	 -1.006223956962284 
14.62  	 -0.7038038291990143 
14.63  	 -0.3912828472894385 
14.64  	 -0.07315643441823577 
14.65  	 0.2459995910517347 
14.66  	 0.5615948293707584 
14.67  	 0.8690903206420435 
14.68  	 1.164063823975495 
14.69  	 1.442273415716313 
14.7  	 1.699718492106866 
14.71  	 1.932697299092055 
14.72  	 2.137860161946856 
14.73  	 2.312257649270971 
14.74  	 2.453382978769788 
14.75  	 2.559208055074493 
14.76  	 2.628212621456065 
14.77  	 2.659406106340175 
14.78  	 2.652341850608003 
14.79  	 2.607123511260402 
14.8  	 2.524403549553249 
14.81  	 2.405373825561773 
14.82  	 2.251748434663667 
14.83  	 2.065739033011916 
14.84  	 1.850023007093749 
14.85  	 1.607704945388338 
14.86  	 1.342271966462504 
14.87  	 1.057543546195656 
14.88  	 0.7576165659316347 
14.89  	 0.4468063720784832 
14.9  	 0.1295846950292009 
14.91  	 -0.1894846795675512 
14.92  	 -0.5058115618473353 
14.93  	 -0.8148453867403475 
14.94  	 -1.112140671194739 
14.95  	 -1.39342095809842 
14.96  	 -1.654640327170101 
14.97  	 -1.892041588103984 
14.98  	 -2.102210318990797 
14.99  	 -2.282123972814086 
15  	 -2.429195345774747 
15.01  	 -2.541309782308085 
15.02  	 -2.616855581759445 
15.03  	 -2.65474716948054 
15.04  	 -2.654440699192252 
15.05  	 -2.615941862333856 
15.06  	 -2.539805792217104 
15.07  	 -2.427129064514115 
15.08  	 -2.279533909294953 
15.09  	 -2.099144861858865 
15.1  	 -1.888558188361102 
15.11  	 -1.650804526160771 
15.12  	 -1.389305276409436 
15.13  	 -1.107823376261664 
15.14  	 -0.8104091589247868 
15.15  	 -0.501342080413264 
15.16  	 -0.1850691513171835 
15.17  	 0.13385904072046 
15.18  	 0.4508537974783037 
15.19  	 0.761354323837427 
15.2  	 1.060893339063133 
15.21  	 1.345161341881938 
15.22  	 1.610068604923323 
15.23  	 1.851804006768042 
15.24  	 2.066889855343943 
15.25  	 2.252231914081697 
15.26  	 2.40516391125698 
15.27  	 2.523485892309705 
15.28  	 2.605495863503152 
15.29  	 2.650014271792327 
15.3  	 2.656400968823279 
15.31  	 2.62456441510112 
15.32  	 2.554962991988956 
15.33  	 2.448598402727189 
15.34  	 2.307001257459763 
15.35  	 2.132209049683934 
15.36  	 1.926736840985953 
15.37  	 1.693541075812382 
15.38  	 1.435977046846886 
15.39  	 1.157750622893923 
15.4  	 0.8628649336999978 
15.41  	 0.5555627786832105 
15.42  	 0.2402655880489791 
15.43  	 -0.07849018564025506 
15.44  	 -0.3961183304143555 
15.45  	 -0.7080488535398968 
15.46  	 -1.009793726743215 
15.47  	 -1.297011452255714 
15.48  	 -1.565569520889178 
15.49  	 -1.811603863673123 
15.5  	 -2.031574441834314 
15.51  	 -2.22231617544848 
15.52  	 -2.381084478146813 
15.53  	 -2.505594742850653 
15.54  	 -2.594055210520609 
15.55  	 -2.645192749089752 
15.56  	 -2.658271171735282 
15.57  	 -2.633101830962139 
15.58  	 -2.570046336081941 
15.59  	 -2.470011354972901 
15.6  	 -2.334435574871469 
15.61  	 -2.165269009736408 
15.62  	 -1.964944951818452 
15.63  	 -1.73634497088015 
15.64  	 -1.482757464518774 
15.65  	 -1.207830355811918 
15.66  	 -0.915518618696173 
15.67  	 -0.6100273858929761 
15.68  	 -0.2957514577422327 
15.69  	 0.02278791792048562 
15.7  	 0.3410080854483066 
15.71  	 0.6543309050558377 
15.72  	 0.9582486121863618 
15.73  	 1.248388665199004 
15.74  	 1.520576648548221 
15.75  	 1.770896326592815 
15.76  	 1.995745984152343 
15.77  	 2.191890243335939 
15.78  	 2.356506611233918 
15.79  	 2.487226088850369 
15.8  	 2.582167257075108 
15.81  	 2.639963349317215 
15.82  	 2.659781921300461 
15.83  	 2.641336835002242 
15.84  	 2.584892384270531 
15.85  	 2.491259502687795 
15.86  	 2.361784108140833 
15.87  	 2.198327751662982 
15.88  	 2.003240848813213 
15.89  	 1.779328878552856 
15.9  	 1.52981203574063 
15.91  	 1.258278917534944 
15.92  	 0.9686349098146826 
15.93  	 0.6650460159713687 
15.94  	 0.3518789359900762 
15.95  	 0.03363825768044404 
15.96  	 -0.2850983365331362 
15.97  	 -0.5997459152995102 
15.98  	 -0.9057782493955269 
15.99  	 -1.198792919510266 
16  	 -1.474574644240408 
16.01  	 -1.729155917368081 
16.02  	 -1.958874082184864 
16.03  	 -2.160424021864273 
16.04  	 -2.330905707932998 
16.05  	 -2.467865922841804 
16.06  	 -2.569333556426564 
16.07  	 -2.633847968473526 
16.08  	 -2.660480009330928 
16.09  	 -2.648845396107643 
16.1  	 -2.599110251949242 
16.11  	 -2.511988728601774 
16.12  	 -2.388732746342221 
16.13  	 -2.231113998734065 
16.14  	 -2.041398480926259 
16.15  	 -1.822313907753482 
16.16  	 -1.577010490168354 
16.17  	 -1.309015634070971 
16.18  	 -1.022183213023923 
16.19  	 -0.7206381443938572 
16.2  	 -0.4087170660214993 
16.21  	 -0.09090596661858913 
16.22  	 0.2282243330843443 
16.23  	 0.5440839204914394 
16.24  	 0.8521298070707826 
16.25  	 1.147931270555912 
16.26  	 1.427233583594482 
16.27  	 1.686019212215162 
16.28  	 1.920565603864047 
16.29  	 2.127498733803026 
16.3  	 2.303841639659433 
16.31  	 2.447057245991558 
16.32  	 2.555084862851988 
16.33  	 2.626369833308766 
16.34  	 2.659885903415152 
16.35  	 2.655149992784716 
16.36  	 2.612229153224568 
16.37  	 2.531739615233789 
16.38  	 2.414837935970322 
16.39  	 2.263204375891506 
16.4  	 2.079018743046675 
16.41  	 1.864929052337627 
16.42  	 1.62401345040567 
16.43  	 1.359735953666438 
16.44  	 1.07589663600202 
16.45  	 0.7765769824547254 
16.46  	 0.4660811947994067 
16.47  	 0.1488742931014792 
16.48  	 -0.1704820965415986 
16.49  	 -0.4873953445900687 
16.5  	 -0.797307867491502 
16.51  	 -1.095762674022568 
16.52  	 -1.378467465840951 
16.53  	 -1.641356370329587 
16.54  	 -1.880648417859046 
16.55  	 -2.092901922407678 
16.56  	 -2.275063983389529 
16.57  	 -2.42451439670034 
16.58  	 -2.539103343392507 
16.59  	 -2.617182313875171 
16.6  	 -2.657627822817941 
16.61  	 -2.659857573617607 
16.62  	 -2.623838839875158 
16.63  	 -2.550088943263714 
16.64  	 -2.439667820837056 
16.65  	 -2.294162788598127 
16.66  	 -2.115665720381242 
16.67  	 -1.90674297018625 
16.68  	 -1.670398470469066 
16.69  	 -1.410030537039245 
16.7  	 -1.129383001730542 
16.71  	 -0.8324913755924963 
16.72  	 -0.5236248168266473 
16.73  	 -0.207224738032196 
16.74  	 0.1121590643353745 
16.75  	 0.429933839748105 
16.76  	 0.7415299316564512 
16.77  	 1.042466493934169 
16.78  	 1.328415930607393 
16.79  	 1.595266132113995 
16.8  	 1.839179613023837 
16.81  	 2.056648700708112 
16.82  	 2.24454598123577 
16.83  	 2.400169276980361 
16.84  	 2.52128050906069 
16.85  	 2.606137885682295 
16.86  	 2.653520953429408 
16.87  	 2.66274815119817 
16.88  	 2.633686614285264 
16.89  	 2.566754087601279 
16.9  	 2.462912920461803 
16.91  	 2.323656229289674 
16.92  	 2.150986427200775 
16.93  	 1.947386429223712 
16.94  	 1.715783947241334 
16.95  	 1.459509388124772 
16.96  	 1.182247960528996 
16.97  	 0.8879866791094602 
16.98  	 0.5809570283048329 
16.99  	 0.2655741102550269 
17  	 -0.05362684801053164 
17.01  	 -0.37205571499983 
17.02  	 -0.6851334648383671 
17.03  	 -0.988358027682548 
17.04  	 -1.277369033441618 
17.05  	 -1.548010517698478 
17.06  	 -1.796390688025891 
17.07  	 -2.018937891170461 
17.08  	 -2.212451976214177 
17.09  	 -2.374150315036673 
17.1  	 -2.501707818238225 
17.11  	 -2.593290371038901 
17.12  	 -2.647581208301297 
17.13  	 -2.663799849371738 
17.14  	 -2.641713320437543 
17.15  	 -2.581639503016691 
17.16  	 -2.48444256043609 
17.17  	 -2.351520508086704 
17.18  	 -2.184785106229707 
17.19  	 -1.98663436454256 
17.2  	 -1.759918053849319 
17.21  	 -1.507896721047759 
17.22  	 -1.234194796680188 
17.23  	 -0.9427484695519091 
17.24  	 -0.6377490780587542 
17.25  	 -0.3235828323611132 
17.26  	 -0.004767734308778693 
17.27  	 0.314111397679985 
17.28  	 0.628468864330061 
17.29  	 0.9337840335443908 
17.3  	 1.225666352320405 
17.31  	 1.499918487572292 
17.32  	 1.75259668779628 
17.33  	 1.980067497488594 
17.34  	 2.179060008683039 
17.35  	 2.346712898162707 
17.36  	 2.480615573894922 
17.37  	 2.578842838961767 
17.38  	 2.639982574491569 
17.39  	 2.663156043499013 
17.4  	 2.648030523668707 
17.41  	 2.594824087443063 
17.42  	 2.504302460713178 
17.43  	 2.377768005337003 
17.44  	 2.217040983983873 
17.45  	 2.0244333767991 
17.46  	 1.802715626500963 
17.47  	 1.555076790223777 
17.48  	 1.285078671242887 
17.49  	 0.9966045902959473 
17.5  	 0.6938035333051752 
17.51  	 0.3810304787982031 
17.52  	 0.0627837632648019 
17.53  	 -0.2563596147172543 
17.54  	 -0.5718098211140514 
17.55  	 -0.879030197094497 
17.56  	 -1.173602504344453 
17.57  	 -1.451290466676886 
17.58  	 -1.708100694087326 
17.59  	 -1.940340113055496 
17.6  	 -2.144669077147096 
17.61  	 -2.318149394101562 
17.62  	 -2.458286578708642 
17.63  	 -2.563065723826996 
17.64  	 -2.630980473687463 
17.65  	 -2.66105468283174 
17.66  	 -2.65285644923737 
17.67  	 -2.606504319858712 
17.68  	 -2.522665579393909 
17.69  	 -2.402546646950359 
17.7  	 -2.247875718788085 
17.71  	 -2.060877906839655 
17.72  	 -1.844243230632332 
17.73  	 -1.601087923021435 
17.74  	 -1.334909606304513 
17.75  	 -1.049536983441474 
17.76  	 -0.7490747679879224 
17.77  	 -0.4378446448235169 
17.78  	 -0.1203231108391731 
17.79  	 0.1989229103844987 
17.8  	 0.5153017538651853 
17.81  	 0.824263053740117 
17.82  	 1.121363189184261 
17.83  	 1.402329194447205 
17.84  	 1.663120213826457 
17.85  	 1.89998561771102 
17.86  	 2.1095189438573 
17.87  	 2.288706888109003 
17.88  	 2.434972639979688 
17.89  	 2.546212939857216 
17.9  	 2.620828324893149 
17.91  	 2.657746128608767 
17.92  	 2.656435903473275 
17.93  	 2.616917044690318 
17.94  	 2.539758505598402 
17.95  	 2.426070608835892 
17.96  	 2.277489071106318 
17.97  	 2.096151471369039 
17.98  	 1.884666500963915 
17.99  	 1.646076437992698 
18  	 1.38381338573178 
18.01  	 1.101649904538752 
18.02  	 0.8036447473492884 
18.03  	 0.4940844792812646 
18.04  	 0.1774218210570301 
18.05  	 -0.1417883969288709 
18.06  	 -0.4589547487083283 
18.07  	 -0.7695152527048824 
18.08  	 -1.069002987707419 
18.09  	 -1.353110341097528 
18.1  	 -1.617750965252972 
18.11  	 -1.859118551017788 
18.12  	 -2.073741572914246 
18.13  	 -2.258533218714604 
18.14  	 -2.41083578525803 
18.15  	 -2.528458901993663 
18.16  	 -2.609711032510017 
18.17  	 -2.653423800996545 
18.18  	 -2.658968793784739 
18.19  	 -2.626266594349294 
18.2  	 -2.555787921857557 
18.21  	 -2.448546856931654 
18.22  	 -2.306086252097941 
18.23  	 -2.13045553680669 
18.24  	 -1.924181236293706 
18.25  	 -1.690230628352079 
18.26  	 -1.431969060778909 
18.27  	 -1.153111543439217 
18.28  	 -0.8576693112359894 
18.29  	 -0.5498921266069308 
18.3  	 -0.2342071514448371 
18.31  	 0.08484473232189443 
18.32  	 0.4026742375586993 
18.33  	 0.7147096827150257 
18.34  	 1.016462749118928 
18.35  	 1.303593038968859 
18.36  	 1.571970505468143 
18.37  	 1.817734857155806 
18.38  	 2.037351082010801 
18.39  	 2.227660292719219 
18.4  	 2.385925161792969 
18.41  	 2.509869293045777 
18.42  	 2.597709963148724 
18.43  	 2.648183762348702 
18.44  	 2.660564765567324 
18.45  	 2.634674972535987 
18.46  	 2.570886866819863 
18.47  	 2.47011805693979 
18.48  	 2.333818076686507 
18.49  	 2.163947534497825 
18.5  	 1.962949911814549 
18.51  	 1.733716416062153 
18.52  	 1.479544393801828 
18.53  	 1.204089902219672 
18.54  	 0.9113151211441963 
18.55  	 0.60543136199169 
18.56  	 0.2908384933686556 
18.57  	 -0.02793834539994511 
18.58  	 -0.3463138325402846 
18.59  	 -0.6597084177056258 
18.6  	 -0.9636141928176281 
18.61  	 -1.253659732426848 
18.62  	 -1.525672970968473 
18.63  	 -1.775741212525596 
18.64  	 -2.000267409956576 
18.65  	 -2.19602190390198 
18.66  	 -2.360188877488566 
18.67  	 -2.490406858553304 
18.68  	 -2.5848026868266 
18.69  	 -2.642018457509077 
18.7  	 -2.661231053698481 
18.71  	 -2.642163986719853 
18.72  	 -2.585091374049283 
18.73  	 -2.490833997608668 
18.74  	 -2.360747499118818 
18.75  	 -2.196702882293066 
18.76  	 -2.001059602306277 
18.77  	 -1.776631629593427 
18.78  	 -1.526646976084276 
18.79  	 -1.254701266012404 
18.8  	 -0.9647060190959023 
18.81  	 -0.6608323899408641 
18.82  	 -0.347451172874026 
18.83  	 -0.029069935127018 
18.84  	 0.2897318174004759 
18.85  	 0.6043685092722708 
18.86  	 0.910314452129005 
18.87  	 1.203168940110516 
18.88  	 1.478719547799657 
18.89  	 1.733002720251798 
18.9  	 1.962360783621037 
18.91  	 2.163494556375758 
18.92  	 2.333510804372049 
18.93  	 2.469963857213659 
18.94  	 2.57089078730497 
18.95  	 2.634839645590914 
18.96  	 2.660890347843495 
18.97  	 2.648667911061765 
18.98  	 2.598347849580956 
18.99  	 2.510653653253794 
19  	 2.38684638395149 
19.01  	 2.228706539995053 
19.02  	 2.038508449339178 
19.03  	 1.818987559791364 
19.04  	 1.573301096712461 
19.05  	 1.304982654042244 
19.06  	 1.017891371752543 
19.07  	 0.7161564306961499 
19.08  	 0.4041176631718682 
19.09  	 0.08626313339628938 
19.1  	 -0.2328354143427478 
19.11  	 -0.5485883114042027 
19.12  	 -0.8564539786185036 
19.13  	 -1.152004248738822 
19.14  	 -1.430988057980093 
19.15  	 -1.689392590561482 
19.16  	 -1.923500996798678 
19.17  	 -2.129945854572227 
19.18  	 -2.305757605218517 
19.19  	 -2.448407267170372 
19.2  	 -2.555842812974884 
19.21  	 -2.626518686453645 
19.22  	 -2.65941803543372 
19.23  	 -2.654067340248007 
19.24  	 -2.610543227573595 
19.25  	 -2.529471371573876 
19.26  	 -2.412017498117402 
19.27  	 -2.25987062142733 
19.28  	 -2.075218754235873 
19.29  	 -1.860717440771738 
19.3  	 -1.619451565138094 
19.31  	 -1.354890984359263 
19.32  	 -1.070840624195257 
19.33  	 -0.7713857554664865 
19.34  	 -0.460833237951529 
19.35  	 -0.1436495769211349 
19.36  	 0.1756033167821666 
19.37  	 0.4923337391769763 
19.38  	 0.8019862344029266 
19.39  	 1.10010711495112 
19.4  	 1.382408518499354 
19.41  	 1.644830080030946 
19.42  	 1.883597332211765 
19.43  	 2.095275994053848 
19.44  	 2.276821367029059 
19.45  	 2.425622128161971 
19.46  	 2.539537890215762 
19.47  	 2.616929988729067 
19.48  	 2.65668505307646 
19.49  	 2.658231022509164 
19.5  	 2.621545376793276 
19.51  	 2.547155463037233 
19.52  	 2.436130913978028 
19.53  	 2.290068266741876 
19.54  	 2.111068003273447 
19.55  	 1.901704342625289 
19.56  	 1.664988219547602 
19.57  	 1.404323981819189 
19.58  	 1.123460429103042 
19.59  	 0.8264368974959668 
19.6  	 0.5175251651996323 
19.61  	 0.2011680148460823 
19.62  	 -0.1180846639007043 
19.63  	 -0.4356413124658282 
19.64  	 -0.7469347410433966 
19.65  	 -1.04748781604586 
19.66  	 -1.332977852567824 
19.67  	 -1.599298785732099 
19.68  	 -1.842620226728634 
19.69  	 -2.059442554160839 
19.7  	 -2.246647248334004 
19.71  	 -2.401541744537315 
19.72  	 -2.52189816019996 
19.73  	 -2.605985338909734 
19.74  	 -2.652593750401681 
19.75  	 -2.661052888372671 
19.76  	 -2.631240915877294 
19.77  	 -2.563586419559372 
19.78  	 -2.459062247468083 
19.79  	 -2.319171519065664 
19.8  	 -2.145926008617655 
19.81  	 -1.941817212846934 
19.82  	 -1.709780518952354 
19.83  	 -1.453152988327573 
19.84  	 -1.175625363139139 
19.85  	 -0.8811889860137507 
19.86  	 -0.5740783962481806 
19.87  	 -0.2587104281392599 
19.88  	 0.06037931265902896 
19.89  	 0.3786016811321604 
19.9  	 0.6913799950642694 
19.91  	 0.9942158580903924 
19.92  	 1.282753856946658 
19.93  	 1.552844202413648 
19.94  	 1.800602413021523 
19.95  	 2.022465183116553 
19.96  	 2.215241631765783 
19.97  	 2.37615919541039 
19.98  	 2.502903504213418 
19.99  	 2.59365166857598 
20  	 2.647098497073364 
20.01  	 2.66247526872542 
20.02  	 2.639560789602145 
20.03  	 2.578684574735322 
20.04  	 2.480722109564267 
20.05  	 2.347082259059456 
20.06  	 2.179687005603414 
20.07  	 1.98094380703976 
20.08  	 1.753710972441449 
20.09  	 1.501256553571947 
20.1  	 1.227211343273531 
20.11  	 0.9355166567741053 
20.12  	 0.6303676469387589 
20.13  	 0.3161529687254063 
20.14  	 -0.00260833938829319 
20.15  	 -0.3213318492124617 
20.16  	 -0.6354336771218358 
20.17  	 -0.940396410510229 
20.18  	 -1.231834078243135 
20.19  	 -1.505555230678399 
20.2  	 -1.757623222013714 
20.21  	 -1.984412827956939 
20.22  	 -2.182662384422126 
20.23  	 -2.349520697372743 
20.24  	 -2.482588049137189 
20.25  	 -2.579950711428943 
20.26  	 -2.640208468693179 
20.27  	 -2.66249475593035 
20.28  	 -2.646489121369255 
20.29  	 -2.592421834749569 
20.3  	 -2.501070574939356 
20.31  	 -2.373749244531545 
20.32  	 -2.212289072296888 
20.33  	 -2.019012275290219 
20.34  	 -1.796698659417367 
20.35  	 -1.548545638832074 
20.36  	 -1.278122249185475 
20.37  	 -0.9893178161336365 
20.38  	 -0.6862860173786878 
20.39  	 -0.373385142771095 
20.4  	 -0.05511541168123713 
20.41  	 0.2639457508283587 
20.42  	 0.5792095481420085 
20.43  	 0.8861418096846645 
20.44  	 1.180328202764011 
20.45  	 1.457537720756253 
20.46  	 1.71378353452232 
20.47  	 1.945380331865364 
20.48  	 2.148997320352036 
20.49  	 2.3217061311925 
20.5  	 2.461022935210479 
20.51  	 2.56494416517998 
20.52  	 2.631975330762503 
20.53  	 2.661152511624874 
20.54  	 2.652056219624442 
20.55  	 2.604817430700851 
20.56  	 2.520115699733049 
20.57  	 2.399169385487437 
20.58  	 2.243718126259633 
20.59  	 2.055997818266973 
20.6  	 1.838708456677852 
20.61  	 1.594975301816929 
20.62  	 1.32830392908561 
20.63  	 1.042529809104035 
20.64  	 0.7417631432493563 
20.65  	 0.43032974800347 
20.66  	 0.112708838350473 
20.67  	 -0.2065313949375867 
20.68  	 -0.5227994875598863 
20.69  	 -0.8315467385224342 
20.7  	 -1.128332631771019 
20.71  	 -1.408888701692091 
20.72  	 -1.669179923934878 
20.73  	 -1.905462748601773 
20.74  	 -2.114338941146922 
20.75  	 -2.292804456620329 
20.76  	 -2.438292644329497 
20.77  	 -2.548711161535097 
20.78  	 -2.622472065278783 
20.79  	 -2.658514649558353 
20.8  	 -2.656320699407172 
20.81  	 -2.615921942500041 
20.82  	 -2.537899591128241 
20.83  	 -2.42337598114783 
20.84  	 -2.273998428171753 
20.85  	 -2.091915533212596 
20.86  	 -1.879746278579281 
20.87  	 -1.640542358525746 
20.88  	 -1.377744286450956 
20.89  	 -1.095131909958498 
20.9  	 -0.7967700455126896 
20.91  	 -0.4869500146201686 
20.92  	 -0.1701279224115098 
20.93  	 0.1491394336510014 
20.94  	 0.4662601031297408 
20.95  	 0.7766730273971438 
20.96  	 1.075913639947192 
20.97  	 1.359678078724461 
20.98  	 1.623885086926758 
20.99  	 1.864734711984974 
21  	 2.078762958476176 
21.01  	 2.262891608920842 
21.02  	 2.41447249591539 
21.03  	 2.531325588857301 
21.04  	 2.611770347484154 
21.05  	 2.654649891290461 
21.06  	 2.659347637214132 
21.07  	 2.625796166312009 
21.08  	 2.554478191912517 
21.09  	 2.446419615336326 
21.1  	 2.303174769078262 
21.11  	 2.126804059709405 
21.12  	 1.919844332070961 
21.13  	 1.685272381018765 
21.14  	 1.426462135533859 
21.15  	 1.147136131022513 
21.16  	 0.8513119677798611 
21.17  	 0.5432445257030201 
21.18  	 0.2273647663753301 
21.19  	 -0.09178399727478931 
21.2  	 -0.4096114471149273 
21.21  	 -0.7215462818858549 
21.22  	 -1.02310196563051 
21.23  	 -1.309941256827673 
21.24  	 -1.577938590121455 
21.25  	 -1.8232394134247 
21.26  	 -2.042315626965902 
21.27  	 -2.232016326915383 
21.28  	 -2.389613123760898 
21.29  	 -2.512839383634135 
21.3  	 -2.599922828195538 
21.31  	 -2.64961102420816 
21.32  	 -2.661189396198289 
21.33  	 -2.63449150314002 
21.34  	 -2.56990143136658 
21.35  	 -2.468348269302254 
21.36  	 -2.331292743494659 
21.37  	 -2.160706208169768 
21.38  	 -1.959042290509811 
21.39  	 -1.729201599485494 
21.4  	 -1.474490005839231 
21.41  	 -1.198571093280752 
21.42  	 -0.9054134647903349 
21.43  	 -0.5992336619224334 
21.44  	 -0.2844355180993017 
21.45  	 0.03445318182719687 
21.46  	 0.3528458247246268 
21.47  	 0.6661629383793042 
21.48  	 0.9698980579174645 
21.49  	 1.259682542098939 
21.5  	 1.531348407238578 
21.51  	 1.780988275023601 
21.52  	 2.005011572006158 
21.53  	 2.200196172462697 
21.54  	 2.363734741849709 
21.55  	 2.493275114306608 
21.56  	 2.586954123464339 
21.57  	 2.643424399979054 
21.58  	 2.661873750369053 
21.59  	 2.642036838435628 
21.6  	 2.584199001259524 
21.61  	 2.48919214489221 
21.62  	 2.358382778777957 
21.63  	 2.193652361010278 
21.64  	 1.997370237118602 
21.65  	 1.772359561607153 
21.66  	 1.521856692396172 
21.67  	 1.249464642193793 
21.68  	 0.9591012563051748 
21.69  	 0.6549428622342548 
21.7  	 0.3413642015619485 
21.71  	 0.02287550805599192 
21.72  	 -0.2959423629872428 
21.73  	 -0.6105038211398206 
21.74  	 -0.9162844953400706 
21.75  	 -1.208886307873642 
21.76  	 -1.484100731884769 
21.77  	 -1.737969322590861 
21.78  	 -1.966840651585632 
21.79  	 -2.167422825349887 
21.8  	 -2.336830832601015 
21.81  	 -2.472628039488251 
21.82  	 -2.57286123581174 
21.83  	 -2.636088728198055 
21.84  	 -2.661401076169674 
21.85  	 -2.648434172862105 
21.86  	 -2.597374482248346 
21.87  	 -2.508956357542259 
21.88  	 -2.384451479347808 
21.89  	 -2.225650565461832 
21.9  	 -2.034837615393797 
21.91  	 -1.814757060038281 
21.92  	 -1.568574288980263 
21.93  	 -1.299830123162028 
21.94  	 -1.012389887723771 
21.95  	 -0.7103878174951006 
21.96  	 -0.3981675947448296 
21.97  	 -0.08021987442579298 
21.98  	 0.2388823045196399 
21.99  	 0.5545492928229683 
22  	 0.8622408435077777 
22.01  	 1.157531414011428 
22.02  	 1.43617381857739 
22.03  	 1.694160315412771 
22.04  	 1.927780250000514 
22.05  	 2.133673425487607 
22.06  	 2.308878432526998 
22.07  	 2.450875243447944 
22.08  	 2.557621458124347 
22.09  	 2.627581680216944 
22.1  	 2.659749601269649 
22.11  	 2.653662475021832 
22.12  	 2.609407773748446 
22.13  	 2.527621930884353 
22.14  	 2.409481188010861 
22.15  	 2.256684677844059 
22.16  	 2.071429986532969 
22.17  	 1.856381546744463 
22.18  	 1.6146323161257 
22.19  	 1.349659292310446 
22.2  	 1.065273504283862 
22.21  	 0.7655651993664994 
22.22  	 0.4548450141791585 
22.23  	 0.1375819757127237 
22.24  	 -0.1816607757803862 
22.25  	 -0.4982916175891041 
22.26  	 -0.8077564850862553 
22.27  	 -1.105604372162089 
22.28  	 -1.387551349467636 
22.29  	 -1.649542179704004 
22.3  	 -1.887808643754152 
22.31  	 -2.098923738760239 
22.32  	 -2.279850968621878 
22.33  	 -2.427988017974684 
22.34  	 -2.541204181489095 
22.35  	 -2.617871010144847 
22.36  	 -2.656885733694771 
22.37  	 -2.65768712242977 
22.38  	 -2.620263560100347 
22.39  	 -2.545153211875155 
22.4  	 -2.433436284912212 
22.41  	 -2.286719492848643 
22.42  	 -2.107112947644152 
22.43  	 -1.897199811129295 
22.44  	 -1.659999142745429 
22.45  	 -1.398922477821131 
22.46  	 -1.117724760902729 
22.47  	 -0.8204503398468439 
22.48  	 -0.5113747974236267 
22.49  	 -0.1949434570479169 
22.5  	 0.1242925529083256 
22.51  	 0.4417417566539116 
22.52  	 0.7528383689089805 
22.53  	 1.053107963422075 
22.54  	 1.338231827579899 
22.55  	 1.604109077512683 
22.56  	 1.846915640307424 
22.57  	 2.063159255000081 
22.58  	 2.249729701277871 
22.59  	 2.403943533460701 
22.6  	 2.523582676359239 
22.61  	 2.606926327889515 
22.62  	 2.652775709590602 
22.63  	 2.660471309058127 
22.64  	 2.629902366292812 
22.65  	 2.561508467516617 
22.66  	 2.456273223525046 
22.67  	 2.315710123490037 
22.68  	 2.141840767666205 
22.69  	 1.937165792065477 
22.7  	 1.704628903274637 
22.71  	 1.447574540685651 
22.72  	 1.169699775063861 
22.73  	 0.875001135276992 
22.74  	 0.5677171279549907 
22.75  	 0.2522672767987763 
22.76  	 -0.06681144168659936 
22.77  	 -0.384929851811722 
22.78  	 -0.6975125831547111 
22.79  	 -1.000063876524739 
22.8  	 -1.288232244970753 
22.81  	 -1.557873059835812 
22.82  	 -1.805108161700209 
22.83  	 -2.026381638845995 
22.84  	 -2.218510970996256 
22.85  	 -2.37873280274175 
22.86  	 -2.504742688306477 
22.87  	 -2.594728236011708 
22.88  	 -2.647395175727558 
22.89  	 -2.661985974387375 
22.9  	 -2.638290731818732 
22.91  	 -2.576650200174384 
22.92  	 -2.477950883530172 
22.93  	 -2.343612288125184 
22.94  	 -2.175566506614305 
22.95  	 -1.976230429960742 
22.96  	 -1.748470986630598 
22.97  	 -1.495563909037626 
22.98  	 -1.221146620282198 
22.99  	 -0.9291659187945184 
23  	 -0.623821213312553 
23.01  	 -0.3095041246235576 
23.02  	 0.009264677245910846 
23.03  	 0.3279004919445628 
23.04  	 0.6418205286724634 
23.05  	 0.9465098186292613 
23.06  	 1.237586152039272 
23.07  	 1.510863105786894 
23.08  	 1.762410255157558 
23.09  	 1.988609703679117 
23.1  	 2.18620811801372 
23.11  	 2.352363519499274 
23.12  	 2.484686159352616 
23.13  	 2.581272889638931 
23.14  	 2.640734535659974 
23.15  	 2.66221587607158 
23.16  	 2.645407943361398 
23.17  	 2.590552467771246 
23.18  	 2.498438400746535 
23.19  	 2.370390567912675 
23.2  	 2.208250614776563 
23.21  	 2.014350519202486 
23.22  	 1.791479051621115 
23.23  	 1.542841665360889 
23.24  	 1.272014393983218 
23.25  	 0.9828924186983317 
23.26  	 0.6796340455970395 
23.27  	 0.3666008984527618 
23.28  	 0.04829518727847376 
23.29  	 -0.2707050451183458 
23.3  	 -0.5858117672577872 
23.31  	 -0.8924929467747684 
23.32  	 -1.186337732793241 
23.33  	 -1.463119895393047 
23.34  	 -1.718858609742719 
23.35  	 -1.949875710662189 
23.36  	 -2.152848594143974 
23.37  	 -2.324858004969648 
23.38  	 -2.46343002310992 
23.39  	 -2.566571645033542 
23.4  	 -2.632799448172474 
23.41  	 -2.661160926273299 
23.42  	 -2.651248188777048 
23.43  	 -2.603203827195061 
23.44  	 -2.51771886410802 
23.45  	 -2.396022814288041 
23.46  	 -2.239866000892517 
23.47  	 -2.051494381070745 
23.48  	 -1.833617243059177 
23.49  	 -1.589368239367743 
23.5  	 -1.322260316504506 
23.51  	 -1.036135189469754 
23.52  	 -0.7351080877112137 
23.53  	 -0.4235085672409538 
23.54  	 -0.1058182401933926 
23.55  	 0.213393682560907 
23.56  	 0.5295361086771447 
23.57  	 0.8380620962851586 
23.58  	 1.134534250910773 
23.59  	 1.414688546788716 
23.6  	 1.674495654647888 
23.61  	 1.910218893913583 
23.62  	 2.118467975821384 
23.63  	 2.296247764475576 
23.64  	 2.441001354540432 
23.65  	 2.550646845994859 
23.66  	 2.623607287034191 
23.67  	 2.658833354463306 
23.68  	 2.655818445379682 
23.69  	 2.614605963091044 
23.7  	 2.535788692480048 
23.71  	 2.42050027380348 
23.72  	 2.270398897558906 
23.73  	 2.087643454933775 
23.74  	 1.874862486860556 
23.75  	 1.635116378276868 
23.76  	 1.37185334134134 
23.77  	 1.088859820687222 
23.78  	 0.79020603402156 
23.79  	 0.4801874313442264 
23.8  	 0.1632629147620271 
23.81  	 -0.1560092925359964 
23.82  	 -0.4730372057648393 
23.83  	 -0.7832611235695019 
23.84  	 -1.082219208685771 
23.85  	 -1.365611661010174 
23.86  	 -1.629362560098802 
23.87  	 -1.869678487635014 
23.88  	 -2.083103086719091 
23.89  	 -2.266566773272798 
23.9  	 -2.417430884577731 
23.91  	 -2.533525629975732 
23.92  	 -2.613181297901521 
23.93  	 -2.655252270410086 
23.94  	 -2.659133499809235 
23.95  	 -2.624769210423114 
23.96  	 -2.552653700336319 
23.97  	 -2.443824231591736 
23.98  	 -2.299846111104904 
23.99  	 -2.122790176876077 
24  	 -1.915203013313535 
24.01  	 -1.680070324056572 
24.02  	 -1.420773989100072 
24.03  	 -1.141043423859207 
24.04  	 -0.8449019397660311 
24.05  	 -0.5366088778809641 
24.06  	 -0.2205983477972516 
24.07  	 0.09858454705871994 
24.08  	 0.4163490804764113 
24.09  	 0.7281249306451472 
24.1  	 1.02942791382231 
24.11  	 1.315924479056892 
24.12  	 1.583494036359409 
24.13  	 1.828288221870544 
24.14  	 2.046786247635645 
24.15  	 2.235845539906566 
24.16  	 2.392746937656586 
24.17  	 2.515233801233427 
24.18  	 2.601544468664459 
24.19  	 2.650437592807458 
24.2  	 2.661209994933226 
24.21  	 2.633706777960865 
24.22  	 2.568323553893719 
24.23  	 2.466000753423685 
24.24  	 2.328210099551395 
24.25  	 2.156933439772834 
24.26  	 1.954634241287459 
24.27  	 1.724222159208632 
24.28  	 1.469011187386212 
24.29  	 1.192671993750488 
24.3  	 0.8991791257289992 
24.31  	 0.5927538450697549 
24.32  	 0.2778034142653645 
24.33  	 -0.04114229219219234 
24.34  	 -0.359495940020436 
24.35  	 -0.6726787137500815 
24.36  	 -0.9761861727693257 
24.37  	 -1.265653037617575 
24.38  	 -1.536915974723783 
24.39  	 -1.7860734765728 
24.4  	 -2.009541976059175 
24.41  	 -2.204107387950931 
24.42  	 -2.366971336156866 
24.43  	 -2.495791401923913 
24.44  	 -2.588714814086891 
24.45  	 -2.644405096814412 
24.46  	 -2.662061291585605 
24.47  	 -2.641429476935273 
24.48  	 -2.58280642028472 
24.49  	 -2.487035309337633 
24.5  	 -2.355493624438218 
24.51  	 -2.190073326323383 
24.52  	 -1.993153644226482 
24.53  	 -1.767566855717495 
24.54  	 -1.516557550462467 
24.55  	 -1.243735963804237 
24.56  	 -0.9530260513585123 
24.57  	 -0.6486090514580398 
24.58  	 -0.3348633471745299 
24.59  	 -0.01630149287008775 
24.6  	 0.3024946889883477 
24.61  	 0.6169400072634013 
24.62  	 0.9225118500136933 
24.63  	 1.214815232279154 
24.64  	 1.489646008217918 
24.65  	 1.743051338429406 
24.66  	 1.971386542776373 
24.67  	 2.171367521005425 
24.68  	 2.34011798721295 
24.69  	 2.475210838794807 
24.7  	 2.574703064880556 
24.71  	 2.637163692173292 
24.72  	 2.661694366257411 
24.73  	 2.647942272359278 
24.74  	 2.596105209725485 
24.75  	 2.506928746636206 
24.76  	 2.381695496973542 
24.77  	 2.222206672578534 
24.78  	 2.030756176726137 
24.79  	 1.810097611326688 
24.8  	 1.563404672382707 
24.81  	 1.294225503324879 
24.82  	 1.006431662753587 
24.83  	 0.7041624405719777 
24.84  	 0.391765323399504 
24.85  	 0.07373346553889937 
24.86  	 -0.2453589351621346 
24.87  	 -0.5609224270798491 
24.88  	 -0.8684183139743554 
24.89  	 -1.163423934145474 
24.9  	 -1.441696270688993 
24.91  	 -1.699232977961225 
24.92  	 -1.932329946521844 
24.93  	 -2.13763457861124 
24.94  	 -2.312194007913071 
24.95  	 -2.453497570067771 
24.96  	 -2.559512913093026 
24.97  	 -2.628715228342764 
24.98  	 -2.66010918158212 
24.99  	 -2.653243228748146 
25  	 -2.608216110495475 
25.01  	 -2.525675432116774 
25.02  	 -2.406808349262041 
25.03  	 -2.253324493421286 
25.04  	 -2.067431382748762 
25.05  	 -1.851802671888592 
25.06  	 -1.609539697456501 
25.07  	 -1.344126872259542 
25.08  	 -1.059381569807838 
25.09  	 -0.7593992199172268 
25.1  	 -0.4484944050796181 
25.11  	 -0.1311388047978652 
25.12  	 0.1881031195829073 
25.13  	 0.5046397745176074 
25.14  	 0.8139184741536445 
25.15  	 1.111490920637128 
25.16  	 1.393077183044617 
25.17  	 1.654627254746047 
25.18  	 1.892379303833151 
25.19  	 2.102913778810455 
25.2  	 2.283202591358519 
25.21  	 2.430652668784343 
25.22  	 2.543143249753067 
25.23  	 2.619056386884023 
25.24  	 2.657300217497989 
25.25  	 2.657324667816475 
25.26  	 2.619129364741558 
25.27  	 2.543263641421277 
25.28  	 2.430818636518701 
25.29  	 2.28341160081712 
25.3  	 2.103162636873882 
25.31  	 1.892664206268895 
25.32  	 1.654943843015974 
25.33  	 1.393420609419283 
25.34  	 1.111855920658073 
25.35  	 0.8142994453763641 
25.36  	 0.5050308603748286 
25.37  	 0.1884982971318133 
25.38  	 -0.1307456345388394 
25.39  	 -0.4481093255378445 
25.4  	 -0.7590282074698289 
25.41  	 -1.059030403735337 
25.42  	 -1.343801047482051 
25.43  	 -1.609244341345791 
25.44  	 -1.851542466390932 
25.45  	 -2.067210492976812 
25.46  	 -2.253146503779851 
25.47  	 -2.406676208063152 
25.48  	 -2.525591405516323 
25.49  	 -2.608181746448027 
25.5  	 -2.653259331530556 
25.51  	 -2.660175797282489 
25.52  	 -2.628831641551086 
25.53  	 -2.559677654866111 
25.54  	 -2.453708437075943 
25.55  	 -2.312448092512205 
25.56  	 -2.137928309423249 
25.57  	 -1.932659138952122 
25.58  	 -1.699592893935135 
25.59  	 -1.442081686753092 
25.6  	 -1.163829216955315 
25.61  	 -0.8688375020805985 
25.62  	 -0.5613493178301918 
25.63  	 -0.2457871754592793 
25.64  	 0.07331028594205613 
25.65  	 0.3913535774262522 
25.66  	 0.7037683695488093 
25.67  	 1.006061283717186 
25.68  	 1.293884519268645 
25.69  	 1.563098386762818 
25.7  	 1.809830848088867 
25.71  	 2.030533207037119 
25.72  	 2.222031149351615 
25.73  	 2.381570398167051 
25.74  	 2.506856328178822 
25.75  	 2.596086968784656 
25.76  	 2.647978921520817 
25.77  	 2.661785819027488 
25.78  	 2.637309060051038 
25.79  	 2.574900666082439 
25.8  	 2.475458218543447 
25.81  	 2.340411949335389 
25.82  	 2.171704170421525 
25.83  	 1.971761338299528 
25.84  	 1.743459155150965 
25.85  	 1.490081208606454 
25.86  	 1.215271744997423 
25.87  	 0.9229832553420534 
25.88  	 0.617419627920109 
25.89  	 0.3029756850560308 
25.9  	 -0.01582602626522839 
25.91  	 -0.3344002808276094 
25.92  	 -0.6481651231146868 
25.93  	 -0.9526077682316025 
25.94  	 -1.243349507983974 
25.95  	 -1.516208688587912 
25.96  	 -1.767260854220314 
25.97  	 -1.992895191381273 
25.98  	 -2.189866462244761 
25.99  	 -2.35534168005407 
26  	 -2.48694085524214 
26.01  	 -2.582771226235798 
26.02  	 -2.641454482610783 
26.03  	 -2.66214658905338 
26.04  	 -2.644549925004863 
26.05  	 -2.588917565386338 
26.06  	 -2.496049640833961 
26.07  	 -2.367281829792845 
26.08  	 -2.204466147983046 
26.09  	 -2.009944311535746 
26.1  	 -1.786514056908653 
26.11  	 -1.537388901990205 
26.12  	 -1.266151927135795 
26.13  	 -0.9767042408888568 
26.14  	 -0.6732088715884608 
26.15  	 -0.3600308918532333 
26.16  	 -0.04167463711304031 
26.17  	 0.2772810788445837 
26.18  	 0.5922488195378006 
26.19  	 0.8986985054811514 
26.2  	 1.192222568937127 
26.21  	 1.468599346626956 
26.22  	 1.72385379864173 
26.23  	 1.95431468025143 
26.24  	 2.156667344326186 
26.25  	 2.328001414927741 
26.26  	 2.465852646395418 
26.27  	 2.568238365879181 
26.28  	 2.633685989559785 
26.29  	 2.661254202415004 
26.3  	 2.650546496909118 
26.31  	 2.601716875881995 
26.32  	 2.515467637614335 
26.33  	 2.393039274925226 
26.34  	 2.236192633579754 
26.35  	 2.047183586616602 
26.36  	 1.828730588846778 
26.37  	 1.583975578177148 
26.38  	 1.316438786103094 
26.39  	 1.029968107317305 
26.4  	 0.7286837566363569 
26.41  	 0.4169190092278979 
26.42  	 0.09915787645404267 
26.43  	 -0.220029386279304 
26.44  	 -0.5360520120957805 
26.45  	 -0.8443647502325238 
26.46  	 -1.140533238979619 
26.47  	 -1.420297783735478 
26.48  	 -1.679634622877316 
26.49  	 -1.914813800277907 
26.5  	 -2.122452812105402 
26.51  	 -2.299565256320273 
26.52  	 -2.443603785158144 
26.53  	 -2.552496742825817 
26.54  	 -2.624677961461479 
26.55  	 -2.659109286812868 
26.56  	 -2.655295509653361 
26.57  	 -2.61329148818221 
26.58  	 -2.533701358969784 
26.59  	 -2.417669847796895 
26.6  	 -2.266865805362232 
26.61  	 -2.083458204659308 
26.62  	 -1.870084945245998 
26.63  	 -1.629814913086022 
26.64  	 -1.366103841644953 
26.65  	 -1.08274460907795 
26.66  	 -0.7838126863705495 
26.67  	 -0.4736075210361887 
26.68  	 -0.1565906994318245 
26.69  	 0.1626782229148414 
26.7  	 0.4796073000327677 
26.71  	 0.7896382400898569 
26.72  	 1.088311965930206 
26.73  	 1.371332748628321 
26.74  	 1.634629991646264 
26.75  	 1.874416776970466 
26.76  	 2.087244331176503 
26.77  	 2.270051628052712 
26.78  	 2.420209414363061 
26.79  	 2.53555802554009 
26.8  	 2.614438447416525 
26.81  	 2.65571617724437 
26.82  	 2.658797540816243 
26.83  	 2.623638231005377 
26.84  	 2.55074394491782 
26.85  	 2.441163110493881 
26.86  	 2.296471807170937 
26.87  	 2.118751097490374 
26.88  	 1.91055709568257 
26.89  	 1.674884203725844 
26.9  	 1.415122043645436 
26.91  	 1.135006705483785 
26.92  	 0.8385670121293463 
26.93  	 0.5300665738622319 
26.94  	 0.2139424660301853 
26.95  	 -0.1052585881631515 
26.96  	 -0.4229456118925161 
26.97  	 -0.7345494054209893 
26.98  	 -1.035588263584571 
26.99  	 -1.321732434855493 
27  	 -1.588866394887994 
27.01  	 -1.833148038884091 
27.02  	 -2.051063941432716 
27.03  	 -2.239479889036148 
27.04  	 -2.395685958529322 
27.05  	 -2.517435493042669 
27.06  	 -2.602977414929014 
27.07  	 -2.65108141090786 
27.08  	 -2.661055627197235 
27.09  	 -2.632756620130105 
27.1  	 -2.566591419139656 
27.11  	 -2.463511672443284 
27.12  	 -2.324999959627546 
27.13  	 -2.153048467997531 
27.14  	 -1.950130339384029 
27.15  	 -1.719164099520526 
27.16  	 -1.463471681593543 
27.17  	 -1.186730647702965 
27.18  	 -0.8929212954188093 
27.19  	 -0.5862694101870463 
27.2  	 -0.2711854869614924 
27.21  	 0.04779870477907011 
27.22  	 0.3660953002602637 
27.23  	 0.679126325432672 
27.24  	 0.9823895407246351 
27.25  	 1.271523195514601 
27.26  	 1.542368761977321 
27.27  	 1.791030746020388 
27.28  	 2.013932715067175 
27.29  	 2.207868736854347 
27.3  	 2.370049489414448 
27.31  	 2.498142379056909 
27.32  	 2.590305089342387 
27.33  	 2.645212078525559 
27.34  	 2.662073644361818 
27.35  	 2.640647282075029 
27.36  	 2.58124117212884 
27.37  	 2.484709747639015 
27.38  	 2.352441405180599 
27.39  	 2.186338535743231 
27.4  	 1.988790163045036 
27.41  	 1.762637582741955 
27.42  	 1.511133496735509 
27.43  	 1.237895230340204 
27.44  	 0.9468527051763713 
27.45  	 0.6421919160811276 
27.46  	 0.328294724994606 
27.47  	 0.00967583775039832 
27.48  	 -0.3090821297833029 
27.49  	 -0.623394562285212 
27.5  	 -0.928740784310553 
27.51  	 -1.220729079980852 
27.52  	 -1.495159857873038 
27.53  	 -1.748086052624174 
27.54  	 -1.975869894511804 
27.55  	 -2.175235230508468 
27.56  	 -2.343314644290903 
27.57  	 -2.477690697489875 
27.58  	 -2.576430699019218 
27.59  	 -2.638114502406621 
27.6  	 -2.661854931325248 
27.61  	 -2.647310539551832 
27.62  	 -2.59469052182892 
27.63  	 -2.504751705000359 
27.64  	 -2.378787662696537 
27.65  	 -2.218610110130714 
27.66  	 -2.026522846600963 
27.67  	 -1.80528862047656 
27.68  	 -1.558089393241684 
27.69  	 -1.288480574108913 
27.7  	 -1.000339883434583 
27.71  	 -0.6978115804206948 
27.72  	 -0.3852468572620755 
27.73  	 -0.06714125703464191 
27.74  	 0.2519299845728352 
27.75  	 0.5673777437202301 
27.76  	 0.8746650126222812 
27.77  	 1.169372154178158 
27.78  	 1.447260468484026 
27.79  	 1.704333156968053 
27.8  	 1.93689280731668 
27.81  	 2.14159457240154 
27.82  	 2.315494278348567 
27.83  	 2.456090769823639 
27.84  	 2.561361883493765 
27.85  	 2.629793532267162 
27.86  	 2.660401482001406 
27.87  	 2.652745507471238 
27.88  	 2.60693572399467 
27.89  	 2.523631003651591 
27.9  	 2.404029498874237 
27.91  	 2.249851409706546 
27.92  	 2.063314242586695 
27.93  	 1.847100916499553 
27.94  	 1.604321175220218 
27.95  	 1.338466860646499 
27.96  	 1.053361690512625 
27.97  	 0.75310626281837 
27.98  	 0.4420190779608453 
27.99  	 0.1245744268323907 
28  	 -0.1946619617759315 
28.01  	 -0.5110985888984598 
28.02  	 -0.8201842237647614 
28.03  	 -1.117473363002355 
28.04  	 -1.398690169189538 
28.05  	 -1.659789969146653 
28.06  	 -1.897017427451753 
28.07  	 -2.106960558486031 
28.08  	 -2.286599800167726 
28.09  	 -2.433351443559605 
28.1  	 -2.545104793713208 
28.11  	 -2.62025252727494 
28.12  	 -2.65771381022835 
28.13  	 -2.656949843275945 
28.14  	 -2.617971611275247 
28.15  	 -2.541339725270754 
28.16  	 -2.428156359393682 
28.17  	 -2.280049398598749 
28.18  	 -2.099149025236797 
28.19  	 -1.888057081212294 
28.2  	 -1.649809646381602 
28.21  	 -1.387833371417039 
28.22  	 -1.105896193189498 
28.23  	 -0.8080531415173511 
28.24  	 -0.4985880167288367 
28.25  	 -0.1819517768742324 
28.26  	 0.1373014792516405 
28.27  	 0.4545800125371716 
28.28  	 0.765320485356455 
28.29  	 1.065053594884529 
28.3  	 1.349468353938492 
28.31  	 1.614474094809867 
28.32  	 1.856259304303186 
28.33  	 2.071346443771652 
28.34  	 2.256641965687392 
28.35  	 2.409480807370865 
28.36  	 2.527664721937382 
28.37  	 2.609493895156491 
28.38  	 2.653791393486784 
28.39  	 2.659920091656058 
28.4  	 2.627791836321419 
28.41  	 2.557868714010326 
28.42  	 2.451156405105628 
28.43  	 2.309189719461943 
28.44  	 2.134010521690321 
28.45  	 1.928138363605452 
28.46  	 1.694534246220781 
28.47  	 1.436558032492602 
28.48  	 1.157920123334076 
28.49  	 0.8626280919297937 
28.5  	 0.5549290438951326 
28.51  	 0.2392485322986442 
28.52  	 -0.07987309388370667 
28.53  	 -0.3978459923993189 
28.54  	 -0.7100968422044572 
28.55  	 -1.012134620335695 
28.56  	 -1.299615195116011 
28.57  	 -1.568403806668532 
28.58  	 -1.814634536097147 
28.59  	 -2.034765908004355 
28.6  	 -2.225631826629851 
28.61  	 -2.384487113008581 
28.62  	 -2.509046988199039 
28.63  	 -2.597519934704588 
28.64  	 -2.648633463450258 
28.65  	 -2.661652415714896 
28.66  	 -2.636389536786276 
28.67  	 -2.573208169260527 
28.68  	 -2.473017027248194 
28.69  	 -2.337257126647535 
28.7  	 -2.167881059462732 
28.71  	 -1.967324910258402 
28.72  	 -1.738473218667765 
28.73  	 -1.484617491888867 
28.74  	 -1.209408863871824 
28.75  	 -0.9168055820868206 
28.76  	 -0.6110160771560946 
28.77  	 -0.2964384341636558 
28.78  	 0.02240286378972267 
28.79  	 0.3409220099861224 
28.8  	 0.6545378304973435 
28.81  	 0.9587396739659543 
28.82  	 1.249152287085626 
28.83  	 1.521598742694237 
28.84  	 1.772160515401872 
28.85  	 1.99723384070207 
28.86  	 2.193581546968205 
28.87  	 2.358379614849155 
28.88  	 2.489257794412704 
28.89  	 2.58433369585092 
28.9  	 2.642239863429649 
28.91  	 2.662143443284381 
28.92  	 2.643758162185371 
28.93  	 2.587348444984122 
28.94  	 2.493725611520547 
28.95  	 2.364236207689057 
28.96  	 2.20074263849413 
28.97  	 2.005596381644181 
28.98  	 1.781604166944851 
28.99  	 1.531987607923654 
29  	 1.260336866292858 
29.01  	 0.9705590156814761 
29.02  	 0.666821847306297 
29.03  	 0.3534939258092448 
29.04  	 0.03508175742123859 
29.05  	 -0.2838350258545869 
29.06  	 -0.5986695338123954 
29.07  	 -0.9048935900108014 
29.08  	 -1.198102859281046 
29.09  	 -1.47408019406512 
29.1  	 -1.728856288490805 
29.11  	 -1.958766767812624 
29.12  	 -2.160504892116816 
29.13  	 -2.33116911626722 
29.14  	 -2.468304822050218 
29.15  	 -2.569939622296481 
29.16  	 -2.634611729209737 
29.17  	 -2.661390978888368 
29.18  	 -2.649892209649541 
29.19  	 -2.600280801738769 
29.2  	 -2.513270298748356 
29.21  	 -2.390112144954883 
29.22  	 -2.232577686180266 
29.23  	 -2.042932693052785 
29.24  	 -1.823904773092499 
29.25  	 -1.578644140323728 
29.26  	 -1.310678306654074 
29.27  	 -1.02386134668104 
29.28  	 -0.7223184656362369 
29.29  	 -0.4103866677308475 
29.3  	 -0.09255237825292406 
29.31  	 0.2266130834195805 
29.32  	 0.5425192518163673 
29.33  	 0.8506225387478208 
29.34  	 1.146491582457697 
29.35  	 1.42587098265675 
29.36  	 1.684742504753987 
29.37  	 1.919382873002038 
29.38  	 2.12641732133381 
29.39  	 2.302868131683528 
29.4  	 2.446197461678854 
29.41  	 2.554343845725179 
29.42  	 2.625751844496992 
29.43  	 2.659394416395784 
29.44  	 2.654787689211891 
29.45  	 2.611997919533396 
29.46  	 2.531640539806763 
29.47  	 2.414871306754812 
29.48  	 2.263369678461857 
29.49  	 2.079314659208565 
29.5  	 1.865353459473454 
29.51  	 1.624563421855426 
29.52  	 1.360407760526063 
29.53  	 1.076685750798787 
29.54  	 0.7774780852243313 
29.55  	 0.4670881821406015 
29.56  	 0.1499802908195915 
29.57  	 -0.1692847165721701 
29.58  	 -0.4861149427133448 
29.59  	 -0.7959535090936712 
29.6  	 -1.094344096314039 
29.61  	 -1.376995038072882 
29.62  	 -1.639841046992939 
29.63  	 -1.879101684503007 
29.64  	 -2.091335733818669 
29.65  	 -2.273490693990583 
29.66  	 -2.422946683161218 
29.67  	 -2.53755411958178 
29.68  	 -2.615664638433757 
29.69  	 -2.65615479978714 
29.7  	 -2.658442246710362 
29.71  	 -2.62249408113452 
29.72  	 -2.548827337004111 
29.73  	 -2.438501543909324 
29.74  	 -2.293103488155088 
29.75  	 -2.114724390444348 
29.76  	 -1.9059298284227 
29.77  	 -1.669722836680181 
29.78  	 -1.409500714932759 
29.79  	 -1.12900616559953 
29.8  	 -0.8322734635504414 
29.81  	 -0.5235704322501185 
29.82  	 -0.207337060838983 
29.83  	 0.1118783549948376 
29.84  	 0.4294846298846301 
29.85  	 0.7409137225225124 
29.86  	 1.04168643652022 
29.87  	 1.327476843436006 
29.88  	 1.594174501389144 
29.89  	 1.837943574389014 
29.9  	 2.055278002081923 
29.91  	 2.243051926424571 
29.92  	 2.39856465001144 
29.93  	 2.519579479433063 
29.94  	 2.604355894992111 
29.95  	 2.651674584089331 
29.96  	 2.660854978231381 
29.97  	 2.631765041430728 
29.98  	 2.56482316921416 
29.99  	 2.460992170927145 
30  	 2.321765421885224 
30.01  	 2.14914538454246 
30.02  	 1.94561480760132 
30.03  	 1.714101017299518 
30.04  	 1.45793381446261 
30.05  	 1.18079758287771 
30.06  	 0.8866782978005333 
30.07  	 0.5798061967580614 
30.08  	 0.2645949371970205 
30.09  	 -0.05442188394291114 
30.1  	 -0.3726559357095245 
30.11  	 -0.6855301458396037 
30.12  	 -0.988544531526629 
30.13  	 -1.277340921428834 
30.14  	 -1.547765638038805 
30.15  	 -1.795929238871391 
30.16  	 -2.018262457228958 
30.17  	 -2.211567537963446 
30.18  	 -2.373064229887259 
30.19  	 -2.500429773336962 
30.2  	 -2.591832307759851 
30.21  	 -2.645957218831571 
30.22  	 -2.662026046161591 
30.23  	 -2.639807679642615 
30.24  	 -2.579621683410134 
30.25  	 -2.482333699604894 
30.26  	 -2.349342998045036 
30.27  	 -2.182562350877872 
30.28  	 -1.984390521669056 
30.29  	 -1.757677764611308 
30.3  	 -1.505684830068534 
30.31  	 -1.232036066067583 
30.32  	 -0.9406672902664246 
30.33  	 -0.6357691821421929 
30.34  	 -0.3217270095739868 
30.35  	 -0.003057556716766718 
30.36  	 0.3156558396843731 
30.37  	 0.629829211184457 
30.38  	 0.934943887611158 
30.39  	 1.226611487866746 
30.4  	 1.50063703681447 
30.41  	 1.753079300456446 
30.42  	 1.98030747161869 
30.43  	 2.179053390848654 
30.44  	 2.34645855144646 
30.45  	 2.480115212569422 
30.46  	 2.578101029091525 
30.47  	 2.639006700146164 
30.48  	 2.661956238691022 
30.49  	 2.64661957056364 
30.5  	 2.593217281819239 
30.51  	 2.502517446071385 
30.52  	 2.375824577467316 
30.53  	 2.214960868184597 
30.54  	 2.022239980305377 
30.55  	 1.800433769012962 
30.56  	 1.552732415722137 
30.57  	 1.282698544537963 
30.58  	 0.9942159819738046 
30.59  	 0.6914338969038687 
30.6  	 0.378707124170451 
30.61  	 0.06053353015540841 
30.62  	 -0.2585106788299459 
30.63  	 -0.5738367748945045 
30.64  	 -0.8809095070089787 
30.65  	 -1.175312330301687 
30.66  	 -1.452810928033174 
30.67  	 -1.709414112630288 
30.68  	 -1.941431229856635 
30.69  	 -2.145525240490834 
30.7  	 -2.318760716053179 
30.71  	 -2.458646058271331 
30.72  	 -2.563169335053911 
30.73  	 -2.630827217553104 
30.74  	 -2.660646602122437 
30.75  	 -2.652198606187143 
30.76  	 -2.605604736728501 
30.77  	 -2.521535142662664 
30.78  	 -2.4011989762498 
30.79  	 -2.24632700216294 
30.8  	 -2.059146704345898 
30.81  	 -1.842350248691696 
30.82  	 -1.599055762325961 
30.83  	 -1.332762486405043 
30.84  	 -1.047300447454235 
30.85  	 -0.7467753711098868 
30.86  	 -0.4355096305563093 
30.87  	 -0.1179800789803584 
30.88  	 0.2012463398171557 
30.89  	 0.5175782765578837 
30.9  	 0.8264660126384822 
30.91  	 1.123466897519021 
30.92  	 1.404309246178874 
30.93  	 1.664953777620146 
30.94  	 1.901651710765191 
30.95  	 2.110998682170524 
30.96  	 2.289983710073239 
30.97  	 2.436032500533165 
30.98  	 2.547044472810305 
30.99  	 2.621422971451513 
31  	 2.658098230554114 
31.01  	 2.656542759917804 
31.02  	 2.616778931789909 
31.03  	 2.539378659086033 
31.04  	 2.425455169714173 
31.05  	 2.27664699531013 
31.06  	 2.095094404669921 
31.07  	 1.883408620830944 
31.08  	 1.644634264544381 
31.09  	 1.382205564304321 
31.1  	 1.099896962753111 
31.11  	 0.801768829877725 
31.12  	 0.4921090637897712 
31.13  	 0.1753714190294242 
31.14  	 -0.1438885505991941 
31.15  	 -0.461079013344185 
31.16  	 -0.771637902598052 
31.17  	 -1.07109853188581 
31.18  	 -1.355153838026235 
31.19  	 -1.619718328474108 
31.2  	 -1.86098684187141 
31.21  	 -2.075489276670258 
31.22  	 -2.260140500680407 
31.23  	 -2.412284723705737 
31.24  	 -2.529733695069936 
31.25  	 -2.610798176646577 
31.26  	 -2.654312238725468 
31.27  	 -2.659650029274261 
31.28  	 -2.626734775407515 
31.29  	 -2.556039887597427 
31.3  	 -2.448582150744684 
31.31  	 -2.305907100040264 
31.32  	 -2.130066791953301 
31.33  	 -1.923590290058809 
31.34  	 -1.689447290199605 
31.35  	 -1.431005408151955 
31.36  	 -1.151981744114868 
31.37  	 -0.8563894206579623 
31.38  	 -0.5484798630581538 
31.39  	 -0.2326816521915704 
31.4  	 0.08646317055694858 
31.41  	 0.4043644302574073 
