0.01  	 0.09237974004811175 
0.02  	 0.2101116484571376 
0.03  	 0.3417257830974559 
0.04  	 0.4894311486383106 
0.05  	 0.6558926484095078 
0.06  	 0.8443397469126598 
0.07000000000000001  	 1.058701978104464 
0.08  	 1.303775827766182 
0.09  	 1.585425321026632 
0.1  	 1.910812022215442 
0.11  	 2.288633851372839 
0.12  	 2.729315357633072 
0.13  	 3.245013311202801 
0.14  	 3.849139518034871 
0.15  	 4.554785901226112 
0.16  	 5.370865533708693 
0.17  	 6.293914806827638 
0.18  	 7.292731161043563 
0.19  	 8.284276505186753 
0.2  	 9.107664536029235 
0.21  	 9.524163075123367 
0.22  	 9.29035903943719 
0.23  	 8.308768804471482 
0.24  	 6.73569369573105 
0.25  	 4.906044687183718 
0.26  	 3.140880852656729 
0.27  	 1.625578821768813 
0.28  	 0.4128367305885015 
0.29  	 0.5207803103194816 
0.3  	 1.226221895881993 
0.31  	 1.756053440286729 
0.32  	 2.154751232279831 
0.33  	 2.456925366765754 
0.34  	 2.688505310931391 
0.35  	 2.868628012295564 
0.36  	 3.01139413064443 
0.37  	 3.127272586090406 
0.38  	 3.224159140139513 
0.39  	 3.30815937007829 
0.4  	 3.38417303535682 
0.41  	 3.456347373831549 
0.42  	 3.528457359092983 
0.43  	 3.604268046939325 
0.44  	 3.68794296461489 
0.45  	 3.784592268829241 
0.46  	 3.901127278450612 
0.47  	 4.047761920744371 
0.48  	 4.240941633858575 
0.49  	 4.509714109621374 
0.5  	 4.91155715490684 
0.51  	 5.579610500456043 
0.52  	 6.910209818139689 
0.53  	 10.85452520290786 
0.54  	 429.4149685203811 
0.55  	 5.387848353146561 
0.5600000000000001  	 1.210731116013867 
0.5700000000000001  	 0.1643474252940922 
0.58  	 0.8495075867081255 
0.59  	 1.260810019846054 
0.6  	 1.536140945345268 
0.61  	 1.7344578456244 
0.62  	 1.885248468268059 
0.63  	 2.004951549736673 
0.64  	 2.103511246226241 
0.65  	 2.187356213341053 
0.66  	 2.260894359942045 
0.67  	 2.327326637679577 
0.68  	 2.389125028251943 
0.6900000000000001  	 2.448337849551623 
0.7000000000000001  	 2.506807461023058 
0.71  	 2.566351330361736 
0.72  	 2.628945011706071 
0.73  	 2.696947855173189 
0.74  	 2.773431215975007 
0.75  	 2.862717833535213 
0.76  	 2.971358637820159 
0.77  	 3.110072404483274 
0.78  	 3.298020052586799 
0.79  	 3.573565704397103 
0.8  	 4.026962458753535 
0.8100000000000001  	 4.933977886254512 
0.8200000000000001  	 7.740160270278347 
0.8300000000000001  	 86.64610075034709 
0.84  	 2.504248345860107 
0.85  	 0.1416631862718594 
0.86  	 0.6828213517977114 
0.87  	 1.106584507209063 
0.88  	 1.367533377917368 
0.89  	 1.546552880329246 
0.9  	 1.678758531963564 
0.91  	 1.781908333500144 
0.92  	 1.865997284242722 
0.93  	 1.937132460162258 
0.9400000000000001  	 1.999310843048963 
0.9500000000000001  	 2.055319495927446 
0.96  	 2.107231458037467 
0.97  	 2.156702835443771 
0.98  	 2.20516972581188 
0.99  	 2.253998244652885 
1  	 2.304622291364356 
1.01  	 2.358699545950448 
1.02  	 2.418324166476838 
1.03  	 2.486360231858496 
1.04  	 2.567022081477484 
1.05  	 2.666980686762401 
1.06  	 2.797685894085518 
1.07  	 2.980848667491323 
1.08  	 3.263612765451278 
1.09  	 3.771796860634776 
1.1  	 4.992902184977675 
1.11  	 12.41043326502702 
1.12  	 4.462658317766009 
1.13  	 0.3580245084464929 
1.14  	 0.6098360066918502 
1.15  	 1.047907868985758 
1.16  	 1.301111009237777 
1.17  	 1.468489854825259 
1.18  	 1.589214075542902 
1.19  	 1.681927701829635 
1.2  	 1.756679464779543 
1.21  	 1.819407769967645 
1.22  	 1.873893703198081 
1.23  	 1.922710300684035 
1.24  	 1.967727533347235 
1.25  	 2.010404756814537 
1.26  	 2.051977261133293 
1.27  	 2.093591767738478 
1.28  	 2.136424084906096 
1.29  	 2.181805388608453 
1.3  	 2.231387528124432 
1.31  	 2.287395121366333 
1.32  	 2.3530556116392 
1.33  	 2.433404586291009 
1.34  	 2.536943149805647 
1.35  	 2.679454330531473 
1.36  	 2.894203558324534 
1.37  	 3.26584409886692 
1.38  	 4.093012187717498 
1.39  	 7.731093877019729 
1.4  	 5.929590278239587 
1.41  	 0.326498468123897 
1.42  	 0.653404556713271 
1.43  	 1.066331356936659 
1.44  	 1.297258747532432 
1.45  	 1.447072833389566 
1.46  	 1.553850704667632 
1.47  	 1.635195241433033 
1.48  	 1.700402867951647 
1.49  	 1.754883619790941 
1.5  	 1.802039613909676 
1.51  	 1.844161268231638 
1.52  	 1.882896813935944 
1.53  	 1.919520437657425 
1.54  	 1.955100892634027 
1.55  	 1.990622023325568 
1.56  	 2.027085665598613 
1.57  	 2.065620531569129 
1.58  	 2.107623557704978 
1.59  	 2.154974869322713 
1.6  	 2.210404805694089 
1.61  	 2.278183269722732 
1.62  	 2.365545006318237 
1.63  	 2.485992815407063 
1.64  	 2.668208179223376 
1.65  	 2.986097685058301 
1.66  	 3.706784398624805 
1.67  	 7.119226431471986 
1.68  	 3.898774590830458 
1.69  	 0.06903504117371313 
1.7  	 0.8334458637881166 
1.71  	 1.162644993678846 
1.72  	 1.348671388307127 
1.73  	 1.470119850513715 
1.74  	 1.557052340817061 
1.75  	 1.623481815924322 
1.76  	 1.676851752854066 
1.77  	 1.721513259401538 
1.78  	 1.760213081146714 
1.79  	 1.794807458486212 
1.8  	 1.82663804365424 
1.81  	 1.85674794459806 
1.82  	 1.886018926978189 
1.83  	 1.91527118233766 
1.84  	 1.945350815636444 
1.85  	 1.977225534377996 
1.86  	 2.012112968818564 
1.87  	 2.051681540766797 
1.88  	 2.098402876327646 
1.89  	 2.156233279676488 
1.9  	 2.232072956606128 
1.91  	 2.339306877157898 
1.92  	 2.508001931789062 
1.93  	 2.823062931680025 
1.94  	 3.655148788902069 
1.95  	 13.27718457772331 
1.96  	 0.7705562750900512 
1.97  	 0.6912329768497011 
1.98  	 1.118402602839027 
1.99  	 1.325069258506908 
2  	 1.44870673060207 
2.01  	 1.532215992697952 
2.02  	 1.593340759147442 
2.03  	 1.64077271908664 
2.04  	 1.679293075444261 
2.05  	 1.711772231149423 
2.06  	 1.740062405607904 
2.07  	 1.765440257718411 
2.08  	 1.788846850042467 
2.09  	 1.811029858769224 
2.1  	 1.832637597615107 
2.11  	 1.85429155396364 
2.12  	 1.876655293984852 
2.13  	 1.900516685856298 
2.14  	 1.926907077862699 
2.15  	 1.957300629066246 
2.16  	 1.993986676258905 
2.17  	 2.04084141475726 
2.18  	 2.105128853762935 
2.19  	 2.202414870835632 
2.2  	 2.373446083005986 
2.21  	 2.770257505380006 
2.22  	 4.858903278589652 
2.23  	 0.8080448613549606 
2.24  	 0.9035696520537276 
2.25  	 1.269488678716044 
2.26  	 1.430862417688255 
2.27  	 1.522851414550901 
2.28  	 1.582998094814938 
2.29  	 1.625889334880688 
2.3  	 1.658385383657667 
2.31  	 1.68414664176373 
2.32  	 1.705313412216043 
2.33  	 1.723230182610938 
2.34  	 1.738794525006106 
2.35  	 1.752640753863122 
2.36  	 1.765244614407124 
2.37  	 1.776988308006773 
2.38  	 1.788205783294143 
2.39  	 1.799220102489997 
2.4  	 1.810382142602058 
2.41  	 1.822121524627563 
2.42  	 1.835028220143421 
2.43  	 1.850004119682156 
2.44  	 1.868582209237479 
2.45  	 1.893695394624587 
2.46  	 1.931880521921177 
2.47  	 2.001483203388868 
2.48  	 2.181824416578904 
2.49  	 4.12557788731328 
2.5  	 1.2054947352127 
2.51  	 1.534725964277449 
2.52  	 1.629558914872094 
2.53  	 1.674898139172935 
2.54  	 1.701505261894941 
2.55  	 1.718913808208901 
2.56  	 1.73103800622446 
2.57  	 1.739771636562463 
2.58  	 1.746131730714719 
2.59  	 1.750700677010913 
2.6  	 1.753820982943987 
2.61  	 1.755688657956157 
2.62  	 1.756399510517277 
2.63  	 1.755970479515863 
2.64  	 1.754344992867845 
2.65  	 1.751384733102856 
2.66  	 1.746845229928141 
2.67  	 1.740326296058006 
2.68  	 1.7311760638659 
2.69  	 1.718298615268679 
2.7  	 1.699737629892402 
2.71  	 1.671666142510395 
2.72  	 1.625494039326038 
2.73  	 1.53716989669618 
2.74  	 1.304036563692017 
2.75  	 1.010081191903708 
2.76  	 2.638206275668957 
2.77  	 2.177046652820284 
2.78  	 2.04703982723714 
2.79  	 1.984795864925763 
2.8  	 1.94748613182794 
2.81  	 1.921908198646015 
2.82  	 1.902616384543137 
2.83  	 1.886924401546169 
2.84  	 1.873321575348665 
2.85  	 1.860857164510879 
2.86  	 1.848862176179905 
2.87  	 1.836805533845226 
2.88  	 1.82420716636121 
2.89  	 1.810573088373928 
2.9  	 1.795332183176057 
2.91  	 1.777756890738982 
2.92  	 1.756843378588405 
2.93  	 1.731106345746281 
2.94  	 1.698191669685391 
2.95  	 1.654071041179094 
2.96  	 1.59116319766966 
2.97  	 1.493221358929618 
2.98  	 1.317861505862999 
2.99  	 0.908317196609971 
3  	 1.195360107002637 
3.01  	 4.800581091083664 
3.02  	 2.898308542269926 
3.03  	 2.504293041567211 
3.04  	 2.332482537279295 
3.05  	 2.235157129358342 
3.06  	 2.171620702141494 
3.07  	 2.126105582022047 
3.08  	 2.091185627151035 
3.09  	 2.062868428922981 
3.1  	 2.038776742773567 
3.11  	 2.017361499373166 
3.12  	 1.997516778050364 
3.13  	 1.978367837209079 
3.14  	 1.959136039648919 
3.15  	 1.939032766262107 
3.16  	 1.917150411109086 
3.17  	 1.892317001012112 
3.18  	 1.862860530092032 
3.19  	 1.826170484597169 
3.2  	 1.777781089216806 
3.21  	 1.709195410240272 
3.22  	 1.601793412653627 
3.23  	 1.405024463952452 
3.24  	 0.915799823324469 
3.25  	 2.574501443402527 
3.26  	 4.25619952300158 
3.27  	 2.93208728218438 
3.28  	 2.595923546229333 
3.29  	 2.4414274003565 
3.3  	 2.352030897544692 
3.31  	 2.293291594726657 
3.32  	 2.251380494847214 
3.33  	 2.219650946590592 
3.34  	 2.194494582266497 
3.35  	 2.173765011430833 
3.36  	 2.156084812747025 
3.37  	 2.140505056074247 
3.38  	 2.126320839213247 
3.39  	 2.112960076439968 
3.4  	 2.099905799599594 
3.41  	 2.086628679376517 
3.42  	 2.07251017989345 
3.43  	 2.056729997940681 
3.44  	 2.038067103958667 
3.45  	 2.014494042176886 
3.46  	 1.982228698457295 
3.47  	 1.933118213027693 
3.48  	 1.845465269193561 
3.49  	 1.635264854963618 
3.5  	 0.3570558359571385 
3.51  	 3.263809105543987 
3.52  	 2.558477507336151 
3.53  	 2.392978959127383 
3.54  	 2.318895618875959 
3.55  	 2.276875897440402 
3.56  	 2.249882702974396 
3.57  	 2.231188394998688 
3.58  	 2.217603455276961 
3.59  	 2.207424072352548 
3.6  	 2.19966156489401 
3.61  	 2.193708186279941 
3.62  	 2.18917652855034 
3.63  	 2.185816628387497 
3.64  	 2.183471527563 
3.65  	 2.18205400827158 
3.66  	 2.181536927602203 
3.67  	 2.181954815633001 
3.68  	 2.183418644505331 
3.69  	 2.18615171616056 
3.7  	 2.190567585573554 
3.71  	 2.197445786922083 
3.72  	 2.208372764802371 
3.73  	 2.227056932214373 
3.74  	 2.264515841901934 
3.75  	 2.374200923183976 
3.76  	 7.985531575333483 
3.77  	 1.910599627859712 
3.78  	 2.034862438295157 
3.79  	 2.07607301200155 
3.8  	 2.097340430412852 
3.81  	 2.110894087429987 
3.82  	 2.120770580851867 
3.83  	 2.128703567892306 
3.84  	 2.13557520488508 
3.85  	 2.14189701051877 
3.86  	 2.1480028166098 
3.87  	 2.154138440903449 
3.88  	 2.160509600487966 
3.89  	 2.167312205734997 
3.9  	 2.174756301113179 
3.91  	 2.18309050929681 
3.92  	 2.192633245017991 
3.93  	 2.203819303446158 
3.94  	 2.217277068613942 
3.95  	 2.233967444060581 
3.96  	 2.255454953902405 
3.97  	 2.28448899554197 
3.98  	 2.326410368425621 
3.99  	 2.39317809527622 
4  	 2.518282382281755 
4.01  	 2.845050463226064 
4.02  	 6.132907355229559 
4.03  	 1.00633176446587 
4.04  	 1.640241105249521 
4.05  	 1.820440432006385 
4.06  	 1.907104782611397 
4.07  	 1.959086769853718 
4.08  	 1.994540933696989 
4.09  	 2.020938027304834 
4.1  	 2.041936024568017 
4.11  	 2.059557840608221 
4.12  	 2.075035294364894 
4.13  	 2.089186178143076 
4.14  	 2.102603067494272 
4.15  	 2.115758750474475 
4.16  	 2.129073303695891 
4.17  	 2.1429651726897 
4.18  	 2.157900209528085 
4.19  	 2.174451272849026 
4.2  	 2.193385493142218 
4.21  	 2.21580986526791 
4.22  	 2.243439706969203 
4.23  	 2.279142982599462 
4.24  	 2.328171334594371 
4.25  	 2.40137019816599 
4.26  	 2.525454498230728 
4.27  	 2.789033086649588 
4.28  	 3.769820785896568 
4.29  	 2.339517159910434 
4.3  	 1.1362408950371 
4.31  	 1.560762466027621 
4.32  	 1.728709750687455 
4.33  	 1.820242182448656 
4.34  	 1.878949547430375 
4.350000000000001  	 1.920666718855353 
4.36  	 1.952552820828003 
4.37  	 1.978339167385615 
4.38  	 2.000184538794429 
4.39  	 2.019449718900078 
4.4  	 2.037063273159153 
4.41  	 2.053713155405514 
4.42  	 2.069958197249155 
4.43  	 2.086302160566674 
4.44  	 2.103252914104411 
4.45  	 2.121382119091354 
4.46  	 2.14140091100007 
4.47  	 2.164274459459357 
4.48  	 2.191418636293037 
4.49  	 2.225073411115728 
4.5  	 2.269086525766493 
4.51  	 2.330766910471424 
4.52  	 2.426030724889489 
4.53  	 2.597559043916564 
4.54  	 3.012357035130622 
4.55  	 5.632963977909995 
4.56  	 0.07748143228355271 
4.57  	 1.232818527034751 
4.58  	 1.549485987829381 
4.59  	 1.694240391944968 
4.600000000000001  	 1.778622293526551 
4.61  	 1.834926792835714 
4.62  	 1.875988250512191 
4.63  	 1.907941432392565 
4.64  	 1.934110164994115 
4.65  	 1.956474774824089 
4.66  	 1.976313814388474 
4.67  	 1.994518280649223 
4.68  	 2.011761511373862 
4.69  	 2.028601347044575 
4.7  	 2.045550785302701 
4.71  	 2.063137401416926 
4.72  	 2.081966674709454 
4.73  	 2.102806192555049 
4.74  	 2.126717882748689 
4.75  	 2.155292167478684 
4.76  	 2.191106724931089 
4.77  	 2.238725857476221 
4.78  	 2.307182736353 
4.79  	 2.417375672983884 
4.8  	 2.631348329078901 
4.81  	 3.252576158431018 
4.82  	 49.07382801840739 
4.83  	 0.6916644218600638 
4.84  	 1.365406531797767 
4.850000000000001  	 1.588972983314243 
4.86  	 1.702373232485759 
4.87  	 1.772145455376331 
4.88  	 1.820293272265335 
4.89  	 1.856224398737815 
4.9  	 1.884654704817066 
4.91  	 1.908228518109508 
4.92  	 1.928564496935085 
4.93  	 1.946732278238275 
4.94  	 1.963493851218538 
4.95  	 1.979438294094759 
4.96  	 1.99506585760749 
4.97  	 2.01084911783351 
4.98  	 2.027287897869171 
4.99  	 2.044972005503961 
5  	 2.064669669576407 
5.01  	 2.087472896992487 
5.02  	 2.115065366060163 
5.03  	 2.150269946195096 
5.04  	 2.198304731318483 
5.05  	 2.270129503359106 
5.06  	 2.393523232068671 
5.07  	 2.66581899654013 
5.08  	 3.838180628858445 
5.09  	 0.7614420227887794 
5.100000000000001  	 1.193549219032704 
5.11  	 1.52603201406456 
5.12  	 1.665644476309282 
5.13  	 1.743780711233898 
5.14  	 1.794614380656123 
5.15  	 1.830998338894996 
5.16  	 1.858864510981131 
5.17  	 1.881345143705493 
5.18  	 1.900266249929505 
5.19  	 1.916781690683271 
5.2  	 1.931676110065719 
5.21  	 1.945524686732051 
5.22  	 1.958786116642097 
5.23  	 1.971863824876607 
5.24  	 1.985153964612548 
5.25  	 1.999092804839637 
5.26  	 2.014216143067352 
5.27  	 2.031249585572768 
5.28  	 2.051266105183954 
5.29  	 2.075993168992452 
5.3  	 2.108481279528649 
5.31  	 2.154766779525091 
5.32  	 2.228841126774516 
5.33  	 2.372427988047472 
5.34  	 2.791919465128047 
5.350000000000001  	 68.37266579350675 
5.36  	 1.103516244558985 
5.37  	 1.538998221657155 
5.38  	 1.685188033427798 
5.39  	 1.759743297469287 
5.4  	 1.805767758372425 
5.41  	 1.837584177646901 
5.42  	 1.861331510305413 
5.43  	 1.88009029509519 
5.44  	 1.895587189833563 
5.45  	 1.908876631070231 
5.46  	 1.920651747000349 
5.47  	 1.931401675119367 
5.48  	 1.9414990407549 
5.49  	 1.95125403943001 
5.5  	 1.960953105429445 
5.51  	 1.970892896693394 
5.52  	 1.981418514374742 
5.53  	 1.992977308722842 
5.54  	 2.006208427384629 
5.55  	 2.022111684904925 
5.56  	 2.042404109593757 
5.57  	 2.070375254417384 
5.58  	 2.113316897348215 
5.59  	 2.191424374525824 
5.600000000000001  	 2.38937898402204 
5.61  	 4.140145740055535 
5.62  	 1.22241801516359 
5.63  	 1.64452748693091 
5.64  	 1.761408791367756 
5.65  	 1.817289603036671 
5.66  	 1.850693635773525 
5.67  	 1.873350252637065 
5.68  	 1.890046270592429 
5.69  	 1.903106748806895 
5.7  	 1.913803323413139 
5.71  	 1.922896375563796 
5.72  	 1.930875335577591 
5.73  	 1.938077302055627 
5.74  	 1.944751275793463 
5.75  	 1.951096444216181 
5.76  	 1.957288021786314 
5.77  	 1.963498156313069 
5.78  	 1.969917421830342 
5.79  	 1.976783068026012 
5.8  	 1.984424183522689 
5.81  	 1.993345044411431 
5.82  	 2.004398715176408 
5.83  	 2.019198458017212 
5.84  	 2.041268974221069 
5.850000000000001  	 2.080167063288326 
5.86  	 2.174272657374055 
5.87  	 2.835652817949874 
5.88  	 1.546556835010575 
5.89  	 1.798133836436653 
5.9  	 1.86312901714892 
5.91  	 1.893779700971526 
5.92  	 1.912102018179028 
5.93  	 1.924602541882689 
5.94  	 1.933894319028774 
5.95  	 1.941233378594373 
5.96  	 1.947301314713687 
5.97  	 1.952502865476127 
5.98  	 1.957096586724549 
5.99  	 1.961258821173777 
6  	 1.965118004235671 
6.01  	 1.968774805914989 
6.02  	 1.972315369753505 
6.03  	 1.975821573252995 
6.04  	 1.979381034181454 
6.05  	 1.983099697257224 
6.06  	 1.987121462383756 
6.07  	 1.991664057601157 
6.08  	 1.997093656246258 
6.09  	 2.004102264291855 
6.100000000000001  	 2.014207341120211 
6.11  	 2.031560244565689 
6.12  	 2.073178929021778 
6.13  	 2.392558543124481 
6.140000000000001  	 1.819650966223446 
6.15  	 1.917741516177744 
6.16  	 1.944626449495964 
6.17  	 1.95783716671398 
6.18  	 1.966074176908246 
6.19  	 1.971949273690045 
6.2  	 1.976521269975923 
6.21  	 1.980303165951883 
6.22  	 1.983575864082761 
6.23  	 1.986508281354846 
6.24  	 1.989210444750433 
6.25  	 1.991759732429504 
6.26  	 1.994215210295533 
6.27  	 1.996626391118674 
6.28  	 1.999039469598182 
6.29  	 2.001502825351667 
6.3  	 2.004073272514524 
6.31  	 2.00682494254345 
6.32  	 2.009864166908546 
6.33  	 2.013357669121671 
6.34  	 2.01759230937652 
6.350000000000001  	 2.023118986671163 
6.36  	 2.031163677892641 
6.37  	 2.045146591895996 
6.38  	 2.079645857950778 
6.390000000000001  	 2.409220426908381 
6.4  	 1.892800506463486 
6.41  	 1.959622224667436 
6.42  	 1.979347807069163 
6.43  	 1.989414797501705 
6.44  	 1.995909661979806 
6.45  	 2.000708557877414 
6.46  	 2.004584980584774 
6.47  	 2.007919717150226 
6.48  	 2.01092570942609 
6.49  	 2.013735290831652 
6.5  	 2.016439356012536 
6.51  	 2.01910726081833 
6.52  	 2.021798343115229 
6.53  	 2.024569832691197 
6.54  	 2.027483676546358 
6.55  	 2.030614123263931 
6.56  	 2.034058143673082 
6.57  	 2.037952031492936 
6.58  	 2.042500788838234 
6.59  	 2.048035127446227 
6.600000000000001  	 2.055133503193515 
6.61  	 2.064917588934653 
6.62  	 2.079899775898813 
6.63  	 2.10713260946269 
6.640000000000001  	 2.176994337566448 
6.65  	 2.902673398290754 
6.66  	 1.798689110213168 
6.67  	 1.928937420341394 
6.68  	 1.967070338488815 
6.69  	 1.986018218694362 
6.7  	 1.997836776125245 
6.71  	 2.006263153378755 
6.72  	 2.012841616493773 
6.73  	 2.018332504642512 
6.74  	 2.023160152716851 
6.75  	 2.027587033029361 
6.76  	 2.031791990200851 
6.77  	 2.035909910308279 
6.78  	 2.040054529225418 
6.79  	 2.044333857397246 
6.8  	 2.048863180122033 
6.81  	 2.053779147211342 
6.82  	 2.059258768045518 
6.83  	 2.065549303793866 
6.84  	 2.073020735284818 
6.850000000000001  	 2.082266789351921 
6.86  	 2.094319471510093 
6.87  	 2.111163095525851 
6.88  	 2.137186839085255 
6.890000000000001  	 2.184454191811573 
6.9  	 2.302619098997932 
6.91  	 3.243733975579171 
6.92  	 1.566001546200853 
6.93  	 1.844493982792183 
6.94  	 1.919522204908875 
6.95  	 1.955354044883332 
6.96  	 1.976978771390987 
6.97  	 1.99191378961868 
6.98  	 2.003211896314236 
6.99  	 2.012356342920543 
7  	 2.020164037336213 
7.01  	 2.02713204124605 
7.02  	 2.033591371931876 
7.03  	 2.039783791381962 
7.04  	 2.045904803476476 
7.05  	 2.052131368274476 
7.06  	 2.058643604797429 
7.07  	 2.065646469451021 
7.08  	 2.073397165377207 
7.09  	 2.082246569518855 
7.100000000000001  	 2.092710143275708 
7.11  	 2.105601891703155 
7.12  	 2.122313469220552 
7.13  	 2.145467551774157 
7.140000000000001  	 2.180705248313293 
7.15  	 2.242846324667063 
7.16  	 2.387511078002507 
7.17  	 3.162947640917074 
7.18  	 1.119235570093925 
7.19  	 1.718211927456315 
7.2  	 1.84905942007588 
7.21  	 1.907619528498025 
7.22  	 1.941640765543712 
7.23  	 1.964463611411172 
7.24  	 1.98129471834221 
7.25  	 1.994597536143153 
7.26  	 2.005700303085749 
7.27  	 2.01539478796007 
7.28  	 2.024195982738782 
7.29  	 2.032468907324238 
7.3  	 2.040497605003699 
7.31  	 2.04852763007514 
7.32  	 2.056797030610595 
7.33  	 2.065564684207878 
7.34  	 2.075143414524129 
7.350000000000001  	 2.085947403955627 
7.36  	 2.098570550645678 
7.37  	 2.11393060384247 
7.38  	 2.133561730157842 
7.390000000000001  	 2.160278263207259 
7.4  	 2.199914344346921 
7.41  	 2.266937265006415 
7.42  	 2.409954162847235 
7.43  	 2.958122465371885 
7.44  	 0.04471207434154512 
7.45  	 1.550832921163538 
7.46  	 1.765723314558783 
7.47  	 1.852424148026547 
7.48  	 1.900289978693912 
7.49  	 1.931346900633791 
7.5  	 1.953669150500722 
7.51  	 1.970928755815294 
7.52  	 1.985048821418592 
7.53  	 1.997147576599988 
7.54  	 2.007934456406001 
7.55  	 2.017898106876158 
7.56  	 2.027405615860741 
7.57  	 2.036761095090221 
7.58  	 2.046245717448659 
7.59  	 2.056151271750031 
7.600000000000001  	 2.066816076800927 
7.61  	 2.078673099132891 
7.62  	 2.092326059422036 
7.63  	 2.108685018847849 
7.640000000000001  	 2.129233552238838 
7.65  	 2.156614529496569 
7.66  	 2.196097312025396 
7.67  	 2.26000301875543 
7.68  	 2.385584750078459 
7.69  	 2.76317626807677 
7.7  	 24.46970923489239 
7.71  	 1.329998913487066 
7.72  	 1.678345425032927 
7.73  	 1.79858970315486 
7.74  	 1.860717355829644 
7.75  	 1.899478113358483 
7.76  	 1.926577384464892 
7.77  	 1.947075816972886 
7.78  	 1.963531745729178 
7.79  	 1.977391502200099 
7.8  	 1.989549307965396 
7.81  	 2.000604510958218 
7.82  	 2.010993196028089 
7.83  	 2.021062978070761 
7.84  	 2.03112133516565 
7.850000000000001  	 2.041473007719681 
7.86  	 2.05245658025894 
7.87  	 2.064489953476188 
7.88  	 2.078138680549373 
7.890000000000001  	 2.094233462813107 
7.9  	 2.114094745241083 
7.91  	 2.140009164186605 
7.92  	 2.176373571354914 
7.930000000000001  	 2.232942329375525 
7.94  	 2.33669909118534 
7.95  	 2.600338227355074 
7.96  	 4.88227693373917 
7.97  	 1.020337769181324 
7.98  	 1.596289015826568 
7.99  	 1.754407225862704 
8  	 1.82973671576455 
8.01  	 1.874712163693488 
8.02  	 1.905257835817192 
8.029999999999999  	 1.927867683021671 
8.040000000000001  	 1.945698987907332 
8.050000000000001  	 1.960484695743996 
8.06  	 1.973269303907021 
8.07  	 1.98473548393247 
8.08  	 1.995366189747563 
8.09  	 2.005533756104971 
8.1  	 2.015554889119426 
8.109999999999999  	 2.025730448588755 
8.120000000000001  	 2.036381242940707 
8.130000000000001  	 2.047889217879709 
8.140000000000001  	 2.060756022672744 
8.15  	 2.075700029489115 
8.16  	 2.093836438457253 
8.17  	 2.117048226305359 
8.18  	 2.148845227458796 
8.19  	 2.196683021947124 
8.199999999999999  	 2.279794587323761 
8.210000000000001  	 2.467887837143424 
8.220000000000001  	 3.364488507130711 
8.23  	 0.5210808924117081 
8.24  	 1.52986231225285 
8.25  	 1.726861945594718 
8.26  	 1.81236065390132 
8.27  	 1.861104251406493 
8.279999999999999  	 1.893274860827559 
8.290000000000001  	 1.916608797871627 
8.300000000000001  	 1.934721065817107 
8.31  	 1.949539324707891 
8.32  	 1.962198200946364 
8.33  	 1.9734229997072 
8.34  	 1.983714857913162 
8.35  	 1.99344966173066 
8.359999999999999  	 2.002936925038708 
8.370000000000001  	 2.012460192814281 
8.380000000000001  	 2.022310923859501 
8.390000000000001  	 2.032824777956229 
8.4  	 2.044430453400233 
8.41  	 2.057727675597854 
8.42  	 2.073628131393628 
8.43  	 2.093638534429018 
8.44  	 2.120497243882932 
8.449999999999999  	 2.159826116733047 
8.460000000000001  	 2.225383999292832 
8.470000000000001  	 2.362336664799531 
8.48  	 2.856883989883975 
8.49  	 0.5686140118924575 
8.5  	 1.487687273530624 
8.51  	 1.719394471144553 
8.52  	 1.810339825797829 
8.529999999999999  	 1.859897108524261 
8.540000000000001  	 1.891754134992208 
8.550000000000001  	 1.914455319228295 
8.56  	 1.931846441632856 
8.57  	 1.945924794778106 
8.58  	 1.957841745309265 
8.59  	 1.968319745496146 
8.6  	 1.977848632840989 
8.609999999999999  	 1.986788089157091 
8.620000000000001  	 1.99542696992698 
8.630000000000001  	 2.004022457982914 
8.640000000000001  	 2.012831165024117 
8.65  	 2.022140500463607 
8.66  	 2.032308860647211 
8.67  	 2.04382769565321 
8.68  	 2.057431062395297 
8.69  	 2.07431115864588 
8.700000000000001  	 2.096592015515452 
8.710000000000001  	 2.128522020484614 
8.720000000000001  	 2.180100682070841 
8.73  	 2.281944557676192 
8.74  	 2.595489536028529 
8.75  	 6.733632256549825 
8.76  	 1.470573746254497 
8.77  	 1.729347767057384 
8.779999999999999  	 1.820988189302798 
8.790000000000001  	 1.868880498756937 
8.800000000000001  	 1.898972228281996 
8.81  	 1.920109568852564 
8.82  	 1.936142998949807 
8.83  	 1.949026960972787 
8.84  	 1.959868620713315 
8.85  	 1.969352461407891 
8.859999999999999  	 1.977936023583635 
8.870000000000001  	 1.985950195997884 
8.880000000000001  	 1.993656124962447 
8.890000000000001  	 2.00128176350142 
8.9  	 2.009049820676802 
8.91  	 2.017204725637688 
8.92  	 2.02604585614826 
8.93  	 2.0359774666589 
8.94  	 2.047595126931395 
8.950000000000001  	 2.061852971345619 
8.960000000000001  	 2.08042465065692 
8.970000000000001  	 2.106591000884 
8.98  	 2.147849442171836 
8.99  	 2.226017322717722 
9  	 2.443029171723893 
9.01  	 7.514282193399167 
9.02  	 1.465365965582704 
9.029999999999999  	 1.747568633177662 
9.040000000000001  	 1.837633697357032 
9.050000000000001  	 1.882940182757293 
9.06  	 1.910855396124697 
9.07  	 1.930240886589198 
9.08  	 1.944841458323751 
9.09  	 1.956520871921811 
9.1  	 1.966319750532213 
9.109999999999999  	 1.974874000141555 
9.120000000000001  	 1.982604351588712 
9.130000000000001  	 1.989812054510515 
9.140000000000001  	 1.996732385731123 
9.15  	 2.003568402920218 
9.16  	 2.01051614221711 
9.17  	 2.017788240770075 
9.18  	 2.025642288764567 
9.19  	 2.034422592558994 
9.200000000000001  	 2.04463140514041 
9.210000000000001  	 2.057064897920765 
9.220000000000001  	 2.073102218554864 
9.23  	 2.095402673409035 
9.24  	 2.129898764523042 
9.25  	 2.193168536668517 
9.26  	 2.356004419893845 
9.27  	 3.964842760333805 
9.279999999999999  	 1.444206068818364 
9.290000000000001  	 1.761451049462158 
9.300000000000001  	 1.851992729184424 
9.31  	 1.895869108785485 
9.32  	 1.922409763631449 
9.33  	 1.940651349928119 
9.34  	 1.95430868950907 
9.35  	 1.965197720138397 
9.359999999999999  	 1.974319458792738 
9.370000000000001  	 1.982279671111374 
9.380000000000001  	 1.98947601906254 
9.390000000000001  	 1.996191360301265 
9.4  	 2.002645319901806 
9.41  	 2.009026419517002 
9.42  	 2.015515699036379 
9.43  	 2.022308470884339 
9.44  	 2.029639986412109 
9.450000000000001  	 2.037822712886154 
9.460000000000001  	 2.047309156299557 
9.470000000000001  	 2.058810364291934 
9.48  	 2.073544373663635 
9.49  	 2.093824708497632 
9.5  	 2.124699881581603 
9.51  	 2.179772031531862 
9.52  	 2.312824437569463 
9.529999999999999  	 3.187703831841958 
9.540000000000001  	 1.367032305957792 
9.550000000000001  	 1.75939970148479 
9.56  	 1.857084499901242 
9.57  	 1.902488934579998 
9.58  	 1.9293948151307 
9.59  	 1.947668013503927 
9.6  	 1.961248840173424 
9.609999999999999  	 1.972028175048683 
9.620000000000001  	 1.98103482871258 
9.630000000000001  	 1.988885289027683 
9.640000000000001  	 1.995981114668415 
9.65  	 2.002606105373047 
9.66  	 2.008979408046486 
9.67  	 2.015288207631455 
9.68  	 2.021711415572335 
9.69  	 2.028441116239296 
9.700000000000001  	 2.035707447794204 
9.710000000000001  	 2.04381422640593 
9.720000000000001  	 2.053198247109332 
9.73  	 2.064539765223581 
9.74  	 2.078990804698715 
9.75  	 2.098705938745646 
9.76  	 2.128282494286679 
9.77  	 2.179663869730908 
9.779999999999999  	 2.29673662825601 
9.790000000000001  	 2.878874436726651 
9.800000000000001  	 1.170539647486949 
9.81  	 1.733422504967031 
9.82  	 1.848978400266419 
9.83  	 1.899972047505547 
9.84  	 1.929423929082116 
9.85  	 1.94911469049327 
9.859999999999999  	 1.963594059000645 
9.870000000000001  	 1.974999420791226 
9.880000000000001  	 1.984476276723106 
9.890000000000001  	 1.992703030000929 
9.9  	 2.000117193422484 
9.91  	 2.00702513689393 
9.92  	 2.013661256075049 
9.93  	 2.02022382971603 
9.94  	 2.02690046997545 
9.950000000000001  	 2.033890575887812 
9.960000000000001  	 2.041430720353239 
9.970000000000001  	 2.049830252522086 
9.98  	 2.059529609700239 
9.99  	 2.071207369595184 
10  	 2.08599793017175 
10.01  	 2.105987417110387 
10.02  	 2.135521944428137 
10.03  	 2.185472637388256 
10.04  	 2.29298074108531 
10.05  	 2.722672244335501 
10.06  	 0.6904471036466153 
10.07  	 1.678710233221177 
10.08  	 1.826915742587396 
10.09  	 1.888027845963815 
10.1  	 1.922194246561405 
10.11  	 1.944581409173813 
10.12  	 1.960810393155977 
10.13  	 1.973454978861405 
10.14  	 1.983869631943309 
10.15  	 1.992844990889573 
10.16  	 2.000884419238681 
10.17  	 2.008335872992444 
10.18  	 2.015461818904436 
10.19  	 2.022480759781277 
10.2  	 2.029595883744284 
10.21  	 2.037019415299545 
10.22  	 2.044999114809479 
10.23  	 2.053854331763781 
10.24  	 2.06403377769115 
10.25  	 2.07621971213103 
10.26  	 2.091535989117934 
10.27  	 2.112011755918044 
10.28  	 2.141768973353276 
10.29  	 2.190724384081426 
10.3  	 2.290419425298097 
10.31  	 2.624133289470032 
10.32  	 0.9639285723155403 
10.33  	 1.591172466619345 
10.34  	 1.792481830915392 
10.35  	 1.86834705024285 
10.36  	 1.909085593301344 
10.37  	 1.935136337441072 
10.38  	 1.953698833301828 
10.39  	 1.967969355905047 
10.4  	 1.97959393440897 
10.41  	 1.989517092071292 
10.42  	 1.99833099220568 
10.43  	 2.006438596009378 
10.44  	 2.014138529428472 
10.45  	 2.021674335891439 
10.46  	 2.029267352782745 
10.47  	 2.037143417913672 
10.48  	 2.045560546018611 
10.49  	 2.054845119026849 
10.5  	 2.065448291175044 
10.51  	 2.078045597549321 
10.52  	 2.093731965418366 
10.53  	 2.114446534391243 
10.54  	 2.144028206725753 
10.55  	 2.191362840009622 
10.56  	 2.282856051898043 
10.57  	 2.547965289206841 
10.58  	 24.44761615608282 
10.59  	 1.46362585876195 
10.6  	 1.748600230000354 
10.61  	 1.843814829395011 
10.62  	 1.892505369218284 
10.63  	 1.922774801163942 
10.64  	 1.943928858630855 
10.65  	 1.959951621875978 
10.66  	 1.972844421478036 
10.67  	 1.983733724012633 
10.68  	 1.993313857294964 
10.69  	 2.002049276873182 
10.7  	 2.010277617802635 
10.71  	 2.01826808183099 
10.72  	 2.026259109520868 
10.73  	 2.034487543544621 
10.74  	 2.043217228019834 
10.75  	 2.05277468560363 
10.76  	 2.063602917713186 
10.77  	 2.076354190959445 
10.78  	 2.092067943845738 
10.79  	 2.112549528196382 
10.8  	 2.141283806849482 
10.81  	 2.186045442717679 
10.82  	 2.268543412459506 
10.83  	 2.481276888297133 
10.84  	 4.556492634443261 
10.85  	 1.278953330472207 
10.86  	 1.698653365874659 
10.87  	 1.817747460910879 
10.88  	 1.875210109559097 
10.89  	 1.90981810378815 
10.9  	 1.933501721923007 
10.91  	 1.951161616440887 
10.92  	 1.96519250700281 
10.93  	 1.97691445719232 
10.94  	 1.987126719476887 
10.95  	 1.996354664356242 
10.96  	 2.004972913801492 
10.97  	 2.013273481629372 
10.98  	 2.021508341928203 
10.99  	 2.029920878880716 
11  	 2.038775021420451 
11.01  	 2.048389755442776 
11.02  	 2.059189269460177 
11.03  	 2.071787235602909 
11.04  	 2.087144991668817 
11.05  	 2.106900815862057 
11.06  	 2.134142235557528 
11.07  	 2.17552731659449 
11.08  	 2.248645539076336 
11.09  	 2.42030746876987 
11.1  	 3.381853815647325 
11.11  	 0.9919274464523061 
11.12  	 1.645638851084286 
11.13  	 1.793178730738871 
11.14  	 1.859678327924793 
11.15  	 1.898358295968489 
11.16  	 1.924249765129867 
11.17  	 1.943250240953966 
11.18  	 1.958157174608541 
11.19  	 1.97047929685291 
11.2  	 1.981113677577215 
11.21  	 1.990639955840178 
11.22  	 1.999463919029931 
11.23  	 2.007895198634434 
11.24  	 2.016194407332824 
11.25  	 2.024606512161066 
11.26  	 2.033390101553731 
11.27  	 2.042850252736998 
11.28  	 2.053384421292972 
11.29  	 2.065557492094255 
11.3  	 2.080239649458568 
11.31  	 2.098887286701421 
11.32  	 2.124185005248743 
11.33  	 2.161747243903136 
11.34  	 2.225706285592444 
11.35  	 2.364928338538125 
11.36  	 2.940863482679168 
11.37  	 0.4588186446820837 
11.38  	 1.59114306056585 
11.39  	 1.772178123359308 
11.4  	 1.847569230721956 
11.41  	 1.889801811362504 
11.42  	 1.917432586511976 
11.43  	 1.93738908272547 
11.44  	 1.95285629600068 
11.45  	 1.965513980514585 
11.46  	 1.976343082456786 
11.47  	 1.9859671122952 
11.48  	 1.994815199877967 
11.49  	 2.003208500993984 
11.5  	 2.011411277362824 
11.51  	 2.019665736770206 
11.52  	 2.02822109264574 
11.53  	 2.037364539055971 
11.54  	 2.047462762831511 
11.55  	 2.059027953668605 
11.56  	 2.072836521108263 
11.57  	 2.090166138545011 
11.58  	 2.113324796458664 
11.59  	 2.147009087177754 
11.6  	 2.202555479740657 
11.61  	 2.316248026511073 
11.62  	 2.702527895412592 
11.63  	 1.04125326173752 
11.64  	 1.533973249380245 
11.65  	 1.755276172702845 
11.66  	 1.839347622975319 
11.67  	 1.884581432945266 
11.68  	 1.913490647347459 
11.69  	 1.934044298083049 
11.7  	 1.949789611193872 
11.71  	 1.962555614071081 
11.72  	 1.973391733486026 
11.73  	 1.982954710693306 
11.74  	 1.991689570421441 
11.75  	 1.99992366612046 
11.76  	 2.007921021925917 
11.77  	 2.015918229678667 
11.78  	 2.024153093971316 
11.79  	 2.032893706976094 
11.8  	 2.042475866490727 
11.81  	 2.05336091780598 
11.82  	 2.066237639804713 
11.83  	 2.082221844162507 
11.84  	 2.103292298828335 
11.85  	 2.133378414213515 
11.86  	 2.181624278157656 
11.87  	 2.275467350552893 
11.88  	 2.552596724312681 
11.89  	 102.2703848042954 
11.9  	 1.468326733817528 
11.91  	 1.741168928375897 
11.92  	 1.834189870686801 
11.93  	 1.882114049637597 
11.94  	 1.91201308402653 
11.95  	 1.93294004527364 
11.96  	 1.948792276227819 
11.97  	 1.961534111474055 
11.98  	 1.972273238103087 
11.99  	 1.981692684147956 
12  	 1.990248743267487 
12.01  	 1.998271958915466 
12.02  	 2.006024305563629 
12.03  	 2.013735938908506 
12.04  	 2.021633415799332 
12.05  	 2.029967084502185 
12.06  	 2.03904498353585 
12.07  	 2.049283798327716 
12.08  	 2.061296812270462 
12.09  	 2.07606311900619 
12.1  	 2.095289838945921 
12.11  	 2.122292770183135 
12.12  	 2.164541950205159 
12.13  	 2.243247580988597 
12.14  	 2.452163117275773 
12.15  	 5.110092324236831 
12.16  	 1.380948456550465 
12.17  	 1.726839218244997 
12.18  	 1.830231331705286 
12.19  	 1.881030025243149 
12.2  	 1.911931561622804 
12.21  	 1.933217953026985 
12.22  	 1.949163959204886 
12.23  	 1.961874740061645 
12.24  	 1.972517073052184 
12.25  	 1.981800205611551 
12.26  	 1.990191685620971 
12.27  	 1.998025554312781 
12.28  	 2.005562488462126 
12.29  	 2.013027537193277 
12.3  	 2.020638140109736 
12.31  	 2.028630234235156 
12.32  	 2.037289375022282 
12.33  	 2.046996241145988 
12.34  	 2.05830361525431 
12.35  	 2.072081928912207 
12.36  	 2.089824974084238 
12.37  	 2.114375521106151 
12.38  	 2.151952373390454 
12.39  	 2.21937547034458 
12.4  	 2.383673286943699 
12.41  	 3.503591028080793 
12.42  	 1.24472001146837 
12.43  	 1.708038518732464 
12.44  	 1.825081368289092 
12.45  	 1.879601498100521 
12.46  	 1.911875916672416 
12.47  	 1.933737475135524 
12.48  	 1.94992655716207 
12.49  	 1.962721983950116 
12.5  	 1.973364746427902 
12.51  	 1.982598532112852 
12.52  	 1.990907314702181 
12.53  	 1.998632392179041 
12.54  	 2.006036318174569 
12.55  	 2.013342150025069 
12.56  	 2.020761713778291 
12.57  	 2.028520953850829 
12.58  	 2.036889059690446 
12.59  	 2.046219880012864 
12.6  	 2.057020577661564 
12.61  	 2.07007921549486 
12.62  	 2.086727893056612 
12.63  	 2.109453231978235 
12.64  	 2.143548363718214 
12.65  	 2.202713986187129 
12.66  	 2.336937204357448 
12.67  	 2.989448064903998 
12.68  	 0.9979209129967813 
12.69  	 1.679843060823691 
12.7  	 1.816413151052415 
12.71  	 1.876218348497969 
12.72  	 1.910568608336274 
12.73  	 1.933414157026038 
12.74  	 1.950122237937618 
12.75  	 1.963207595051817 
12.76  	 1.97401470639497 
12.77  	 1.983337556023139 
12.78  	 1.991686171549603 
12.79  	 1.999415604268408 
12.8  	 2.006795180117629 
12.81  	 2.01405013754075 
12.82  	 2.021390758164228 
12.83  	 2.02903753472159 
12.84  	 2.03724902188843 
12.85  	 2.046360289139306 
12.86  	 2.056845328584077 
12.87  	 2.069431018962212 
12.88  	 2.085327969443318 
12.89  	 2.106754410223644 
12.9  	 2.13831160881687 
12.91  	 2.191435631700883 
12.92  	 2.304741761838623 
12.93  	 2.743774529888717 
12.94  	 0.4510868650329788 
12.95  	 1.636882533865692 
12.96  	 1.802421265296323 
12.97  	 1.869757908509989 
12.98  	 1.907133701726678 
12.99  	 1.931490292185408 
13  	 1.94905898506871 
13.01  	 1.962679046008289 
13.02  	 1.97383887962236 
13.03  	 1.983403997879538 
13.04  	 1.991922897849658 
13.05  	 1.999772353085767 
13.06  	 2.007234069530778 
13.07  	 2.014539837334552 
13.08  	 2.021902232396739 
13.09  	 2.029540155326264 
13.1  	 2.037705988605024 
13.11  	 2.046721907285328 
13.12  	 2.057037471375612 
13.13  	 2.0693328935355 
13.14  	 2.084724468258664 
13.15  	 2.105220843422108 
13.16  	 2.134886615200627 
13.17  	 2.183447736143606 
13.18  	 2.281547949835532 
13.19  	 2.602907200619303 
13.2  	 1.512213733213794 
13.21  	 1.572823835755565 
13.22  	 1.782026430824315 
13.23  	 1.859760711719443 
13.24  	 1.901247352974464 
13.25  	 1.927672964604121 
13.26  	 1.946443319043652 
13.27  	 1.960830828642379 
13.28  	 1.972514862078775 
13.29  	 1.982456029622812 
13.3  	 1.991254463652716 
13.31  	 1.999316690949737 
13.32  	 2.006942103089735 
13.33  	 2.014372850132105 
13.34  	 2.021826816465174 
13.35  	 2.029524006877405 
13.36  	 2.037713428548767 
13.37  	 2.046707773258585 
13.38  	 2.056937044174616 
13.39  	 2.069042865564503 
13.4  	 2.084062684897409 
13.41  	 2.103830324581116 
13.42  	 2.131969309401877 
13.43  	 2.176846713149393 
13.44  	 2.263228786744061 
13.45  	 2.511431380299452 
13.46  	 16.38151636914618 
13.47  	 1.478513305839322 
13.48  	 1.754814119445864 
13.49  	 1.846406280071703 
13.5  	 1.893122034464388 
13.51  	 1.922128938477715 
13.52  	 1.94238667024717 
13.53  	 1.957722097862235 
13.54  	 1.970054346246548 
13.55  	 1.980462039327673 
13.56  	 1.989608982894609 
13.57  	 1.997938343031362 
13.58  	 2.005771413578023 
13.59  	 2.013363443547895 
13.6  	 2.020939514967377 
13.61  	 2.028722146075285 
13.62  	 2.036958163654432 
13.63  	 2.045952028139899 
13.64  	 2.056115921393612 
13.65  	 2.068056019245236 
13.66  	 2.082737880037267 
13.67  	 2.101838684460419 
13.68  	 2.128597615461153 
13.69  	 2.170248717809261 
13.7  	 2.247029402214717 
13.71  	 2.44552711896478 
13.72  	 4.433827542310008 
13.73  	 1.337195546363302 
13.74  	 1.72075344950283 
13.75  	 1.830335444192781 
13.76  	 1.883362246306279 
13.77  	 1.91536662909358 
13.78  	 1.937309292000909 
13.79  	 1.95369911094618 
13.8  	 1.966741477753893 
13.81  	 1.977652972077204 
13.82  	 1.987170644088512 
13.83  	 1.995779263700437 
13.84  	 2.003824722852293 
13.85  	 2.011576841990549 
13.86  	 2.019268653040437 
13.87  	 2.027125477286164 
13.88  	 2.035391934259598 
13.89  	 2.044364026842249 
13.9  	 2.054435876890597 
13.91  	 2.066178445908246 
13.92  	 2.080487601905463 
13.93  	 2.098893112240838 
13.94  	 2.124285730063546 
13.95  	 2.162923407368567 
13.96  	 2.231443100459121 
13.97  	 2.393845668363647 
13.98  	 3.348491508554631 
13.99  	 1.111129848721038 
14  	 1.679741116150015 
14.01  	 1.812381712040976 
14.02  	 1.872747385104541 
14.03  	 1.908053840111072 
14.04  	 1.931784340753628 
14.05  	 1.949259950399368 
14.06  	 1.963014248802916 
14.07  	 1.974417567565722 
14.08  	 1.984286746995436 
14.09  	 1.993150975302495 
14.1  	 2.001381882586365 
14.11  	 2.009264166044552 
14.12  	 2.017038640011246 
14.13  	 2.024932946466079 
14.14  	 2.033188769750065 
14.15  	 2.042092728343256 
14.16  	 2.052019861863453 
14.17  	 2.06350515021513 
14.18  	 2.077375450720491 
14.19  	 2.095019410305311 
14.2  	 2.119007294517952 
14.21  	 2.154744572048263 
14.22  	 2.215956371415326 
14.23  	 2.350890247502739 
14.24  	 2.935868957495089 
14.25  	 0.6933925969359779 
14.26  	 1.630971374978878 
14.27  	 1.793270640164301 
14.28  	 1.861998005238023 
14.29  	 1.900822215876638 
14.3  	 1.926368269661798 
14.31  	 1.944903683577115 
14.32  	 1.959327812773103 
14.33  	 1.971176697160996 
14.34  	 1.981350835605128 
14.35  	 1.990424847913967 
14.36  	 1.998796028150084 
14.37  	 2.006763432911725 
14.38  	 2.014574939815043 
14.39  	 2.022459678635224 
14.4  	 2.030655486615605 
14.41  	 2.039438647622357 
14.42  	 2.049164255620573 
14.43  	 2.060330931594406 
14.44  	 2.073697874304379 
14.45  	 2.090519717375854 
14.46  	 2.113073530490785 
14.47  	 2.146021412925493 
14.48  	 2.200720214530727 
14.49  	 2.314124825194877 
14.5  	 2.714694495253522 
14.51  	 0.3684333270132285 
14.52  	 1.572050077479126 
14.53  	 1.773338618743139 
14.54  	 1.851575592737432 
14.55  	 1.894103479631158 
14.56  	 1.921458407423092 
14.57  	 1.941001678199825 
14.58  	 1.956035113386845 
14.59  	 1.968270489870814 
14.6  	 1.978694389106546 
14.61  	 1.987926934964346 
14.62  	 1.996390437131781 
14.63  	 2.004397480874053 
14.64  	 2.012202173766762 
14.65  	 2.02003435978829 
14.66  	 2.028127354559253 
14.67  	 2.036746608160962 
14.68  	 2.046227144399184 
14.69  	 2.057032000411315 
14.7  	 2.069855812369037 
14.71  	 2.085828750641792 
14.72  	 2.106964203841608 
14.73  	 2.13728308214334 
14.74  	 2.186219611809881 
14.75  	 2.282486058457387 
14.76  	 2.575200869039986 
14.77  	 9.54407720710393 
14.78  	 1.497584648538273 
14.79  	 1.752312907728994 
14.8  	 1.841555588619787 
14.81  	 1.888031395207664 
14.82  	 1.917207744960776 
14.83  	 1.937718650754293 
14.84  	 1.953310917689879 
14.85  	 1.965883482666292 
14.86  	 1.976511895934709 
14.87  	 1.98586211334619 
14.88  	 1.994381038827269 
14.89  	 2.002394209214903 
14.9  	 2.010161437639364 
14.91  	 2.017912901162952 
14.92  	 2.025877233774032 
14.93  	 2.034309246218087 
14.94  	 2.043524726119966 
14.95  	 2.053953250177565 
14.96  	 2.066229882560076 
14.97  	 2.081372375302001 
14.98  	 2.101162119360799 
14.99  	 2.129075222726431 
15  	 2.172993894865888 
15.01  	 2.255541250474837 
15.02  	 2.479132859470613 
15.03  	 6.021578318883267 
15.04  	 1.396451984937194 
15.05  	 1.729175264021268 
15.06  	 1.831595893139511 
15.07  	 1.882426421970955 
15.08  	 1.913511184139314 
15.09  	 1.934996534857582 
15.1  	 1.951132013449313 
15.11  	 1.964020706023172 
15.12  	 1.974832665255282 
15.13  	 1.984281527158566 
15.14  	 1.992839376690468 
15.15  	 2.000844881522932 
15.16  	 2.008563673548205 
15.17  	 2.016226483660018 
15.18  	 2.024057735030421 
15.19  	 2.032302516007835 
15.2  	 2.041259096616255 
15.21  	 2.051326842936566 
15.22  	 2.06308766519056 
15.23  	 2.077460537215878 
15.24  	 2.096027100864987 
15.25  	 2.121807445167153 
15.26  	 2.161438717700976 
15.27  	 2.233005441657876 
15.28  	 2.409682765744507 
15.29  	 3.703372361400763 
15.3  	 1.245173936642203 
15.31  	 1.702094975593518 
15.32  	 1.820998039343857 
15.33  	 1.876858440873972 
15.34  	 1.91005860521956 
15.35  	 1.932597414808918 
15.36  	 1.949311040419061 
15.37  	 1.962533499539441 
15.38  	 1.973539510346279 
15.39  	 1.98309479785338 
15.4  	 1.991698804447009 
15.41  	 1.999704593551359 
15.42  	 2.007384539916646 
15.43  	 2.014970812511776 
15.44  	 2.022684690647127 
15.45  	 2.030763042456266 
15.46  	 2.039488954460837 
15.47  	 2.049235495040187 
15.48  	 2.060538491000484 
15.49  	 2.074232080119802 
15.5  	 2.091728875087572 
15.51  	 2.115671587675844 
15.52  	 2.15170239289422 
15.53  	 2.214493860274885 
15.54  	 2.358069146310083 
15.55  	 3.077706523341647 
15.56  	 0.9875255506790909 
15.57  	 1.668363225931617 
15.58  	 1.808831842292214 
15.59  	 1.870762274689497 
15.6  	 1.906432828514094 
15.61  	 1.930186657847966 
15.62  	 1.947567750702563 
15.63  	 1.961181148457 
15.64  	 1.972422391059816 
15.65  	 1.9821168509703 
15.66  	 1.990795351519912 
15.67  	 1.998827794624 
15.68  	 2.006495026524024 
15.69  	 2.014032121806261 
15.7  	 2.021658727285681 
15.71  	 2.029605340684384 
15.72  	 2.038142458357079 
15.73  	 2.047620892919924 
15.74  	 2.058537298566695 
15.75  	 2.07165397337663 
15.76  	 2.088241844667396 
15.77  	 2.110632803425696 
15.78  	 2.143673006046347 
15.79  	 2.199442581889643 
15.8  	 2.318955794088597 
15.81  	 2.788944775064865 
15.82  	 0.4480500455575823 
15.83  	 1.624188309320425 
15.84  	 1.794076364560174 
15.85  	 1.86356837461087 
15.86  	 1.902220636789509 
15.87  	 1.927428722300497 
15.88  	 1.945613481322343 
15.89  	 1.959706721514182 
15.9  	 1.971247485143317 
15.91  	 1.981131546772216 
15.92  	 1.98992688393215 
15.93  	 1.998023713281396 
15.94  	 2.005713720013544 
15.95  	 2.013236748942881 
15.96  	 2.02081255316978 
15.97  	 2.028667191133305 
15.98  	 2.037061077520341 
15.99  	 2.046326475445637 
16  	 2.056926969804515 
16.01  	 2.069564162645596 
16.02  	 2.085390098382029 
16.03  	 2.106479628804494 
16.04  	 2.137037048322525 
16.05  	 2.187144220395938 
16.06  	 2.28868994402039 
16.07  	 2.624304318761813 
16.08  	 1.358408325643379 
16.09  	 1.564091847666992 
16.1  	 1.775726625844398 
16.11  	 1.854811190356403 
16.12  	 1.897105582446569 
16.13  	 1.924068444674727 
16.14  	 1.943224499193555 
16.15  	 1.957904844610753 
16.16  	 1.969820967748796 
16.17  	 1.979952563203922 
16.18  	 1.988911898196508 
16.19  	 1.997113693895605 
16.2  	 2.00486321264634 
16.21  	 2.01240709444065 
16.22  	 2.019966939950988 
16.23  	 2.027766148936207 
16.24  	 2.036057219817341 
16.25  	 2.045156931179017 
16.26  	 2.055500722917058 
16.27  	 2.067738362910979 
16.28  	 2.082920942270449 
16.29  	 2.102907970575863 
16.3  	 2.131378592109455 
16.31  	 2.176846003867523 
16.32  	 2.26460116970283 
16.33  	 2.518574761713293 
16.34  	 22.98291604669348 
16.35  	 1.479359395311296 
16.36  	 1.752824532975054 
16.37  	 1.844188712874112 
16.38  	 1.890920851939196 
16.39  	 1.919978720337659 
16.4  	 1.940286734217965 
16.41  	 1.955664920316581 
16.42  	 1.968031617823268 
16.43  	 1.978465993966507 
16.44  	 1.987632558583116 
16.45  	 1.995975043209525 
16.46  	 2.003815100830728 
16.47  	 2.011408124177424 
16.48  	 2.018979121658548 
16.49  	 2.026750309245366 
16.5  	 2.03496795576236 
16.51  	 2.043935662843007 
16.52  	 2.054064393267712 
16.53  	 2.065958696368198 
16.54  	 2.080582175796375 
16.55  	 2.099610399407279 
16.56  	 2.126284570473333 
16.57  	 2.167860801029293 
16.58  	 2.244721766132706 
16.59  	 2.444859369399067 
16.6  	 4.574105153782317 
16.61  	 1.354110415570929 
16.62  	 1.724385056025719 
16.63  	 1.831562616558315 
16.64  	 1.883654270420894 
16.65  	 1.915167458047422 
16.66  	 1.936804921309565 
16.67  	 1.952982644973482 
16.68  	 1.965864768036139 
16.69  	 1.976646741571645 
16.7  	 1.986053546914676 
16.71  	 1.994562380208987 
16.72  	 2.002513923790582 
16.73  	 2.010174043772119 
16.74  	 2.017772424544684 
16.75  	 2.025531205214384 
16.76  	 2.03369161988867 
16.77  	 2.042545694945141 
16.78  	 2.052482486961706 
16.79  	 2.064066073909749 
16.8  	 2.078182471852827 
16.81  	 2.096346787908011 
16.82  	 2.121427710800092 
16.83  	 2.159653372072701 
16.84  	 2.227659749216234 
16.85  	 2.390060365434497 
16.86  	 3.381831058984148 
16.87  	 1.154249395567739 
16.88  	 1.689193187052229 
16.89  	 1.816903175085327 
16.9  	 1.875410584683222 
16.91  	 1.909748196387606 
16.92  	 1.93287951485913 
16.93  	 1.94994214417716 
16.94  	 1.963388920422057 
16.95  	 1.974549081289387 
16.96  	 1.984216197506269 
16.97  	 1.992905086321702 
16.98  	 2.000977773973329 
16.99  	 2.008712002824677 
17  	 2.016343082809584 
17.01  	 2.024093839086463 
17.02  	 2.032201256625398 
17.03  	 2.040946846812773 
17.04  	 2.0506995326674 
17.05  	 2.061986349005454 
17.06  	 2.07562314272059 
17.07  	 2.092982553093357 
17.08  	 2.116611114465408 
17.09  	 2.15188188602432 
17.1  	 2.212508164872475 
17.11  	 2.347174515067488 
17.12  	 2.948292429093241 
17.13  	 0.7887730687343297 
17.14  	 1.645430578638889 
17.15  	 1.800192935154513 
17.16  	 1.866345282771907 
17.17  	 1.903886923761009 
17.18  	 1.928662215024339 
17.19  	 1.946678073361564 
17.2  	 1.960723084949575 
17.21  	 1.972278329566955 
17.22  	 1.982213855832558 
17.23  	 1.991085896633152 
17.24  	 1.999279793296327 
17.25  	 2.007086266590079 
17.26  	 2.014746933525284 
17.27  	 2.022485812527184 
17.28  	 2.030536153886711 
17.29  	 2.039169685819493 
17.3  	 2.04873650868165 
17.31  	 2.059729283617886 
17.32  	 2.072899638065 
17.33  	 2.089492326329752 
17.34  	 2.111772247582214 
17.35  	 2.144392579656501 
17.36  	 2.198748247887147 
17.37  	 2.312275910642409 
17.38  	 2.722714896663416 
17.39  	 0.09450592731218041 
17.4  	 1.590029982804065 
17.41  	 1.781306803293491 
17.42  	 1.856588332542943 
17.43  	 1.897741340147714 
17.44  	 1.924304414414479 
17.45  	 1.943330432311827 
17.46  	 1.957996333823759 
17.47  	 1.969954084565493 
17.48  	 1.980158078134199 
17.49  	 1.989209533142395 
17.5  	 1.997518845652168 
17.51  	 2.005390620629445 
17.52  	 2.013073304184607 
17.53  	 2.020792483427249 
17.54  	 2.028778071002919 
17.55  	 2.037292620755656 
17.56  	 2.046668554379899 
17.57  	 2.057366526801064 
17.58  	 2.070079203833153 
17.59  	 2.085936136445831 
17.6  	 2.106954878710604 
17.61  	 2.137178417704972 
17.62  	 2.186140812421885 
17.63  	 2.283115530888069 
17.64  	 2.583490372443219 
17.65  	 5.379011708814366 
17.66  	 1.517488429975453 
17.67  	 1.75988367409084 
17.68  	 1.846175582632553 
17.69  	 1.891408183730381 
17.7  	 1.91991239594807 
17.71  	 1.940004594291465 
17.72  	 1.955311086233029 
17.73  	 1.967675813484025 
17.74  	 1.978145886581709 
17.75  	 1.98737117190277 
17.76  	 1.995788844977757 
17.77  	 2.003718269312989 
17.78  	 2.011415221682349 
17.79  	 2.019107231967232 
17.8  	 2.027021291470438 
17.81  	 2.03541142507606 
17.82  	 2.044593559677064 
17.83  	 2.054998706171304 
17.84  	 2.067265613343586 
17.85  	 2.08242031287041 
17.86  	 2.102263243885286 
17.87  	 2.130318931411366 
17.88  	 2.174616244938115 
17.89  	 2.258378495282697 
17.9  	 2.488587519557274 
17.91  	 6.926532434601516 
17.92  	 1.417393916346452 
17.93  	 1.735195739010148 
17.94  	 1.835000955805274 
17.95  	 1.884890130857703 
17.96  	 1.915519456444054 
17.97  	 1.936745852900917 
17.98  	 1.952718870264611 
17.99  	 1.965499185999972 
18  	 1.976236277308588 
18.01  	 1.985632847666738 
18.02  	 1.994154836310063 
18.03  	 2.002137396641991 
18.04  	 2.009844256963939 
18.05  	 2.017505374849481 
18.06  	 2.025345354200943 
18.07  	 2.03361046855174 
18.08  	 2.042601478285849 
18.09  	 2.05272223897905 
18.1  	 2.064562613119425 
18.11  	 2.079056188587276 
18.12  	 2.097813524540888 
18.13  	 2.123918782975638 
18.14  	 2.164177354570486 
18.15  	 2.237254542603402 
18.16  	 2.419720339964635 
18.17  	 3.850969252916615 
18.18  	 1.268367239896881 
18.19  	 1.706004862994179 
18.2  	 1.822795140435601 
18.21  	 1.878087418265324 
18.22  	 1.91107951073848 
18.23  	 1.933532786452163 
18.24  	 1.950212817214056 
18.25  	 1.963427487588185 
18.26  	 1.97444047081767 
18.27  	 1.984012495784061 
18.28  	 1.992640784384533 
18.29  	 2.000677640963379 
18.3  	 2.008395599007724 
18.31  	 2.016027715787968 
18.32  	 2.023796909947628 
18.33  	 2.031942644191386 
18.34  	 2.040751998448093 
18.35  	 2.050604285517727 
18.36  	 2.062045487514708 
18.37  	 2.075927245312081 
18.38  	 2.093694825706669 
18.39  	 2.118058855752091 
18.4  	 2.154826637458145 
18.41  	 2.219183355993449 
18.42  	 2.367646881201922 
18.43  	 3.139915096025638 
18.44  	 1.019870840898217 
18.45  	 1.670367172768785 
18.46  	 1.809127857364716 
18.47  	 1.870812364061717 
18.48  	 1.906480665835163 
18.49  	 1.930288332002694 
18.5  	 1.947736228615571 
18.51  	 1.961417906876664 
18.52  	 1.972726144016253 
18.53  	 1.98248630526623 
18.54  	 1.991230171791111 
18.55  	 1.999329013596805 
18.56  	 2.007065324012374 
18.57  	 2.014676151041621 
18.58  	 2.022383602399039 
18.59  	 2.030421411160074 
18.6  	 2.039064568974683 
18.61  	 2.048670493943114 
18.62  	 2.059746136380955 
18.63  	 2.07307094717086 
18.64  	 2.089946826097425 
18.65  	 2.112767743580431 
18.66  	 2.146523739466863 
18.67  	 2.203711091669594 
18.68  	 2.327124428274073 
18.69  	 2.823929570262017 
18.7  	 0.5184990507088869 
18.71  	 1.625296387007219 
18.72  	 1.793422778101947 
18.73  	 1.862819138368385 
18.74  	 1.901572302116835 
18.75  	 1.926903049826654 
18.76  	 1.945202502253669 
18.77  	 1.959398676861008 
18.78  	 1.971032228389342 
18.79  	 1.981001503768184 
18.8  	 1.989877012260613 
18.81  	 1.998051314302265 
18.82  	 2.005818334144598 
18.83  	 2.013420209603156 
18.84  	 2.021079251072516 
18.85  	 2.029024627894746 
18.86  	 2.037520857231079 
18.87  	 2.046906023884916 
18.88  	 2.057652568059212 
18.89  	 2.070476560897841 
18.9  	 2.086555693318106 
18.91  	 2.108015127369018 
18.92  	 2.139172392866123 
18.93  	 2.19042205256799 
18.94  	 2.294876736197228 
18.95  	 2.64577475939574 
18.96  	 1.024402499181332 
18.97  	 1.566090501456616 
18.98  	 1.774968186059775 
18.99  	 1.853837843956368 
19  	 1.896196537575359 
19.01  	 1.923262682526274 
19.02  	 1.942519459966811 
19.03  	 1.957290855560847 
19.04  	 1.969288662191695 
19.05  	 1.97949446125558 
19.06  	 1.988522586892954 
19.07  	 1.996789712460055 
19.08  	 2.004602948298478 
19.09  	 2.012210785114506 
19.1  	 2.019836833957281 
19.11  	 2.027706882441325 
19.12  	 2.036076521198103 
19.13  	 2.04526686359464 
19.14  	 2.055719892494715 
19.15  	 2.068096010851868 
19.16  	 2.083465068949239 
19.17  	 2.103723124524745 
19.18  	 2.132630579321523 
19.19  	 2.178919578811375 
19.2  	 2.268691229766539 
19.21  	 2.531722392883753 
19.22  	 84.82948635954455 
19.23  	 1.48486133661383 
19.24  	 1.752902615629497 
19.25  	 1.843601746109744 
19.26  	 1.890215008932256 
19.27  	 1.919272142498213 
19.28  	 1.939611039173754 
19.29  	 1.955028311273702 
19.3  	 1.967435113900069 
19.31  	 1.977908474233407 
19.32  	 1.987112529559687 
19.33  	 1.995491321403664 
19.34  	 2.003367120857081 
19.35  	 2.010996137045097 
19.36  	 2.018604403556859 
19.37  	 2.026415461773424 
19.38  	 2.034677389773337 
19.39  	 2.043696416307638 
19.4  	 2.053887573151603 
19.41  	 2.0658621616103 
19.42  	 2.080595904139696 
19.43  	 2.099788317442602 
19.44  	 2.126734346488989 
19.45  	 2.168834796271543 
19.46  	 2.246994028701139 
19.47  	 2.452551468188723 
19.48  	 4.839342445211575 
19.49  	 1.367020726206172 
19.5  	 1.726151115578303 
19.51  	 1.831858871461929 
19.52  	 1.883524269413802 
19.53  	 1.914870136201663 
19.54  	 1.936431088191526 
19.55  	 1.952570985632564 
19.56  	 1.965433960543566 
19.57  	 1.976206641386075 
19.58  	 1.985609738449094 
19.59  	 1.994118260174511 
19.6  	 2.00207175742397 
19.61  	 2.009735564071396 
19.62  	 2.017339230720308 
19.63  	 2.025105097834956 
19.64  	 2.033274974050405 
19.65  	 2.042141988268345 
19.66  	 2.052097177262501 
19.67  	 2.063708227148932 
19.68  	 2.077868078984031 
19.69  	 2.096106252644532 
19.7  	 2.121325101841281 
19.71  	 2.159845786254262 
19.72  	 2.228639750954524 
19.73  	 2.39431795854867 
19.74  	 3.451113777034031 
19.75  	 1.18167865403704 
19.76  	 1.693279887533014 
19.77  	 1.818362970110447 
19.78  	 1.876056772338238 
19.79  	 1.910031873085309 
19.8  	 1.932966865651656 
19.81  	 1.949909055171724 
19.82  	 1.963275093817397 
19.83  	 1.974377314766749 
19.84  	 1.984000480507083 
19.85  	 1.99265442854507 
19.86  	 2.000698189900918 
19.87  	 2.008407624159087 
19.88  	 2.016016834256599 
19.89  	 2.023747896394371 
19.9  	 2.031837418379434 
19.91  	 2.040566930095077 
19.92  	 2.05030593796199 
19.93  	 2.061583069484054 
19.94  	 2.075217856764681 
19.95  	 2.09259150599695 
19.96  	 2.116272047262428 
19.97  	 2.151694541847426 
19.98  	 2.212797976088237 
19.99  	 2.349533063690947 
20  	 2.977548288236428 
20.01  	 0.8490957081530542 
20.02  	 1.652215465020975 
20.03  	 1.802842525275911 
20.04  	 1.867768201228844 
20.05  	 1.904760670583703 
20.06  	 1.929232852322452 
20.07  	 1.94705834799191 
20.08  	 1.960972654141514 
20.09  	 1.972431976272821 
20.1  	 1.982293295026415 
20.11  	 1.991105362486709 
20.12  	 1.999248939483427 
20.13  	 2.007011787070943 
20.14  	 2.014633529540076 
20.15  	 2.022336813407537 
20.16  	 2.030353963781384 
20.17  	 2.038956178866621 
20.18  	 2.048493505478904 
20.19  	 2.059459333641565 
20.2  	 2.072607611043132 
20.21  	 2.089189141031065 
20.22  	 2.111484788429645 
20.23  	 2.144194524014389 
20.24  	 2.198880780165848 
20.25  	 2.313852033920777 
20.26  	 2.73829512363711 
20.27  	 0.07958535402756869 
20.28  	 1.599718043822103 
20.29  	 1.784948730541974 
20.3  	 1.85861483117141 
20.31  	 1.899071880217159 
20.32  	 1.925257843299856 
20.33  	 1.944049556379565 
20.34  	 1.95855585843244 
20.35  	 1.970397376167827 
20.36  	 1.980512240589545 
20.37  	 1.989492449296344 
20.38  	 1.997742801839286 
20.39  	 2.005564322328224 
20.4  	 2.013203076174501 
20.41  	 2.020883039469804 
20.42  	 2.028833063960739 
20.43  	 2.037315116203667 
20.44  	 2.046661570281131 
20.45  	 2.057333861745908 
20.46  	 2.070027026291827 
20.47  	 2.085876534977957 
20.48  	 2.106914894577482 
20.49  	 2.137226788741734 
20.5  	 2.186486212645911 
20.51  	 2.284622699910757 
20.52  	 2.593560785284195 
20.53  	 3.648450011334036 
20.54  	 1.530350158151361 
20.55  	 1.7641829781062 
20.56  	 1.848526061137698 
20.57  	 1.892973901592307 
20.58  	 1.921069518924079 
20.59  	 1.940914961335007 
20.6  	 1.956057245607957 
20.61  	 1.968304936787934 
20.62  	 1.978687221428936 
20.63  	 1.98784401232879 
20.64  	 1.996206569999833 
20.65  	 2.004090568868418 
20.66  	 2.01174942227035 
20.67  	 2.019409159003012 
20.68  	 2.027295906313047 
20.69  	 2.035663398134925 
20.7  	 2.04482793916987 
20.71  	 2.055221923993942 
20.72  	 2.067487318362361 
20.73  	 2.082657218038803 
20.74  	 2.102548293995763 
20.75  	 2.130726623750359 
20.76  	 2.175348381784379 
20.77  	 2.260166275957885 
20.78  	 2.49631038105307 
20.79  	 8.130438205750293 
20.8  	 1.434263730522636 
20.81  	 1.739800225322635 
20.82  	 1.83737706031991 
20.83  	 1.886450992826693 
20.84  	 1.916680674821579 
20.85  	 1.937676427582451 
20.86  	 1.953501780140916 
20.87  	 1.966180620325085 
20.88  	 1.976844406995034 
20.89  	 1.986186136574614 
20.9  	 1.994666157285282 
20.91  	 2.002616267891812 
20.92  	 2.010298171080509 
20.93  	 2.01794067840368 
20.94  	 2.025767926205436 
20.95  	 2.034026368695882 
20.96  	 2.043017737512129 
20.97  	 2.053148052735259 
20.98  	 2.065011450716855 
20.99  	 2.079550010165446 
21  	 2.098392268681238 
21.01  	 2.124664913844839 
21.02  	 2.165292738484142 
21.03  	 2.239384254247156 
21.04  	 2.426338551860913 
21.05  	 3.996813067596921 
21.06  	 1.291783969288836 
21.07  	 1.710674716739695 
21.08  	 1.824964789709789 
21.09  	 1.879451340663961 
21.1  	 1.912080222679081 
21.11  	 1.934337510439428 
21.12  	 1.950899473916408 
21.13  	 1.964037803207568 
21.14  	 1.974999214231615 
21.15  	 1.984535664805671 
21.16  	 1.993139536782199 
21.17  	 2.001160385313664 
21.18  	 2.008869228263868 
21.19  	 2.016498436050051 
21.2  	 2.024270907669825 
21.21  	 2.032426761563526 
21.22  	 2.041254592749598 
21.23  	 2.051136539281528 
21.24  	 2.062623686245042 
21.25  	 2.076577184439635 
21.26  	 2.094461309932602 
21.27  	 2.119029026014448 
21.28  	 2.156198376967256 
21.29  	 2.221528034509496 
21.3  	 2.373550024945966 
21.31  	 3.195035427415256 
21.32  	 1.057493802610469 
21.33  	 1.675094625503383 
21.34  	 1.810987886862127 
21.35  	 1.871881873409868 
21.36  	 1.907230370624449 
21.37  	 1.930881016453863 
21.38  	 1.948242851380505 
21.39  	 1.961874499844727 
21.4  	 1.973153235921719 
21.41  	 1.98289680458996 
21.42  	 1.991633007988466 
21.43  	 1.999731017351531 
21.44  	 2.007472319584181 
21.45  	 2.015093695682384 
21.46  	 2.022817602586985 
21.47  	 2.030878776330749 
21.48  	 2.039554071677921 
21.49  	 2.049204093838587 
21.5  	 2.060341260086221 
21.51  	 2.073754804058529 
21.52  	 2.090765430464191 
21.53  	 2.113807211563108 
21.54  	 2.147969569245486 
21.55  	 2.206059305907626 
21.56  	 2.332334509813633 
21.57  	 2.853586651670214 
21.58  	 0.598407433862152 
21.59  	 1.630411185490949 
21.6  	 1.795027489072673 
21.61  	 1.863609144362333 
21.62  	 1.902069566826797 
21.63  	 1.92727174245218 
21.64  	 1.945509118052572 
21.65  	 1.959674929382558 
21.66  	 1.971295238973732 
21.67  	 1.981261597047218 
21.68  	 1.990141166611424 
21.69  	 1.998324880449475 
21.7  	 2.006106007972404 
21.71  	 2.013726685120804 
21.72  	 2.021409771959551 
21.73  	 2.029385587216254 
21.74  	 2.037920600932357 
21.75  	 2.04735609310624 
21.76  	 2.058169823517144 
21.77  	 2.071087144308912 
21.78  	 2.087303130612671 
21.79  	 2.108978905198103 
21.8  	 2.140517627401479 
21.81  	 2.192566064075983 
21.82  	 2.299305967037098 
21.83  	 2.664429281841496 
21.84  	 0.7120806835724859 
21.85  	 1.572375341931033 
21.86  	 1.776522297327162 
21.87  	 1.854463803511268 
21.88  	 1.896519314734725 
21.89  	 1.923462810553917 
21.9  	 1.942665692565841 
21.91  	 1.957414290902827 
21.92  	 1.969405276338506 
21.93  	 1.979613449054973 
21.94  	 1.988649922235594 
21.95  	 1.996929862455297 
21.96  	 2.004759811739725 
21.97  	 2.012388302628052 
21.98  	 2.020039490386123 
21.99  	 2.027940244791454 
22  	 2.036347953492069 
22.01  	 2.04558662482524 
22.02  	 2.056102998643955 
22.03  	 2.068565668040125 
22.04  	 2.084059588909902 
22.05  	 2.104511446206117 
22.06  	 2.133752527512548 
22.07  	 2.180714647541181 
22.08  	 2.272278336618911 
22.09  	 2.54429703936723 
22.1  	 35.79303188833646 
22.11  	 1.493759400948913 
22.12  	 1.754726838813451 
22.13  	 1.844245059570199 
22.14  	 1.890492162282339 
22.15  	 1.919403307934241 
22.16  	 1.939677095686839 
22.17  	 1.955064961550672 
22.18  	 1.967460305554556 
22.19  	 1.977932269808671 
22.2  	 1.987141229867492 
22.21  	 1.995529408732903 
22.22  	 2.003418291641043 
22.23  	 2.011063941588002 
22.24  	 2.018692738011163 
22.25  	 2.02652906001509 
22.26  	 2.034822446594556 
22.27  	 2.043881519814792 
22.28  	 2.054125263392397 
22.29  	 2.066171774513095 
22.3  	 2.08100923711655 
22.31  	 2.100362157500716 
22.32  	 2.127582242689713 
22.33  	 2.170225025299939 
22.34  	 2.249761433494168 
22.35  	 2.461262882357223 
22.36  	 5.191467826752905 
22.37  	 1.381172530546979 
22.38  	 1.728635781780723 
22.39  	 1.832721203483708 
22.4  	 1.883898130532887 
22.41  	 1.915044920829258 
22.42  	 1.936511145419362 
22.43  	 1.952602250489781 
22.44  	 1.965439583748971 
22.45  	 1.976199586123649 
22.46  	 1.985597990454912 
22.47  	 1.994107260452021 
22.48  	 2.002065670854501 
22.49  	 2.009738030879096 
22.5  	 2.017353897758736 
22.51  	 2.025136095377572 
22.52  	 2.033327467435896 
22.53  	 2.042222959937991 
22.54  	 2.052216700127383 
22.55  	 2.063881758104073 
22.56  	 2.078120986877245 
22.57  	 2.096483724792985 
22.58  	 2.121916851596271 
22.59  	 2.160860050690281 
22.6  	 2.23069746753655 
22.61  	 2.400427051261653 
22.62  	 3.536926365750934 
22.63  	 1.206587670643732 
22.64  	 1.696846182329841 
22.65  	 1.819622534640576 
22.66  	 1.876647462382802 
22.67  	 1.91034582011281 
22.68  	 1.933142897938027 
22.69  	 1.950008257564208 
22.7  	 1.963328456876584 
22.71  	 1.974402297115951 
22.72  	 1.984007805187783 
22.73  	 1.992651239365097 
22.74  	 2.000689679105982 
22.75  	 2.008397967252909 
22.76  	 2.016009807065464 
22.77  	 2.023747371667218 
22.78  	 2.031847878090243 
22.79  	 2.040594135307933 
22.8  	 2.050357974343442 
22.81  	 2.061672194517302 
22.82  	 2.075364110204357 
22.83  	 2.092830536776964 
22.84  	 2.116674364362557 
22.85  	 2.152421753112208 
22.86  	 2.214315865245807 
22.87  	 2.353890817531724 
22.88  	 3.014619980375321 
22.89  	 0.8995371625343183 
22.9  	 1.657306326935188 
22.91  	 1.804623484950473 
22.92  	 1.868648566177752 
22.93  	 1.905270971535995 
22.94  	 1.929555586720082 
22.95  	 1.947273108800454 
22.96  	 1.961119809499201 
22.97  	 1.97253431458201 
22.98  	 1.982364800505145 
22.99  	 1.991155259181658 
23  	 1.999283757372299 
23.01  	 2.007036525269668 
23.02  	 2.014652390501142 
23.03  	 2.022353747475967 
23.04  	 2.03037317463025 
23.05  	 2.03898272664637 
23.06  	 2.048534197250701 
23.07  	 2.059524253749729 
23.08  	 2.07271306971157 
23.09  	 2.08936399410435 
23.1  	 2.11178574992239 
23.11  	 2.14474980563815 
23.12  	 2.200048125149018 
23.13  	 2.317079856969746 
23.14  	 2.758454487998227 
23.15  	 0.2172352114202425 
23.16  	 1.606846110104405 
23.17  	 1.787310776864664 
23.18  	 1.859801066786207 
23.19  	 1.899789016470938 
23.2  	 1.925738685374621 
23.21  	 1.944393633061303 
23.22  	 1.958813170669351 
23.23  	 1.970596015591902 
23.24  	 1.980669382415894 
23.25  	 1.98961935507023 
23.26  	 1.997847347502059 
23.27  	 2.005652400564571 
23.28  	 2.013279457607681 
23.29  	 2.020951979662862 
23.3  	 2.028898825694225 
23.31  	 2.03738254543506 
23.32  	 2.046736899022221 
23.33  	 2.057426042443169 
23.34  	 2.070150251235652 
23.35  	 2.086055547135258 
23.36  	 2.107197607231467 
23.37  	 2.137719251731971 
23.38  	 2.187473528389768 
23.39  	 2.287171782267521 
23.4  	 2.606141987197142 
23.41  	 2.612616918524436 
23.42  	 1.540249684350839 
23.43  	 1.767133297906551 
23.44  	 1.849984649528361 
23.45  	 1.893866639365882 
23.46  	 1.921683919596954 
23.47  	 1.941370189610891 
23.48  	 1.956412078860227 
23.49  	 1.96859201531395 
23.5  	 1.97892634337862 
23.51  	 1.988048077606528 
23.52  	 1.996384541873098 
23.53  	 2.004249094255968 
23.54  	 2.011893808745866 
23.55  	 2.019544043381127 
23.56  	 2.027425804410927 
23.57  	 2.035793279291106 
23.58  	 2.044963990709295 
23.59  	 2.055372780352607 
23.6  	 2.067666325802513 
23.61  	 2.082887104129699 
23.62  	 2.102871989968111 
23.63  	 2.131236285448481 
23.64  	 2.17628099607044 
23.65  	 2.262341670928219 
23.66  	 2.505028058035651 
23.67  	 10.05736560405099 
23.68  	 1.448261534338892 
23.69  	 1.743325893211927 
23.7  	 1.839044670154547 
23.71  	 1.887461737270349 
23.72  	 1.9173804290942 
23.73  	 1.938202713509579 
23.74  	 1.953920658364307 
23.75  	 1.96652811752444 
23.76  	 1.977142099786891 
23.77  	 1.98644796178826 
23.78  	 1.994901745542408 
23.79  	 2.002832740062664 
23.8  	 2.010501205494764 
23.81  	 2.018135228122333 
23.82  	 2.025958794490915 
23.83  	 2.034218792216947 
23.84  	 2.04321813859233 
23.85  	 2.053365216063155 
23.86  	 2.065258638501877 
23.87  	 2.079849215708684 
23.88  	 2.098783798978698 
23.89  	 2.125232186093252 
23.9  	 2.166240012731922 
23.91  	 2.241365344371718 
23.92  	 2.432911243372426 
23.93  	 4.162970880016093 
23.94  	 1.312751675352656 
23.95  	 1.714791453574798 
23.96  	 1.826775194088015 
23.97  	 1.880516681457674 
23.98  	 1.912810285795583 
23.99  	 1.934887070048498 
24  	 1.95134040456436 
24.01  	 1.964408367481614 
24.02  	 1.975321928385796 
24.03  	 1.984824895617462 
24.04  	 1.993405141443382 
24.05  	 2.001409638911353 
24.06  	 2.009107951800219 
24.07  	 2.016731744205858 
24.08  	 2.024503800189886 
24.09  	 2.032664712699329 
24.1  	 2.041504297132197 
24.11  	 2.051407054670645 
24.12  	 2.062928442535325 
24.13  	 2.076937925856537 
24.14  	 2.094916725624163 
24.15  	 2.119656301305215 
24.16  	 2.157177568473541 
24.17  	 2.223394764532288 
24.18  	 2.37882201283339 
24.19  	 3.252529837087639 
24.2  	 1.092813144607961 
24.21  	 1.679909204714634 
24.22  	 1.812899191172221 
24.23  	 1.87295256581417 
24.24  	 1.907945264047823 
24.25  	 1.931412547767973 
24.26  	 1.94866795493102 
24.27  	 1.962232947797572 
24.28  	 1.97346791882998 
24.29  	 1.983182091778086 
24.3  	 1.991898656270618 
24.31  	 1.999984199505424 
24.32  	 2.007718791477282 
24.33  	 2.015338558898435 
24.34  	 2.023065900062226 
24.35  	 2.031136078837195 
24.36  	 2.039827209781473 
24.37  	 2.049502261175481 
24.38  	 2.060677916461393 
24.39  	 2.074151328127128 
24.4  	 2.091258907862072 
24.41  	 2.1144692484536 
24.42  	 2.148960035996424 
24.43  	 2.207823555650556 
24.44  	 2.336722063106183 
24.45  	 2.882827581044015 
24.46  	 0.6728343403394191 
24.47  	 1.636201600765863 
24.48  	 1.797044034512279 
24.49  	 1.864664700866914 
24.5  	 1.902745255479235 
24.51  	 1.927760883569602 
24.52  	 1.945894236675197 
24.53  	 1.959997312651705 
24.54  	 1.971578048204034 
24.55  	 1.98151908337493 
24.56  	 1.990382867047224 
24.57  	 1.998557747523002 
24.58  	 2.006335611234067 
24.59  	 2.013957982207604 
24.6  	 2.021647700732844 
24.61  	 2.029635639617881 
24.62  	 2.038189528389658 
24.63  	 2.04765295351078 
24.64  	 2.058507757144188 
24.65  	 2.071486717276239 
24.66  	 2.087799300132959 
24.67  	 2.109637358147733 
24.68  	 2.141479634298105 
24.69  	 2.194203555646694 
24.7  	 2.303011415069819 
24.71  	 2.682282713933098 
24.72  	 0.4507162158063668 
24.73  	 1.579710189235131 
24.74  	 1.778708115609902 
24.75  	 1.855518893617896 
24.76  	 1.897158177655322 
24.77  	 1.9239067409738 
24.78  	 1.943004956645744 
24.79  	 1.957692565364131 
24.8  	 1.969646419973702 
24.81  	 1.979831822460477 
24.82  	 1.988854962733025 
24.83  	 1.997128353427022 
24.84  	 2.004957135519087 
24.85  	 2.012589226468323 
24.86  	 2.020248755061325 
24.87  	 2.028163120536612 
24.88  	 2.036590908163624 
24.89  	 2.045858297552958 
24.9  	 2.056415824507931 
24.91  	 2.068938885007754 
24.92  	 2.084525377979626 
24.93  	 2.10512897350987 
24.94  	 2.134645181619572 
24.95  	 2.182192267137964 
24.96  	 2.275405274942139 
24.97  	 2.556348457890553 
24.98  	 13.25475797150725 
24.99  	 1.503721730833604 
25  	 1.75721086452146 
25.01  	 1.845347387117881 
25.02  	 1.891120778968961 
25.03  	 1.919819179084581 
25.04  	 1.939982049935966 
25.05  	 1.955306757373025 
25.06  	 1.967664397645914 
25.07  	 1.978113657552482 
25.08  	 1.987309578496047 
25.09  	 1.995691534737806 
25.1  	 2.003579505127319 
25.11  	 2.011228866485109 
25.12  	 2.018865905813258 
25.13  	 2.026715449262384 
25.14  	 2.035028109347508 
25.15  	 2.044114472050885 
25.16  	 2.054396943971404 
25.17  	 2.066499702500775 
25.18  	 2.081422344250893 
25.19  	 2.100912720054292 
25.2  	 2.128376589605613 
25.21  	 2.171519893478868 
25.22  	 2.252378079833642 
25.23  	 2.469882203704114 
25.24  	 5.645640747639366 
25.25  	 1.395882221951257 
25.26  	 1.731612623099759 
25.27  	 1.833942789622666 
25.28  	 1.884559482207923 
25.29  	 1.915463438153095 
25.3  	 1.936805508112817 
25.31  	 1.952826597058755 
25.32  	 1.965622174660397 
25.33  	 1.976356775233624 
25.34  	 1.985740124468821 
25.35  	 1.994241486186137 
25.36  	 2.002197420607848 
25.37  	 2.009871905727568 
25.38  	 2.01749428214903 
25.39  	 2.025287688104431 
25.4  	 2.033495869410121 
25.41  	 2.042415481362498 
25.42  	 2.05244365409779 
25.43  	 2.064158778445014 
25.44  	 2.078473606218819 
25.45  	 2.096957424890991 
25.46  	 2.122602262654506 
25.47  	 2.16196896897066 
25.48  	 2.232868240826386 
25.49  	 2.406813612436371 
25.5  	 3.634618734509584 
25.51  	 1.230685530622454 
25.52  	 1.700579968249637 
25.53  	 1.82104787367054 
25.54  	 1.877390361199104 
25.55  	 1.910802353380828 
25.56  	 1.93345499131835 
25.57  	 1.950239030827906 
25.58  	 1.963510284643982 
25.59  	 1.974553641441714 
25.6  	 1.984140168855054 
25.61  	 1.992772416377319 
25.62  	 2.000805443409034 
25.63  	 2.008513051947324 
25.64  	 2.016128559090081 
25.65  	 2.023874286486923 
25.66  	 2.031988157745462 
25.67  	 2.040754421439366 
25.68  	 2.050547490783875 
25.69  	 2.061904757708677 
25.7  	 2.075662039286686 
25.71  	 2.093233089396601 
25.72  	 2.117258398750809 
25.73  	 2.153361909753776 
25.74  	 2.216112440224192 
25.75  	 2.358745428864161 
25.76  	 3.055881667110256 
25.77  	 0.945560758242776 
25.78  	 1.662149814665732 
25.79  	 1.806338623050279 
25.8  	 1.869517470897185 
25.81  	 1.905796862319246 
25.82  	 1.929910765786885 
25.83  	 1.947532275901662 
25.84  	 1.961320653981063 
25.85  	 1.972698058284031 
25.86  	 1.982504499306404 
25.87  	 1.99127961858194 
25.88  	 1.999399082396799 
25.89  	 2.007147826474705 
25.9  	 2.014764097402739 
25.91  	 2.02247026025213 
25.92  	 2.030499404542244 
25.93  	 2.03912476971519 
25.94  	 2.048700349588562 
25.95  	 2.059726761032507 
25.96  	 2.072971475341181 
25.97  	 2.089712241791434 
25.98  	 2.112289202957373 
25.99  	 2.145553244631623 
26  	 2.201548080105966 
26.01  	 2.320860135465204 
26.02  	 2.780936245064829 
26.03  	 0.3349508058816719 
26.04  	 1.613295873018415 
26.05  	 1.789397053566007 
26.06  	 1.860828966040605 
26.07  	 1.900405324365528 
26.08  	 1.926153738967217 
26.09  	 1.944696090228118 
26.1  	 1.95904698319115 
26.11  	 1.970785618554257 
26.12  	 1.980829637281782 
26.13  	 1.989760040600139 
26.14  	 1.997975418894849 
26.15  	 2.00577324647757 
26.16  	 2.013397686977227 
26.17  	 2.021072001836777 
26.18  	 2.029025385245772 
26.19  	 2.037521352961606 
26.2  	 2.046895546371966 
26.21  	 2.057615542459144 
26.22  	 2.070387933156004 
26.23  	 2.086371093091072 
26.24  	 2.107647208272613 
26.25  	 2.138424321864953 
26.26  	 2.188753056411153 
26.27  	 2.290197224156993 
26.28  	 2.620189243899184 
26.29  	 1.903165885041508 
26.3  	 1.549079823290534 
26.31  	 1.769668613359126 
26.32  	 1.851190637643869 
26.33  	 1.89458163907593 
26.34  	 1.922164613528837 
26.35  	 1.941721291768916 
26.36  	 1.956684452171878 
26.37  	 1.96881353425129 
26.38  	 1.979113762818763 
26.39  	 1.988212292346413 
26.4  	 1.9965331900354 
26.41  	 2.004387980713858 
26.42  	 2.012027774169437 
26.43  	 2.019677580417017 
26.44  	 2.027563596402842 
26.45  	 2.035940802849827 
26.46  	 2.04512835605517 
26.47  	 2.055564108718626 
26.48  	 2.067900290258596 
26.49  	 2.083190130442143 
26.5  	 2.103293188261353 
26.51  	 2.131879112610406 
26.52  	 2.177406613463474 
26.53  	 2.264839770432322 
26.54  	 2.514629933849192 
26.55  	 13.74946718293529 
26.56  	 1.460841998848366 
26.57  	 1.74639544904208 
26.58  	 1.840436557839704 
26.59  	 1.888272356376495 
26.6  	 1.917922381289219 
26.61  	 1.938598724931093 
26.62  	 1.95422891876324 
26.63  	 1.966779981974256 
26.64  	 1.977356168482042 
26.65  	 1.986636187946337 
26.66  	 1.995072406850119 
26.67  	 2.002992035958806 
26.68  	 2.010654211693229 
26.69  	 2.018286552249728 
26.7  	 2.026113124582865 
26.71  	 2.034381481791829 
26.72  	 2.043395991909575 
26.73  	 2.053567741165159 
26.74  	 2.065500311992152 
26.75  	 2.080154029720299 
26.76  	 2.099195460764477 
26.77  	 2.125840388510218 
26.78  	 2.167262494633965 
26.79  	 2.243494696404433 
26.8  	 2.439926488544105 
26.81  	 4.359960100027211 
26.82  	 1.331873416822695 
26.83  	 1.718509672758097 
26.84  	 1.828356347700551 
26.85  	 1.881413063796077 
26.86  	 1.913402483834817 
26.87  	 1.935317974798304 
26.88  	 1.951675880861089 
26.89  	 1.964683208566777 
26.9  	 1.975556463005095 
26.91  	 1.985032023329086 
26.92  	 1.993593691187939 
26.93  	 2.001586143375534 
26.94  	 2.009277687180627 
26.95  	 2.016899425554203 
26.96  	 2.024674142151646 
26.97  	 2.032843003420101 
26.98  	 2.041697141566986 
26.99  	 2.051623529762826 
27  	 2.063182142140332 
27.01  	 2.077250985634341 
27.02  	 2.095328648998001 
27.03  	 2.120246034557997 
27.04  	 2.158129619683146 
27.05  	 2.225260142634254 
27.06  	 2.384219557019342 
27.07  	 3.315664448289068 
27.08  	 1.125240565943624 
27.09  	 1.684456001747324 
27.1  	 1.814678066624052 
27.11  	 1.873924293160011 
27.12  	 1.908574964064494 
27.13  	 1.931866136637608 
27.14  	 1.949019485625812 
27.15  	 1.962520660096103 
27.16  	 1.973713771362393 
27.17  	 1.983399823164552 
27.18  	 1.992097555221118 
27.19  	 2.000171060829828 
27.2  	 2.007899040684096 
27.21  	 2.015516986384708 
27.22  	 2.023247234453724 
27.23  	 2.031325552507273 
27.24  	 2.040031267361162 
27.25  	 2.049729632808858 
27.26  	 2.06094147895001 
27.27  	 2.07447169656584 
27.28  	 2.0916721377827 
27.29  	 2.115045561368839 
27.3  	 2.14985772345642 
27.31  	 2.209488811574771 
27.32  	 2.341041402794699 
27.33  	 2.913656386676823 
27.34  	 0.7399557742327477 
27.35  	 1.641881296638537 
27.36  	 1.799044730497487 
27.37  	 1.865707020738787 
27.38  	 1.903402836699591 
27.39  	 1.928226872095136 
27.4  	 1.946251806207099 
27.41  	 1.960288344880615 
27.42  	 1.971826135172377 
27.43  	 1.981738756828686 
27.44  	 1.990583821183483 
27.45  	 1.998746988649359 
27.46  	 2.006518670247588 
27.47  	 2.014139688039358 
27.48  	 2.021832766331425 
27.49  	 2.029829219938291 
27.5  	 2.03839789715868 
27.51  	 2.047884502761518 
27.52  	 2.058774695717094 
27.53  	 2.071808286384471 
27.54  	 2.088208523045756 
27.55  	 2.110197014958743 
27.56  	 2.14232657564701 
27.57  	 2.195703888634765 
27.58  	 2.306565541994011 
27.59  	 2.700584166773166 
27.6  	 0.2340139839840464 
27.61  	 1.587054964165312 
27.62  	 1.78098075619652 
27.63  	 1.856637567958908 
27.64  	 1.897840750794118 
27.65  	 1.924379856612003 
27.66  	 1.943362495615608 
27.67  	 1.957980542660304 
27.68  	 1.969890228662548 
27.69  	 1.980046842813888 
27.7  	 1.989051305961176 
27.71  	 1.997313229647096 
27.72  	 2.005136163622699 
27.73  	 2.012767250541758 
27.74  	 2.020430444426335 
27.75  	 2.028353520904659 
27.76  	 2.036796087892547 
27.77  	 2.046086277408726 
27.78  	 2.05667812581862 
27.79  	 2.069253406876206 
27.8  	 2.084922315980227 
27.81  	 2.105664480986571 
27.82  	 2.135437992831478 
27.83  	 2.183545499947833 
27.84  	 2.27838271391648 
27.85  	 2.56850034454203 
27.86  	 7.54532370118148 
27.87  	 1.513698010565538 
27.88  	 1.759841695666829 
27.89  	 1.84656137322912 
27.9  	 1.891833846044823 
27.91  	 1.920300584494494 
27.92  	 1.940338805139742 
27.93  	 1.955589860498416 
27.94  	 1.967901401962095 
27.95  	 1.978320963779934 
27.96  	 1.987497802839488 
27.97  	 1.995868135757151 
27.98  	 2.003750208678122 
27.99  	 2.011398533333467 
28  	 2.019039149641637 
28.01  	 2.026897182893284 
28.02  	 2.0352241618733 
28.03  	 2.044332451636345 
28.04  	 2.054647644510026 
28.05  	 2.06679967102723 
28.06  	 2.081799062973974 
28.07  	 2.101416293187198 
28.08  	 2.129110107420529 
28.09  	 2.172735814587859 
28.1  	 2.254898934667642 
28.11  	 2.478541257452048 
28.12  	 6.249359112499488 
28.13  	 1.410368366564325 
28.14  	 1.734735361570158 
28.15  	 1.835284709765873 
28.16  	 1.885316554823748 
28.17  	 1.915960384573449 
28.18  	 1.937165854145589 
28.19  	 1.953107542616358 
28.2  	 1.965853974681373 
28.21  	 1.976557128606221 
28.22  	 1.98592030869351 
28.23  	 1.994409300501525 
28.24  	 2.002358751998507 
28.25  	 2.010031660562947 
28.26  	 2.017657028880615 
28.27  	 2.025458202354378 
28.28  	 2.033679724732801 
28.29  	 2.04261984889063 
28.3  	 2.052678576837511 
28.31  	 2.064439455305511 
28.32  	 2.07882491966569 
28.33  	 2.097423935050493 
28.34  	 2.123273439103939 
28.35  	 2.163055969774402 
28.36  	 2.235016069477726 
28.37  	 2.413281776845347 
28.38  	 3.745248107938121 
28.39  	 1.253785870886719 
28.4  	 1.704392393062317 
28.41  	 1.822562939715984 
28.42  	 1.878210996044134 
28.43  	 1.911326433857429 
28.44  	 1.933826981230696 
28.45  	 1.950523887159317 
28.46  	 1.963741649117279 
28.47  	 1.97475086370338 
28.48  	 1.984315389599886 
28.49  	 1.992933899424999 
28.5  	 2.000959315792004 
28.51  	 2.008664316149158 
28.52  	 2.016281769537936 
28.53  	 2.024034099146856 
28.54  	 2.032159899030497 
28.55  	 2.040944830422216 
28.56  	 2.050765872361294 
28.57  	 2.062165011050825 
28.58  	 2.07598660917045 
28.59  	 2.093661514603488 
28.6  	 2.117868330688725 
28.61  	 2.154330658832293 
28.62  	 2.217951892387124 
28.63  	 2.36374162670732 
28.64  	 3.100703711435926 
28.65  	 0.9881739624890415 
28.66  	 1.666943709575277 
28.67  	 1.808083223956773 
28.68  	 1.870424547649491 
28.69  	 1.906361545825068 
28.7  	 1.930304000610227 
28.71  	 1.947828615218559 
28.72  	 1.961557901838593 
28.73  	 1.97289760194097 
28.74  	 1.982679560480166 
28.75  	 1.99143905968325 
28.76  	 1.99954935855237 
28.77  	 2.007294097209252 
28.78  	 2.014910947443806 
28.79  	 2.022622260521133 
28.8  	 2.030661665150348 
28.81  	 2.039303632281971 
28.82  	 2.048904432748393 
28.83  	 2.05996876311584 
28.84  	 2.073271625385753 
28.85  	 2.090105623889606 
28.86  	 2.112843326258878 
28.87  	 2.146417705621539 
28.88  	 2.203133671207079 
28.89  	 2.324820892739473 
28.9  	 2.80501720088101 
28.91  	 0.4381253504481751 
28.92  	 1.619516823474404 
28.93  	 1.791438540981114 
28.94  	 1.861846153155632 
28.95  	 1.901023544897634 
28.96  	 1.926577225034886 
28.97  	 1.945011070378904 
28.98  	 1.959296240160216 
28.99  	 1.970992960376888 
29  	 1.981009572638207 
29.01  	 1.989922153951909 
29.02  	 1.998126574857396 
29.03  	 2.005918820469814 
29.04  	 2.013542341147515 
29.05  	 2.021220264731308 
29.06  	 2.029182195518387 
29.07  	 2.037692710387423 
29.08  	 2.047089464476626 
29.09  	 2.057843656024237 
29.1  	 2.070668521564667 
29.11  	 2.086735378545044 
29.12  	 2.108154115046657 
29.13  	 2.139200845261396 
29.14  	 2.190132547779238 
29.15  	 2.293408058681054 
29.16  	 2.635164264008796 
29.17  	 1.383137896606376 
29.18  	 1.557453751734648 
29.19  	 1.772088000530598 
29.2  	 1.852340877304708 
29.21  	 1.895264098571799 
29.22  	 1.922625180061819 
29.23  	 1.942060185141572 
29.24  	 1.956950262293131 
29.25  	 1.969032845107936 
29.26  	 1.979302545747128 
29.27  	 1.988380952659875 
29.28  	 1.996689065133504 
29.29  	 2.004536708720599 
29.3  	 2.012174135171548 
29.31  	 2.019826101693127 
29.32  	 2.027719093340961 
29.33  	 2.036108997298753 
29.34  	 2.045316750795638 
29.35  	 2.055783429192014 
29.36  	 2.068167146911563 
29.37  	 2.083532463493084 
29.38  	 2.103762743111925 
29.39  	 2.13258452253326 
29.4  	 2.178621490425564 
29.41  	 2.267497357157513 
29.42  	 2.524825962621927 
29.43  	 23.71456610795818 
29.44  	 1.472662573179914 
29.45  	 1.749294970623329 
29.46  	 1.841742123969464 
29.47  	 1.889026938022183 
29.48  	 1.918424002549038 
29.49  	 1.938964214397056 
29.5  	 1.954513518928311 
29.51  	 1.967013376448909 
29.52  	 1.977555932442393 
29.53  	 1.986813617533948 
29.54  	 1.995235353136417 
29.55  	 2.003146429700282 
29.56  	 2.010804979039651 
29.57  	 2.018438251541737 
29.58  	 2.026270490224283 
29.59  	 2.034550017775096 
29.6  	 2.043582781532024 
29.61  	 2.053782749346424 
29.62  	 2.06575874485539 
29.63  	 2.080481071824951 
29.64  	 2.099636894429703 
29.65  	 2.126489938275531 
29.66  	 2.168347336599479 
29.67  	 2.245738377570721 
29.68  	 2.44731992390841 
29.69  	 4.597389644188823 
29.7  	 1.349732093417109 
29.71  	 1.72202782811092 
29.72  	 1.829840697286233 
29.73  	 1.882245432223435 
29.74  	 1.913946569227509 
29.75  	 1.935710287946776 
29.76  	 1.951979223159571 
29.77  	 1.964930674619504 
29.78  	 1.975767349123275 
29.79  	 1.985218563922007 
29.8  	 1.993764272888236 
29.81  	 2.001747003729482 
29.82  	 2.009433913152412 
29.83  	 2.017055626985203 
29.84  	 2.024835003334081 
29.85  	 2.033013858330615 
29.86  	 2.04188473011187 
29.87  	 2.051837182857217 
29.88  	 2.063435886989999 
29.89  	 2.077567694709308 
29.9  	 2.095749143881231 
29.91  	 2.120851878398151 
29.92  	 2.159111534513011 
29.93  	 2.227189350432967 
29.94  	 2.389839238279204 
29.95  	 3.385770120040347 
29.96  	 1.155235020970399 
29.97  	 1.688794581401751 
29.98  	 1.81636943009679 
29.99  	 1.874839470987778 
30  	 1.909161425946179 
30.01  	 1.932283862096745 
30.02  	 1.949339883781902 
30.03  	 1.962780574293188 
30.04  	 1.973934335087329 
30.05  	 1.983594248539699 
30.06  	 1.992274776923541 
30.07  	 2.000337627720989 
30.08  	 2.008060205380362 
30.09  	 2.015677419943197 
30.1  	 2.023411589523386 
30.11  	 2.03149902543329 
30.12  	 2.04022030989326 
30.13  	 2.049943037612763 
30.14  	 2.061192269292929 
30.15  	 2.07478078180719 
30.16  	 2.092076168619609 
30.17  	 2.115616074683263 
30.18  	 2.150756451660372 
30.19  	 2.211173958794491 
30.2  	 2.345471850163511 
30.21  	 2.946738053567089 
30.22  	 0.8005352536283283 
30.23  	 1.647353648225994 
30.24  	 1.800981274985622 
30.25  	 1.866711546872314 
30.26  	 1.904031580047755 
30.27  	 1.92866815069075 
30.28  	 1.946586940227141 
30.29  	 1.960558341621393 
30.3  	 1.972054109272741 
30.31  	 1.98193894831593 
30.32  	 1.990765728637734 
30.33  	 1.998917476108853 
30.34  	 2.006683157224142 
30.35  	 2.014302910148888 
30.36  	 2.021999353451748 
30.37  	 2.030004249265573 
30.38  	 2.038587567228649 
30.39  	 2.048097133002282 
30.4  	 2.059022430632492 
30.41  	 2.072110331589613 
30.42  	 2.088597959281721 
30.43  	 2.110736984757156 
30.44  	 2.143155400378128 
30.45  	 2.197194169723816 
30.46  	 2.310159588027514 
30.47  	 2.719809596434047 
30.48  	 0.05231769334836135 
30.49  	 1.594176697787504 
30.5  	 1.783217291621382 
30.51  	 1.857741797582385 
30.52  	 1.89851318065008 
30.53  	 1.924843592296579 
30.54  	 1.943710458875507 
30.55  	 1.958258452216318 
30.56  	 1.970123381556305 
30.57  	 1.980250586176266 
30.58  	 1.989235733984295 
30.59  	 1.99748553384748 
30.6  	 2.00530193507536 
30.61  	 2.012931292114814 
30.62  	 2.02059736748801 
30.63  	 2.028528292826077 
30.64  	 2.036984673729108 
30.65  	 2.046296563956051 
30.66  	 2.056921463618453 
30.67  	 2.069547484613625 
30.68  	 2.085297094981777 
30.69  	 2.106175953024518 
30.7  	 2.136205263956231 
30.71  	 2.184875043701111 
30.72  	 2.281363226403071 
30.73  	 2.581077838779754 
30.74  	 4.943590946646886 
30.75  	 1.523373206741308 
30.76  	 1.762458363438505 
30.77  	 1.847781571143727 
30.78  	 1.892554053068595 
30.79  	 1.920787371597996 
30.8  	 1.940698918398426 
30.81  	 1.955874460418312 
30.82  	 1.968138250368576 
30.83  	 1.978526636860633 
30.84  	 1.98768304710921 
30.85  	 1.996040497790425 
30.86  	 2.003915464879506 
30.87  	 2.011561561071854 
30.88  	 2.019204546693041 
30.89  	 2.027069812824017 
30.9  	 2.035409767902954 
30.91  	 2.044538513584677 
30.92  	 2.054884777197457 
30.93  	 2.067084183125096 
30.94  	 2.082158140252182 
30.95  	 2.101899740055353 
30.96  	 2.129821021542761 
30.97  	 2.173928666081242 
30.98  	 2.257412414417985 
30.99  	 2.487419704832492 
31  	 7.092338340131459 
31.01  	 1.424319714436199 
31.02  	 1.737849692691825 
31.03  	 1.836644787027448 
31.04  	 1.88609198444613 
31.05  	 1.916472970428637 
31.06  	 1.937539076399492 
31.07  	 1.953398958445896 
31.08  	 1.96609418913205 
31.09  	 1.976764118467082 
31.1  	 1.986105558542196 
31.11  	 1.99458075791228 
31.12  	 2.002522404518233 
31.13  	 2.010192475139224 
31.14  	 2.017819599240179 
31.15  	 2.025627296055992 
31.16  	 2.033860873494932 
31.17  	 2.042820145705601 
31.18  	 2.052907946367466 
31.19  	 2.064712935346968 
31.2  	 2.079167197728993 
31.21  	 2.097879402134048 
31.22  	 2.123931699292771 
31.23  	 2.164129977719247 
31.24  	 2.237162930356324 
31.25  	 2.419886376106714 
31.26  	 3.871716233822869 
31.27  	 1.275714878479734 
31.28  	 1.708177887887834 
31.29  	 1.824095943779134 
31.3  	 1.879052585608867 
31.31  	 1.911869687146907 
31.32  	 1.934215880247499 
31.33  	 1.950823597473887 
31.34  	 1.963986099002669 
31.35  	 1.974959651322181 
31.36  	 1.984500851039193 
31.37  	 1.993104446599739 
31.38  	 2.001121185048332 
31.39  	 2.008822587641407 
31.4  	 2.016441048903303 
31.41  	 2.02419907059583 
