0.01  	 0.009436266647211727 
0.02  	 0.01769898487930385 
0.03  	 0.02473901674492712 
0.04  	 0.03053374130381237 
0.05  	 0.03508650933941235 
0.06  	 0.03842565305073919 
0.07000000000000001  	 0.04060307504432149 
0.08  	 0.04169244750816908 
0.09  	 0.04178705845608388 
0.1  	 0.0409973472933456 
0.11  	 0.039448176594859 
0.12  	 0.03727589083699394 
0.13  	 0.03462521582977794 
0.14  	 0.03164605471533383 
0.15  	 0.02849023760382363 
0.16  	 0.02530828219626197 
0.17  	 0.02224622209529029 
0.18  	 0.01944255794559058 
0.19  	 0.01702538410425458 
0.2  	 0.01510974026082076 
0.21  	 0.01379523336235994 
0.22  	 0.01316397041834644 
0.23  	 0.01327883734137453 
0.24  	 0.01418215301096298 
0.25  	 0.01589472132488384 
0.26  	 0.01841529722857854 
0.27  	 0.02172047569637722 
0.28  	 0.02576500549003882 
0.29  	 0.0304825223539944 
0.3  	 0.03578668923610204 
0.31  	 0.04157272425952827 
0.32  	 0.0477192906240221 
0.33  	 0.05409071648676882 
0.34  	 0.06053950726103742 
0.35  	 0.06690910776373593 
0.36  	 0.07303686732009007 
0.37  	 0.07875715736368463 
0.38  	 0.08390458831008989 
0.39  	 0.08831727057671006 
0.4  	 0.09184006360165331 
0.41  	 0.09432775659783996 
0.42  	 0.09564812556891518 
0.43  	 0.09568481280028932 
0.44  	 0.09433997759757326 
0.45  	 0.09153667043787007 
0.46  	 0.08722088687611333 
0.47  	 0.08136326244584315 
0.48  	 0.07396037533728034 
0.49  	 0.06503562974086999 
0.5  	 0.05463969931838292 
0.51  	 0.04285051720543964 
0.52  	 0.02977280615228539 
0.53  	 0.01553714976277915 
0.54  	 0.0002986131811705817 
0.55  	 -0.0157650711122993 
0.5600000000000001  	 -0.03245572961646287 
0.5700000000000001  	 -0.04955735663828689 
0.58  	 -0.06683906963353028 
0.59  	 -0.08405836916257005 
0.6  	 -0.1009646562765127 
0.61  	 -0.1173029555509113 
0.62  	 -0.1328177881521219 
0.63  	 -0.1472571363182427 
0.64  	 -0.1603764385138958 
0.65  	 -0.1719425533141279 
0.66  	 -0.1817376298117673 
0.67  	 -0.1895628230350846 
0.68  	 -0.1952417945044066 
0.6900000000000001  	 -0.1986239406290911 
0.7000000000000001  	 -0.1995872951173619 
0.71  	 -0.1980410558947347 
0.72  	 -0.1939276921427565 
0.73  	 -0.1872245929070326 
0.74  	 -0.1779452251991993 
0.75  	 -0.1661397765388544 
0.76  	 -0.151895264346976 
0.77  	 -0.135335102403318 
0.78  	 -0.1166181226023594 
0.79  	 -0.09593705836727513 
0.8  	 -0.0735165041885907 
0.8100000000000001  	 -0.04961037372271007 
0.8200000000000001  	 -0.02449888659576582 
0.8300000000000001  	 0.001514878606272141 
0.84  	 0.02810882083118893 
0.85  	 0.05494599195016524 
0.86  	 0.08167905488665227 
0.87  	 0.107954963534387 
0.88  	 0.1334197995735052 
0.89  	 0.1577236982694902 
0.9  	 0.1805257932835268 
0.91  	 0.2014991094720303 
0.92  	 0.2203353326306237 
0.93  	 0.2367493861514625 
0.9400000000000001  	 0.2504837466054579 
0.9500000000000001  	 0.2613124333102274 
0.96  	 0.2690446109634769 
0.97  	 0.2735277493584125 
0.98  	 0.274650289987574 
0.99  	 0.2723437759061879 
1  	 0.2665844084760154 
1.01  	 0.2573940024456185 
1.02  	 0.244840319133669 
1.03  	 0.2290367661516489 
1.04  	 0.2101414610083888 
1.05  	 0.1883556649546073 
1.06  	 0.163921602421894 
1.07  	 0.137119690257922 
1.08  	 0.1082652095300235 
1.09  	 0.07770446083782066 
1.1  	 0.04581045172269012 
1.11  	 0.01297817177463813 
1.12  	 -0.02038048268865431 
1.13  	 -0.05384206705457045 
1.14  	 -0.08697715811843698 
1.15  	 -0.1193560596751305 
1.16  	 -0.1505545661204187 
1.17  	 -0.1801597047694036 
1.18  	 -0.2077753772961482 
1.19  	 -0.2330278215164291 
1.2  	 -0.2555708166692331 
1.21  	 -0.2750905583810204 
1.22  	 -0.2913101335829804 
1.23  	 -0.3039935307433937 
1.24  	 -0.3129491268080995 
1.25  	 -0.3180325991316167 
1.26  	 -0.3191492183367595 
1.27  	 -0.316255486357403 
1.28  	 -0.3093600927833494 
1.29  	 -0.2985241719156977 
1.3  	 -0.2838608525268519 
1.31  	 -0.2655341020677229 
1.32  	 -0.2437568768393011 
1.33  	 -0.218788599309248 
1.34  	 -0.1909319931700808 
1.35  	 -0.1605293157705282 
1.36  	 -0.1279580360771956 
1.37  	 -0.09362601421796933 
1.38  	 -0.05796624580827421 
1.39  	 -0.02143124056309899 
1.4  	 0.01551288994001379 
1.41  	 0.05239255613780893 
1.42  	 0.08873294352775073 
1.43  	 0.1240643102852464 
1.44  	 0.1579282438907999 
1.45  	 0.1898837914279983 
1.46  	 0.2195133796199244 
1.47  	 0.2464284432473577 
1.48  	 0.2702746843048563 
1.49  	 0.2907368890521264 
1.5  	 0.3075432359443594 
1.51  	 0.3204690341981364 
1.52  	 0.3293398403772624 
1.53  	 0.3340339087615406 
1.54  	 0.3344839402761766 
1.55  	 0.3306781042862117 
1.56  	 0.3226603174676533 
1.57  	 0.3105297741176362 
1.58  	 0.294439732519215 
1.59  	 0.274595572189628 
1.6  	 0.2512521468718061 
1.61  	 0.2247104678374463 
1.62  	 0.1953137613203532 
1.63  	 0.1634429525613058 
1.64  	 0.1295116368988106 
1.65  	 0.09396060547181982 
1.66  	 0.05725199931025701 
1.67  	 0.01986317078906946 
1.68  	 -0.0177196644622514 
1.69  	 -0.0550078991290161 
1.7  	 -0.09151704140560238 
1.71  	 -0.1267731693841005 
1.72  	 -0.1603192448514548 
1.73  	 -0.1917212005674443 
1.74  	 -0.2205737181430365 
1.75  	 -0.2465056178335223 
1.76  	 -0.2691847868461236 
1.77  	 -0.2883225790646552 
1.78  	 -0.3036776263275253 
1.79  	 -0.3150590094597322 
1.8  	 -0.3223287460428814 
1.81  	 -0.3254035612877795 
1.82  	 -0.3242559182215518 
1.83  	 -0.318914293578666 
1.84  	 -0.3094626961511754 
1.85  	 -0.2960394347636969 
1.86  	 -0.278835153348258 
1.87  	 -0.2580901606596491 
1.88  	 -0.2340910918532171 
1.89  	 -0.2071669483093554 
1.9  	 -0.1776845706048075 
1.91  	 -0.1460436072818716 
1.92  	 -0.1126710489448884 
1.93  	 -0.07801540312358697 
1.94  	 -0.04254059020299683 
1.95  	 -0.006719644462455779 
1.96  	 0.02897169315966639 
1.97  	 0.06406140258879973 
1.98  	 0.09808754428992034 
1.99  	 0.1306044640369782 
2  	 0.1611887579994768 
2.01  	 0.1894449168268217 
2.02  	 0.2150105719931191 
2.03  	 0.2375612733071677 
2.04  	 0.2568147331143034 
2.05  	 0.2725344802251443 
2.06  	 0.2845328748949343 
2.07  	 0.2926734451294733 
2.08  	 0.2968725140833894 
2.09  	 0.2971000982103374 
2.1  	 0.2933800659836455 
2.11  	 0.2857895572873432 
2.12  	 0.2744576738373311 
2.13  	 0.2595634610870243 
2.14  	 0.2413332118599463 
2.15  	 0.220037131296867 
2.16  	 0.1959854114768363 
2.17  	 0.1695237721479679 
2.18  	 0.141028531272875 
2.19  	 0.110901275454955 
2.2  	 0.07956320567737575 
2.21  	 0.04744923808356598 
2.22  	 0.0150019426976241 
2.23  	 -0.01733459501657589 
2.24  	 -0.04912090405371587 
2.25  	 -0.07992816391764909 
2.26  	 -0.109344063113754 
2.27  	 -0.1369783991376042 
2.28  	 -0.1624683429089963 
2.29  	 -0.1854832955663754 
2.3  	 -0.2057292715021503 
2.31  	 -0.2229527483975328 
2.32  	 -0.2369439327074319 
2.33  	 -0.2475393974408963 
2.34  	 -0.2546240580605077 
2.35  	 -0.2581324617566877 
2.36  	 -0.2580493751056238 
2.37  	 -0.2544096650538373 
2.38  	 -0.2472974781472342 
2.39  	 -0.2368447327965902 
2.4  	 -0.2232289490052681 
2.41  	 -0.2066704492426919 
2.42  	 -0.187428972898557 
2.43  	 -0.1657997548751046 
2.44  	 -0.142109126254649 
2.45  	 -0.1167097015139665 
2.46  	 -0.08997522235592154 
2.47  	 -0.06229513281453401 
2.48  	 -0.0340689638004698 
2.49  	 -0.005700607642459846 
2.5  	 0.02240743558423292 
2.51  	 0.04985975808308422 
2.52  	 0.07627360995296506 
2.53  	 0.1012842518770928 
2.54  	 0.1245500197192863 
2.55  	 0.1457570302768776 
2.56  	 0.1646234628479229 
2.57  	 0.1809033575928492 
2.58  	 0.1943898788142808 
2.59  	 0.2049179991392606 
2.6  	 0.2123665690509547 
2.61  	 0.2166597451594228 
2.62  	 0.2177677598939484 
2.63  	 0.2157070248085801 
2.64  	 0.2105395692812543 
2.65  	 0.2023718259174326 
2.66  	 0.1913527833051773 
2.67  	 0.1776715357766214 
2.68  	 0.1615542683825119 
2.69  	 0.1432607232604713 
2.7  	 0.1230802008607965 
2.71  	 0.1013271559834325 
2.72  	 0.07833645418488078 
2.73  	 0.05445835875634698 
2.74  	 0.03005332208983697 
2.75  	 0.005486657788415783 
2.76  	 -0.01887682869372362 
2.77  	 -0.04267817279350106 
2.78  	 -0.06556946970233644 
2.79  	 -0.08721890402989074 
2.8  	 -0.1073155179707593 
2.81  	 -0.1255736497364446 
2.82  	 -0.1417369790497231 
2.83  	 -0.1555821224331942 
2.84  	 -0.1669217277701387 
2.85  	 -0.1756070250743504 
2.86  	 -0.18152979846652 
2.87  	 -0.1846237529000418 
2.88  	 -0.1848652580837159 
2.89  	 -0.182273461183031 
2.9  	 -0.1769097691125092 
2.91  	 -0.1688767104250489 
2.92  	 -0.1583161958269955 
2.93  	 -0.1454072050693604 
2.94  	 -0.1303629362603149 
2.95  	 -0.1134274613922626 
2.96  	 -0.09487193896726136 
2.97  	 -0.07499044093554283 
2.98  	 -0.05409545664322896 
2.99  	 -0.03251314103879843 
3  	 -0.01057837794954899 
3.01  	 0.01137026824107638 
3.02  	 0.0329956377410418 
3.03  	 0.05396702220006382 
3.04  	 0.07396509889104708 
3.05  	 0.09268667968683486 
3.06  	 0.1098492051890937 
3.07  	 0.125194918271412 
3.08  	 0.1384946561580735 
3.09  	 0.1495512059008875 
3.1  	 0.1582021746538075 
3.11  	 0.164322333382276 
3.12  	 0.1678254004745465 
3.13  	 0.1686652400305338 
3.14  	 0.1668364582680877 
3.15  	 0.1623743903799266 
3.16  	 0.1553544791666906 
3.17  	 0.1458910557311773 
3.18  	 0.1341355413149888 
3.19  	 0.1202740978632655 
3.2  	 0.1045247629919097 
3.21  	 0.08713411258709243 
3.22  	 0.0683735011788644 
3.23  	 0.04853493639923492 
3.24  	 0.0279266491703253 
3.25  	 0.006868425693385413 
3.26  	 -0.01431322923979692 
3.27  	 -0.03529002566447116 
3.28  	 -0.05573684527247279 
3.29  	 -0.07533664804592845 
3.3  	 -0.09378525587785114 
3.31  	 -0.1107959422218456 
3.32  	 -0.1261037597136679 
3.33  	 -0.1394695416061001 
3.34  	 -0.1506835176977755 
3.35  	 -0.1595684911450326 
3.36  	 -0.1659825290397644 
3.37  	 -0.1698211268201496 
3.38  	 -0.1710188143498014 
3.39  	 -0.1695501797404454 
3.4  	 -0.1654302955830171 
3.41  	 -0.1587145410663272 
3.42  	 -0.1494978223722096 
3.43  	 -0.1379132026109304 
3.44  	 -0.1241299612708339 
3.45  	 -0.1083511115742307 
3.46  	 -0.09081041213437047 
3.47  	 -0.0717689167787377 
3.48  	 -0.05151111323278529 
3.49  	 -0.03034070744528777 
3.5  	 -0.0085761155930036 
3.51  	 0.01345426984919776 
3.52  	 0.03541697020957647 
3.53  	 0.05697839477344098 
3.54  	 0.07780982557148915 
3.55  	 0.09759233916036597 
3.56  	 0.1160215926084987 
3.57  	 0.1328124028227244 
3.58  	 0.1477030513134828 
3.59  	 0.1604592504555266 
3.6  	 0.1708777122000167 
3.61  	 0.1787892659616331 
3.62  	 0.1840614789571683 
3.63  	 0.1866007395149374 
3.64  	 0.1863537717020358 
3.65  	 0.1833085579151638 
3.66  	 0.1774946547297374 
3.67  	 0.1689828961754852 
3.68  	 0.1578844875753947 
3.69  	 0.1443495020181367 
3.7  	 0.128564800301611 
3.71  	 0.1107514036592093 
3.72  	 0.09116135663688274 
3.73  	 0.07007412501058635 
3.74  	 0.04779258050976398 
3.75  	 0.02463863024284414 
3.76  	 0.0009485540148100949 
3.77  	 -0.02293188289276644 
3.78  	 -0.04665247050736087 
3.79  	 -0.06986367517254961 
3.8  	 -0.09222176612486532 
3.81  	 -0.113393872766584 
3.82  	 -0.1330628986278926 
3.83  	 -0.1509322199576309 
3.84  	 -0.1667300998788283 
3.85  	 -0.1802137530513616 
3.86  	 -0.1911730007423793 
3.87  	 -0.1994334620447932 
3.88  	 -0.2048592336214773 
3.89  	 -0.2073550176926269 
3.9  	 -0.2068676659203547 
3.91  	 -0.2033871152637172 
3.92  	 -0.1969467006575968 
3.93  	 -0.1876228383833157 
3.94  	 -0.17553408311728 
3.95  	 -0.1608395707343133 
3.96  	 -0.1437368678729939 
3.97  	 -0.1244592579116164 
3.98  	 -0.1032725012300285 
3.99  	 -0.08047111532464901 
4  	 -0.05637422738976218 
4.01  	 -0.03132105827451143 
4.02  	 -0.005666102180134247 
4.03  	 0.02022592900441456 
4.04  	 0.04598532428494136 
4.05  	 0.07124268011437221 
4.06  	 0.095634218540881 
4.07  	 0.1188070402519428 
4.08  	 0.1404242365959989 
4.09  	 0.1601697865416208 
4.1  	 0.1777531674841113 
4.11  	 0.1929136127897698 
4.12  	 0.2054239539228595 
4.13  	 0.2150939908595344 
4.14  	 0.2217733411731868 
4.15  	 0.2253537255820782 
4.16  	 0.2257706557765133 
4.17  	 0.2230044988748753 
4.18  	 0.2170809017729931 
4.19  	 0.2080705678219316 
4.2  	 0.1960883875635785 
4.21  	 0.1812919345377426 
4.22  	 0.1638793463153105 
4.23  	 0.1440866197775705 
4.24  	 0.1221843581242069 
4.25  	 0.09847401502953504 
4.26  	 0.07328368866342902 
4.27  	 0.04696352484433956 
4.28  	 0.01988079430182339 
4.29  	 -0.007585286188228353 
4.3  	 -0.03504891524049546 
4.31  	 -0.06212317457223034 
4.32  	 -0.08842552504142794 
4.33  	 -0.1135832525262589 
4.34  	 -0.1372387857489661 
4.350000000000001  	 -0.1590548098533069 
4.36  	 -0.1787191023445361 
4.37  	 -0.1959490218563383 
4.38  	 -0.2104955850657773 
4.39  	 -0.2221470728667779 
4.4  	 -0.2307321135530283 
4.41  	 -0.2361221981579747 
4.42  	 -0.2382335911479685 
4.43  	 -0.2370286082495585 
4.44  	 -0.2325162421913357 
4.45  	 -0.2247521264258567 
4.46  	 -0.2138378363354576 
4.47  	 -0.199919536882105 
4.48  	 -0.1831859950005086 
4.49  	 -0.1638659841215744 
4.5  	 -0.1422251169197354 
4.51  	 -0.1185621505776344 
4.52  	 -0.09320481643727851 
4.53  	 -0.06650523274920059 
4.54  	 -0.03883496524163697 
4.55  	 -0.01057980532389554 
4.56  	 0.01786566016228056 
4.57  	 0.0461036106811169 
4.58  	 0.0737386063168714 
4.59  	 0.1003831749220023 
4.600000000000001  	 0.125663292668419 
4.61  	 0.1492236800150743 
4.62  	 0.1707328376637992 
4.63  	 0.1898877507122796 
4.64  	 0.2064181938772965 
4.65  	 0.2200905762869292 
4.66  	 0.2307112708472931 
4.67  	 0.2381293804856147 
4.68  	 0.2422389015527448 
4.69  	 0.2429802532214506 
4.7  	 0.2403411507197902 
4.71  	 0.234356809563413 
4.72  	 0.2251094774636328 
4.73  	 0.2127273001538697 
4.74  	 0.1973825368588858 
4.75  	 0.1792891503937677 
4.76  	 0.1586998057904136 
4.77  	 0.1359023197809424 
4.78  	 0.1112156112994245 
4.79  	 0.08498521028340972 
4.8  	 0.05757838836326676 
4.81  	 0.02937898042947703 
4.82  	 0.0007819704890154417 
4.83  	 -0.0278120814024511 
4.84  	 -0.05600269206329918 
4.850000000000001  	 -0.08339510773858913 
4.86  	 -0.1096058760447727 
4.87  	 -0.1342682581996046 
4.88  	 -0.157037404689109 
4.89  	 -0.1775952208779171 
4.9  	 -0.1956548534720089 
4.91  	 -0.2109647341307889 
4.92  	 -0.2233121228223121 
4.93  	 -0.2325261006309546 
4.94  	 -0.238479969559978 
4.95  	 -0.2410930253101018 
4.96  	 -0.2403316779391773 
4.97  	 -0.2362099045898735 
4.98  	 -0.2287890279795042 
4.99  	 -0.2181768239429573 
5  	 -0.2045259708691572 
5.01  	 -0.1880318632372415 
5.02  	 -0.168929820506916 
5.03  	 -0.1474917312191344 
5.04  	 -0.1240221801954144 
5.05  	 -0.09885411407234219 
5.06  	 -0.07234410696681547 
5.07  	 -0.04486729374435893 
5.08  	 -0.01681204307571848 
5.09  	 0.01142555385049434 
5.100000000000001  	 0.03944730049226897 
5.11  	 0.06685853804971235 
5.12  	 0.09327373420749353 
5.13  	 0.1183219380475714 
5.14  	 0.1416520235968811 
5.15  	 0.162937647521943 
5.16  	 0.1818818505914356 
5.17  	 0.1982212376402372 
5.18  	 0.2117296768102783 
5.19  	 0.222221465728805 
5.2  	 0.229553919914178 
5.21  	 0.2336293469641413 
5.22  	 0.2343963788630966 
5.23  	 0.2318506439176845 
5.24  	 0.2260347692625889 
5.25  	 0.21703771443599 
5.26  	 0.2049934460698122 
5.27  	 0.1900789731373235 
5.28  	 0.1725117713154298 
5.29  	 0.1525466337208533 
5.3  	 0.1304719934441825 
5.31  	 0.1066057708166057 
5.32  	 0.08129080509433732 
5.33  	 0.05488993613844134 
5.34  	 0.02778080661976728 
5.350000000000001  	 0.000350459218778772 
5.36  	 -0.02701019383687216 
5.37  	 -0.05391194978950647 
5.38  	 -0.07997286318359405 
5.39  	 -0.1048236832823533 
5.4  	 -0.1281131034807772 
5.41  	 -0.1495127478786525 
5.42  	 -0.1687218239983712 
5.43  	 -0.185471375467088 
5.44  	 -0.1995280742621307 
5.45  	 -0.2106974987585477 
5.46  	 -0.2188268512230048 
5.47  	 -0.2238070764623719 
5.48  	 -0.2255743519422363 
5.49  	 -0.2241109287167199 
5.5  	 -0.219445311826634 
5.51  	 -0.2116517782945969 
5.52  	 -0.2008492403372995 
5.53  	 -0.1871994707906129 
5.54  	 -0.1709047168682711 
5.55  	 -0.1522047371187955 
5.56  	 -0.1313733046828396 
5.57  	 -0.1087142275666379 
5.58  	 -0.08455694352752396 
5.59  	 -0.05925175321669483 
5.600000000000001  	 -0.03316476035588643 
5.61  	 -0.006672591865622567 
5.62  	 0.01984302604594308 
5.63  	 0.04600075782621141 
5.64  	 0.07142513566888113 
5.65  	 0.09575194512390856 
5.66  	 0.1186334419828862 
5.67  	 0.1397433256891628 
5.68  	 0.1587813980862923 
5.69  	 0.1754778409029438 
5.7  	 0.1895970509099616 
5.71  	 0.2009409780961028 
5.72  	 0.2093519194003882 
5.73  	 0.2147147284070882 
5.74  	 0.2169584098407673 
5.75  	 0.2160570765718859 
5.76  	 0.2120302560305192 
5.77  	 0.2049425422944834 
5.78  	 0.1949025995337823 
5.79  	 0.1820615318203944 
5.8  	 0.1666106434169986 
5.81  	 0.1487786224093626 
5.82  	 0.1288281888193808 
5.83  	 0.1070522560101185 
5.84  	 0.08376966116101986 
5.850000000000001  	 0.05932052675052502 
5.86  	 0.03406132024686608 
5.87  	 0.008359683500226429 
5.88  	 -0.01741089341010054 
5.89  	 -0.04287647693802071 
5.9  	 -0.06766809543438965 
5.91  	 -0.09142706715548304 
5.92  	 -0.1138101741339606 
5.93  	 -0.1344946074092956 
5.94  	 -0.1531826124661408 
5.95  	 -0.1696057681032821 
5.96  	 -0.1835288372895397 
5.97  	 -0.1947531347788866 
5.98  	 -0.2031193632650219 
5.99  	 -0.2085098775545324 
6  	 -0.2108503445161116 
6.01  	 -0.2101107753017454 
6.02  	 -0.2063059154080766 
6.03  	 -0.1994949874214599 
6.04  	 -0.1897807906348024 
6.05  	 -0.1773081710034439 
6.06  	 -0.162261883987311 
6.07  	 -0.1448638815767474 
6.08  	 -0.1253700630935861 
6.09  	 -0.1040665370780691 
6.100000000000001  	 -0.08126544860489475 
6.11  	 -0.05730043261707851 
6.12  	 -0.03252175923448946 
6.13  	 -0.007291241408108384 
6.140000000000001  	 0.01802302131221203 
6.15  	 0.04305198679808493 
6.16  	 0.06743102482099914 
6.17  	 0.09080520454391611 
6.18  	 0.1128344385839723 
6.19  	 0.1331984093100926 
6.2  	 0.1516012062173699 
6.21  	 0.1677756074240939 
6.22  	 0.1814869435064864 
6.23  	 0.1925364879454286 
6.24  	 0.2007643253213194 
6.25  	 0.2060516559581832 
6.26  	 0.2083225038771308 
6.27  	 0.2075448035542931 
6.28  	 0.2037308499646356 
6.29  	 0.1969371056009758 
6.3  	 0.1872633674540681 
6.31  	 0.1748513061906328 
6.32  	 0.1598823988382794 
6.33  	 0.1425752850483892 
6.34  	 0.1231825853339866 
6.350000000000001  	 0.1019872274491879 
6.36  	 0.0792983341781506 
6.37  	 0.05544673213193943 
6.38  	 0.03078014662044611 
6.390000000000001  	 0.005658152194463782 
6.4  	 -0.01955304802502865 
6.41  	 -0.04448593864776252 
6.42  	 -0.06877702698931844 
6.43  	 -0.09207211950280847 
6.44  	 -0.1140314633031214 
6.45  	 -0.1343346783763485 
6.46  	 -0.1526854090981272 
6.47  	 -0.1688156277466091 
6.48  	 -0.1824895277296052 
6.49  	 -0.1935069501787703 
6.5  	 -0.2017062943104316 
6.51  	 -0.2069668694157051 
6.52  	 -0.20921065441401 
6.53  	 -0.2084034394674233 
6.54  	 -0.2045553330850207 
6.55  	 -0.1977206273174344 
6.56  	 -0.1879970229199661 
6.57  	 -0.1755242256138675 
6.58  	 -0.1604819336662376 
6.59  	 -0.1430872458082982 
6.600000000000001  	 -0.1235915268924775 
6.61  	 -0.102276776529945 
6.62  	 -0.07945155313860951 
6.63  	 -0.05544651226360686 
6.640000000000001  	 -0.03060962361493175 
6.65  	 -0.005301135919448217 
6.66  	 0.02011163765988623 
6.67  	 0.04525963817930766 
6.68  	 0.0697774067678496 
6.69  	 0.09330838039493822 
6.7  	 0.1155100609751354 
6.71  	 0.1360589830462153 
6.72  	 0.1546554081494317 
6.73  	 0.1710276779713318 
6.74  	 0.1849361632185018 
6.75  	 0.1961767510191317 
6.76  	 0.2045838202946807 
6.77  	 0.2100326619253061 
6.78  	 0.2124413085376523 
6.79  	 0.211771747257887 
6.8  	 0.208030497673672 
6.81  	 0.2012685464078048 
6.82  	 0.1915806389915204 
6.83  	 0.1791039390029745 
6.84  	 0.164016073572513 
6.850000000000001  	 0.1465325932191096 
6.86  	 0.1269038824440777 
6.87  	 0.1054115654465821 
6.88  	 0.08236445862621461 
6.890000000000001  	 0.05809412809543741 
6.9  	 0.03295011614426664 
6.91  	 0.007294905398780907 
6.92  	 -0.01850130677582185 
6.93  	 -0.04406594831267308 
6.94  	 -0.06902944992726671 
6.95  	 -0.0930305824847313 
6.96  	 -0.115721677235594 
6.97  	 -0.1367736535644397 
6.98  	 -0.1558807816416736 
6.99  	 -0.1727651111620885 
7  	 -0.1871805021403475 
7.01  	 -0.1989161994443962 
7.02  	 -0.207799899301101 
7.03  	 -0.2137002633097106 
7.04  	 -0.2165288434433093 
7.05  	 -0.2162413899917927 
7.06  	 -0.2128385232802505 
7.07  	 -0.2063657591560824 
7.08  	 -0.1969128875449211 
7.09  	 -0.1846127126954209 
7.100000000000001  	 -0.1696391729319914 
7.11  	 -0.1522048666801084 
7.12  	 -0.1325580200919335 
7.13  	 -0.1109789396573313 
7.140000000000001  	 -0.08777600062074148 
7.15  	 -0.06328122873041846 
7.16  	 -0.03784553872677539 
7.17  	 -0.01183369794576372 
7.18  	 0.01438091260014608 
7.19  	 0.04042166435464105 
7.2  	 0.06591409739201005 
7.21  	 0.09049130870846578 
7.22  	 0.113799235073923 
7.23  	 0.1355017543725112 
7.24  	 0.1552855319403102 
7.25  	 0.1728645420473275 
7.26  	 0.1879841993158164 
7.27  	 0.2004250404520546 
7.28  	 0.2100059031133859 
7.29  	 0.2165865559444476 
7.3  	 0.2200697416923059 
7.31  	 0.2204026037367238 
7.32  	 0.2175774752277731 
7.33  	 0.2116320191813443 
7.34  	 0.2026487172120205 
7.350000000000001  	 0.1907537139481795 
7.36  	 0.1761150334413904 
7.37  	 0.1589401929177583 
7.38  	 0.1394732478929593 
7.390000000000001  	 0.1179913108603739 
7.4  	 0.09480059334502092 
7.41  	 0.07023202798590562 
7.42  	 0.04463653336669675 
7.43  	 0.01837998947225165 
7.44  	 -0.008162004168174379 
7.45  	 -0.03460951244144411 
7.46  	 -0.06058371343652035 
7.47  	 -0.08571233381924287 
7.48  	 -0.1096349927248825 
7.49  	 -0.1320083773854001 
7.5  	 -0.1525111760999544 
7.51  	 -0.1708486976186708 
7.52  	 -0.1867571104914751 
7.53  	 -0.2000072413714936 
7.54  	 -0.2104078775785356 
7.55  	 -0.2178085263316295 
7.56  	 -0.2221015908488234 
7.57  	 -0.2232239318754237 
7.58  	 -0.2211577920187682 
7.59  	 -0.2159310694116456 
7.600000000000001  	 -0.2076169365664262 
7.61  	 -0.1963328096836182 
7.62  	 -0.1822386830068171 
7.63  	 -0.165534851936859 
7.640000000000001  	 -0.1464590574003467 
7.65  	 -0.1252830922852149 
7.66  	 -0.1023089184892622 
7.67  	 -0.07786435016515494 
7.68  	 -0.05229836498627203 
7.69  	 -0.02597611061193783 
7.7  	 0.0007263220788966507 
7.71  	 0.02742728405281212 
7.72  	 0.05374503426508874 
7.73  	 0.07930320848024584 
7.74  	 0.1037362123152938 
7.75  	 0.1266944611233562 
7.76  	 0.1478493915190436 
7.77  	 0.1668981726108645 
7.78  	 0.1835680493030728 
7.79  	 0.1976202552984428 
7.8  	 0.2088534395986858 
7.81  	 0.2171065572724152 
7.82  	 0.222261182941369 
7.83  	 0.2242432137141418 
7.84  	 0.2230239370538067 
7.850000000000001  	 0.2186204481760418 
7.86  	 0.2110954109068054 
7.87  	 0.2005561653492471 
7.88  	 0.1871531950831234 
7.890000000000001  	 0.1710779758119165 
7.9  	 0.1525602362510083 
7.91  	 0.1318646704872738 
7.92  	 0.1092871489149623 
7.930000000000001  	 0.08515048205175452 
7.94  	 0.05979979795886987 
7.95  	 0.03359759953776737 
7.96  	 0.006918572573964489 
7.97  	 -0.01985578102105458 
7.98  	 -0.04634260780646552 
7.99  	 -0.07216318687659605 
8  	 -0.09694835473997734 
8.01  	 -0.1203437932061814 
8.02  	 -0.1420151044372407 
8.029999999999999  	 -0.1616526003726488 
8.040000000000001  	 -0.1789757378342709 
8.050000000000001  	 -0.193737135700995 
8.06  	 -0.2057261165397842 
8.07  	 -0.2147717219034863 
8.08  	 -0.2207451580590203 
8.09  	 -0.2235616370832222 
8.1  	 -0.2231815869407761 
8.109999999999999  	 -0.2196112132145418 
8.120000000000001  	 -0.2129024044631679 
8.130000000000001  	 -0.2031519826005433 
8.140000000000001  	 -0.1905003090911073 
8.15  	 -0.1751292669994093 
8.16  	 -0.1572596478886503 
8.17  	 -0.1371479811028519 
8.18  	 -0.1150828509680058 
8.19  	 -0.09138075479419826 
8.199999999999999  	 -0.06638156114780648 
8.210000000000001  	 -0.04044363359587726 
8.220000000000001  	 -0.0139386899214108 
8.23  	 0.01275352940058722 
8.24  	 0.03925070694463886 
8.25  	 0.06517343013967081 
8.26  	 0.09015063047251524 
8.27  	 0.1138249020444485 
8.279999999999999  	 0.1358576231748759 
8.290000000000001  	 0.1559338075815573 
8.300000000000001  	 0.1737666155568126 
8.31  	 0.1891014604481405 
8.32  	 0.2017196515688982 
8.33  	 0.2114415213273038 
8.34  	 0.2181289917734453 
8.35  	 0.2216875438182222 
8.359999999999999  	 0.2220675609592892 
8.370000000000001  	 0.2192650283338451 
8.380000000000001  	 0.2133215771773821 
8.390000000000001  	 0.204323874168277 
8.4  	 0.1924023645453492 
8.41  	 0.1777293871639732 
8.42  	 0.1605166886728729 
8.43  	 0.1410123726187452 
8.44  	 0.1194973273954976 
8.449999999999999  	 0.09628118443268519 
8.460000000000001  	 0.07169786475635954 
8.470000000000001  	 0.0461007779582537 
8.48  	 0.01985774259108028 
8.49  	 -0.006654299002259969 
8.5  	 -0.03305469547741346 
8.51  	 -0.05896455309812113 
8.52  	 -0.08401217563848272 
8.529999999999999  	 -0.107838399447172 
8.540000000000001  	 -0.1301017470627145 
8.550000000000001  	 -0.1504833253893375 
8.56  	 -0.1686913981261954 
8.57  	 -0.184465566835398 
8.58  	 -0.1975805006695648 
8.59  	 -0.2078491612755747 
8.6  	 -0.2151254766548866 
8.609999999999999  	 -0.2193064256876083 
8.620000000000001  	 -0.2203335035033989 
8.630000000000001  	 -0.2181935467854056 
8.640000000000001  	 -0.2129189072957507 
8.65  	 -0.2045869712803263 
8.66  	 -0.1933190318120853 
8.67  	 -0.1792785304305258 
8.68  	 -0.162668693497027 
8.69  	 -0.1437295973808276 
8.700000000000001  	 -0.1227347047938208 
8.710000000000001  	 -0.09998692218617082 
8.720000000000001  	 -0.07581423498983156 
8.73  	 -0.05056498355473259 
8.74  	 -0.02460284777563882 
8.75  	 0.00169838741739076 
8.76  	 0.02796021039545282 
8.77  	 0.05380482763129509 
8.779999999999999  	 0.07886059666020949 
8.790000000000001  	 0.1027673690829183 
8.800000000000001  	 0.1251816668004552 
8.81  	 0.1457816170838211 
8.82  	 0.164271575562955 
8.83  	 0.1803863707210569 
8.84  	 0.1938951089356908 
8.85  	 0.2046044854394096 
8.859999999999999  	 0.2123615536885233 
8.870000000000001  	 0.2170559134266928 
8.880000000000001  	 0.2186212860979856 
8.890000000000001  	 0.2170364550815229 
8.9  	 0.212325557359982 
8.91  	 0.2045577225655433 
8.92  	 0.1938460647350767 
8.93  	 0.1803460414165272 
8.94  	 0.1642532038665939 
8.950000000000001  	 0.1458003708351033 
8.960000000000001  	 0.125254266718115 
8.970000000000001  	 0.1029116725605434 
8.98  	 0.07909514538933973 
8.99  	 0.05414836755940009 
9  	 0.02843119310731615 
9.01  	 0.002314462456418292 
9.02  	 -0.02382533986204546 
9.029999999999999  	 -0.04961150755997185 
9.040000000000001  	 -0.07467253696416691 
9.050000000000001  	 -0.09864747534044296 
9.06  	 -0.1211911162082288 
9.07  	 -0.1419789668971705 
9.08  	 -0.160711916886294 
9.09  	 -0.1771205397827242 
9.1  	 -0.1909689670791206 
9.109999999999999  	 -0.2020582780005983 
9.120000000000001  	 -0.2102293567241107 
9.130000000000001  	 -0.2153651759256232 
9.140000000000001  	 -0.2173924738725043 
9.15  	 -0.2162828010114143 
9.16  	 -0.2120529210799792 
9.17  	 -0.2047645610628862 
9.18  	 -0.1945235136861692 
9.19  	 -0.1814781054623727 
9.200000000000001  	 -0.1658170524299427 
9.210000000000001  	 -0.1477667345412557 
9.220000000000001  	 -0.1275879280183369 
9.23  	 -0.1055720427932712 
9.24  	 -0.08203691926935594 
9.25  	 -0.05732224497687933 
9.26  	 -0.03178465716276958 
9.27  	 -0.005792601867763262 
9.279999999999999  	 0.0202789764567001 
9.290000000000001  	 0.04605403830726538 
9.300000000000001  	 0.07116086764720271 
9.31  	 0.09523742755775309 
9.32  	 0.1179365759069674 
9.33  	 0.1389310659428779 
9.34  	 0.1579182598202644 
9.35  	 0.1746244872088937 
9.359999999999999  	 0.188808986246087 
9.370000000000001  	 0.2002673701141822 
9.380000000000001  	 0.2088345693571766 
9.390000000000001  	 0.2143872076022383 
9.4  	 0.2168453765120521 
9.41  	 0.2161737844458079 
9.42  	 0.2123822623252486 
9.43  	 0.2055256194579871 
9.44  	 0.1957028514299215 
9.450000000000001  	 0.1830557115073286 
9.460000000000001  	 0.1677666661528738 
9.470000000000001  	 0.1500562641264118 
9.48  	 0.1301799570834859 
9.49  	 0.1084244174803544 
9.5  	 0.08510340683061494 
9.51  	 0.0605532538308237 
9.52  	 0.03512800748787322 
9.529999999999999  	 0.009194335058503486 
9.540000000000001  	 -0.01687376171617347 
9.550000000000001  	 -0.04270033598363997 
9.56  	 -0.06791291314401481 
9.57  	 -0.09214785818673586 
9.58  	 -0.115055615703158 
9.59  	 -0.1363057471123054 
9.6  	 -0.1555916925574549 
9.609999999999999  	 -0.1726351888958826 
9.620000000000001  	 -0.1871902801559657 
9.630000000000001  	 -0.1990468627035202 
9.640000000000001  	 -0.2080337140584091 
9.65  	 -0.2140209617365219 
9.66  	 -0.2169219565544376 
9.67  	 -0.2166945234080548 
9.68  	 -0.2133415714991072 
9.69  	 -0.2069110552056158 
9.700000000000001  	 -0.1974952861412542 
9.710000000000001  	 -0.1852296062897908 
9.720000000000001  	 -0.1702904412997531 
9.73  	 -0.1528927619488354 
9.74  	 -0.1332869903088841 
9.75  	 -0.1117553951379462 
9.76  	 -0.08860802838068259 
9.77  	 -0.06417826126662525 
9.779999999999999  	 -0.03881798426220124 
9.790000000000001  	 -0.01289253997408783 
9.800000000000001  	 0.01322453805134554 
9.81  	 0.03915690489060256 
9.82  	 0.06453082471826066 
9.83  	 0.08898055415331443 
9.84  	 0.1121536109658867 
9.85  	 0.1337158522800959 
9.859999999999999  	 0.1533562891474206 
9.870000000000001  	 0.1707915681561133 
9.880000000000001  	 0.1857700555314726 
9.890000000000001  	 0.1980754649002897 
9.9  	 0.2075299764581219 
9.91  	 0.21399680259606 
9.92  	 0.2173821630086296 
9.93  	 0.2176366408021731 
9.94  	 0.2147559000310388 
9.950000000000001  	 0.2087807542790009 
9.960000000000001  	 0.1997965852433473 
9.970000000000001  	 0.1879321196345668 
9.98  	 0.173357581940931 
9.99  	 0.1562822495915502 
10  	 0.1369514456544544 
10.01  	 0.1156430123040046 
10.02  	 0.0926633157679887 
10.03  	 0.06834284021150273 
10.04  	 0.04303143393500492 
10.05  	 0.01709327627256507 
10.06  	 -0.009098362399001454 
10.07  	 -0.03516649214605517 
10.08  	 -0.06073582916700076 
10.09  	 -0.08543819760560303 
10.1  	 -0.1089178297474913 
10.11  	 -0.1308364883144847 
10.12  	 -0.1508783371250808 
10.13  	 -0.1687544900042116 
10.14  	 -0.1842071724493263 
10.15  	 -0.197013436126375 
10.16  	 -0.2069883726986434 
10.17  	 -0.213987780690684 
10.18  	 -0.2179102469556886 
10.19  	 -0.2186986127342102 
10.2  	 -0.2163408031440895 
10.21  	 -0.2108700080984686 
10.22  	 -0.2023642119791587 
10.23  	 -0.1909450787621289 
10.24  	 -0.1767762085656975 
10.25  	 -0.1600607906367611 
10.26  	 -0.1410386864758861 
10.27  	 -0.119982985003375 
10.28  	 -0.09719607926752047 
10.29  	 -0.07300532108377444 
10.3  	 -0.04775831607039832 
10.31  	 -0.0218179267246619 
10.32  	 0.004442944610116472 
10.33  	 0.03064671786401548 
10.34  	 0.05641656532995053 
10.35  	 0.08138183162210826 
10.36  	 0.1051833655412373 
10.37  	 0.1274786871450112 
10.38  	 0.1479469156853817 
10.39  	 0.1662933875080548 
10.4  	 0.1822538974624528 
10.41  	 0.1955985027801557 
10.42  	 0.2061348346675565 
10.43  	 0.2137108699343836 
10.44  	 0.2182171227419 
10.45  	 0.2195882248913915 
10.46  	 0.2178038718651452 
10.47  	 0.2128891209521072 
10.48  	 0.204914037107576 
10.49  	 0.1939926915766788 
10.5  	 0.1802815276200808 
10.51  	 0.163977116783484 
10.52  	 0.1453133379190452 
10.53  	 0.1245580194708146 
10.54  	 0.1020090932581839 
10.55  	 0.0779903150200621 
10.56  	 0.05284661321677132 
10.57  	 0.02693913293733899 
10.58  	 0.0006400461490200899 
10.59  	 -0.02567279710874689 
10.6  	 -0.05162129969114036 
10.61  	 -0.07683255239372826 
10.62  	 -0.1009441949312708 
10.63  	 -0.1236096257631629 
10.64  	 -0.1445029858473121 
10.65  	 -0.163323844649744 
10.66  	 -0.1798015210138406 
10.67  	 -0.1936989767387908 
10.68  	 -0.2048162268567503 
10.69  	 -0.2129932175436863 
10.7  	 -0.218112130250466 
10.71  	 -0.2200990788880013 
10.72  	 -0.2189251756250435 
10.73  	 -0.2146069499337928 
10.74  	 -0.2072061148164734 
10.75  	 -0.1968286835317299 
10.76  	 -0.1836234494780778 
10.77  	 -0.1677798510485408 
10.78  	 -0.1495252521142307 
10.79  	 -0.1291216771978176 
10.8  	 -0.1068620482399349 
10.81  	 -0.08306597702923631 
10.82  	 -0.05807517375788595 
10.83  	 -0.03224853768585562 
10.84  	 -0.005957000470573636 
10.85  	 0.02042180372245566 
10.86  	 0.04650896471895705 
10.87  	 0.071929741444099 
10.88  	 0.0963189473677301 
10.89  	 0.1193261988695789 
10.9  	 0.1406209510751135 
10.91  	 0.1598972487654078 
10.92  	 0.1768781240579746 
10.93  	 0.1913195776313291 
10.94  	 0.203014086250924 
10.95  	 0.2117935861623673 
10.96  	 0.2175318894511165 
10.97  	 0.2201464986183451 
10.98  	 0.2195997932728862 
10.99  	 0.2158995718648565 
11  	 0.2090989406579503 
11.01  	 0.1992955515211657 
11.02  	 0.1866301994819727 
11.03  	 0.1712848001870595 
11.04  	 0.153479776331414 
11.05  	 0.133470890613614 
11.06  	 0.1115455707321708 
11.07  	 0.08801877924094602 
11.08  	 0.06322848762524412 
11.09  	 0.03753081965045578 
11.1  	 0.0112949337904002 
11.11  	 -0.01510228170585033 
11.12  	 -0.04128162485595483 
11.13  	 -0.06686702924433155 
11.14  	 -0.09149096825098003 
11.15  	 -0.1147997365273228 
11.16  	 -0.1364585328016445 
11.17  	 -0.1561562709525147 
11.18  	 -0.1736100501948405 
11.19  	 -0.1885692201235802 
11.2  	 -0.2008189821845975 
11.21  	 -0.2101834758063181 
11.22  	 -0.2165283048345437 
11.23  	 -0.2197624679590628 
11.24  	 -0.2198396653890669 
11.25  	 -0.2167589630015622 
11.26  	 -0.2105648044241057 
11.27  	 -0.2013463708873717 
11.28  	 -0.1892362980596042 
11.29  	 -0.1744087683189996 
11.3  	 -0.1570770058987686 
11.31  	 -0.1374902109235533 
11.32  	 -0.1159299764222494 
11.33  	 -0.09270623983446906 
11.34  	 -0.06815282721933505 
11.35  	 -0.04262265422992696 
11.36  	 -0.01648265285014349 
11.37  	 0.009891503168093773 
11.38  	 0.03612079833655794 
11.39  	 0.06182832329843618 
11.4  	 0.08664469221299774 
11.41  	 0.110213351778134 
11.42  	 0.1321957055713817 
11.43  	 0.1522759800470521 
11.44  	 0.170165762243026 
11.45  	 0.1856081439726121 
11.46  	 0.1983814129360624 
11.47  	 0.2083022377021421 
11.48  	 0.2152283007884376 
11.49  	 0.2190603420053762 
11.5  	 0.2197435827090082 
11.51  	 0.2172685105096508 
11.52  	 0.2116710131793021 
11.53  	 0.2030318598582859 
11.54  	 0.1914755370461519 
11.55  	 0.1771684561386643 
11.56  	 0.1603165583080738 
11.57  	 0.1411623511883282 
11.58  	 0.1199814199954033 
11.59  	 0.09707846326824614 
11.6  	 0.07278291024944861 
11.61  	 0.04744418293828274 
11.62  	 0.02142667095550788 
11.63  	 -0.004895508513456135 
11.64  	 -0.03114389034277637 
11.65  	 -0.05694110329953989 
11.66  	 -0.08191629583619611 
11.67  	 -0.1057104678257146 
11.68  	 -0.1279816315785382 
11.69  	 -0.1484097279380608 
11.7  	 -0.1667012267762786 
11.71  	 -0.1825933457520357 
11.72  	 -0.1958578266862964 
11.73  	 -0.2063042152726421 
11.74  	 -0.2137825969854062 
11.75  	 -0.2181857498696285 
11.76  	 -0.2194506832840432 
11.77  	 -0.2175595404996636 
11.78  	 -0.2125398522055202 
11.79  	 -0.2044641373079103 
11.8  	 -0.1934488567960632 
11.81  	 -0.1796527357502107 
11.82  	 -0.1632744776541905 
11.83  	 -0.1445499039129693 
11.84  	 -0.1237485597402486 
11.85  	 -0.1011698352539391 
11.86  	 -0.07713865758728709 
11.87  	 -0.052000815990414 
11.88  	 -0.02611798717283159 
11.89  	 0.0001374675543109815 
11.9  	 0.02638785849844368 
11.91  	 0.0522556001278438 
11.92  	 0.07736864180098009 
11.93  	 0.1013658185772043 
11.94  	 0.1239020451554578 
11.95  	 0.144653278247096 
11.96  	 0.1633211760221351 
11.97  	 0.1796373876279799 
11.98  	 0.1933674111027535 
11.99  	 0.2043139642153911 
12  	 0.2123198197721676 
12.01  	 0.2172700646337674 
12.02  	 0.2190937499771515 
12.03  	 0.2177649090934818 
12.04  	 0.2133029281109964 
12.05  	 0.2057722643392534 
12.06  	 0.1952815163146673 
12.07  	 0.1819818589517838 
12.08  	 0.1660648663362373 
12.09  	 0.1477597535022898 
12.1  	 0.1273300768938525 
12.11  	 0.105069940992641 
12.12  	 0.08129976569847062 
12.13  	 0.05636167536301681 
12.14  	 0.03061457581828159 
12.15  	 0.004428990226669398 
12.16  	 -0.02181827195367924 
12.17  	 -0.04774953619660143 
12.18  	 -0.07299169634216478 
12.19  	 -0.0971815820777451 
12.2  	 -0.1199711832575968 
12.21  	 -0.1410326559140696 
12.22  	 -0.1600630379563153 
12.23  	 -0.1767886067304701 
12.24  	 -0.1909688157690307 
12.25  	 -0.2023997541121194 
12.26  	 -0.2109170784527779 
12.27  	 -0.2163983759430068 
12.28  	 -0.2187649236883922 
12.29  	 -0.2179828196386332 
12.3  	 -0.2140634686244191 
12.31  	 -0.2070634165677664 
12.32  	 -0.1970835352696715 
12.33  	 -0.1842675695209471 
12.34  	 -0.1688000674548649 
12.35  	 -0.1509037239319761 
12.36  	 -0.1308361751905282 
12.37  	 -0.1088862908886413 
12.38  	 -0.08537001689371788 
12.39  	 -0.06062582863602902 
12.4  	 -0.03500986044440307 
12.41  	 -0.008890780941772512 
12.42  	 0.01735551176997925 
12.43  	 0.04335129881544793 
12.44  	 0.06872247532775085 
12.45  	 0.09310393312000152 
12.46  	 0.1161448138098182 
12.47  	 0.1375135568255171 
12.48  	 0.1569026696745871 
12.49  	 0.1740331518516743 
12.5  	 0.1886585087468973 
12.51  	 0.2005682978145606 
12.52  	 0.2095911559917799 
12.53  	 0.2155972648199627 
12.54  	 0.2185002178117236 
12.55  	 0.2182582632054725 
12.56  	 0.2148749042358239 
12.57  	 0.2083988482908825 
12.58  	 0.1989233056944323 
12.59  	 0.1865846482072804 
12.6  	 0.1715604465529656 
12.61  	 0.1540669152062639 
12.62  	 0.1343558012097013 
12.63  	 0.112710761781318 
12.64  	 0.08944328283081807 
12.65  	 0.06488819710542558 
12.66  	 0.03939886644617285 
12.67  	 0.01334209746714489 
12.68  	 -0.01290713619515895 
12.69  	 -0.0389710891326422 
12.7  	 -0.06447467929699736 
12.71  	 -0.08905088481830833 
12.72  	 -0.1123460248689621 
12.73  	 -0.1340248485991412 
12.74  	 -0.1537753589313411 
12.75  	 -0.1713133018155739 
12.76  	 -0.1863862563597328 
12.77  	 -0.1987772669911318 
12.78  	 -0.2083079653935603 
12.79  	 -0.214841137304077 
12.8  	 -0.218282697239843 
12.81  	 -0.2185830427426044 
12.82  	 -0.2157377686544898 
12.83  	 -0.2097877311451711 
12.84  	 -0.2008184605647283 
12.85  	 -0.1889589315641653 
12.86  	 -0.1743797081717958 
12.87  	 -0.1572904905054418 
12.88  	 -0.1379370984085031 
12.89  	 -0.1165979353983655 
12.9  	 -0.09357998379197277 
12.91  	 -0.06921438861806438 
12.92  	 -0.0438516938415848 
12.93  	 -0.01785679942793911 
12.94  	 0.008396288208638487 
12.95  	 0.03452983685560998 
12.96  	 0.06016782284770556 
12.97  	 0.08494134093061913 
12.98  	 0.1084939118172231 
12.99  	 0.1304866110816297 
13  	 0.1506029456055663 
13.01  	 0.1685534074224026 
13.02  	 0.1840796394438451 
13.03  	 0.1969581531367727 
13.04  	 0.2070035446621578 
13.05  	 0.2140711632020097 
13.06  	 0.2180591930799793 
13.07  	 0.2189101197133407 
13.08  	 0.2166115582972127 
13.09  	 0.2111964332886763 
13.1  	 0.2027425060969036 
13.11  	 0.1913712577613945 
13.12  	 0.1772461426788302 
13.13  	 0.1605702384866672 
13.14  	 0.1415833258980687 
13.15  	 0.1205584404832752 
13.16  	 0.09779794598903549 
13.17  	 0.07362918567099924 
13.18  	 0.04839977418493847 
13.19  	 0.02247259775419858 
13.2  	 -0.003779405472009923 
13.21  	 -0.02997860979163322 
13.22  	 -0.055748133893239 
13.23  	 -0.08071726223572931 
13.24  	 -0.10452677788075 
13.25  	 -0.1268341300664426 
13.26  	 -0.1473183621871467 
13.27  	 -0.1656847292884813 
13.28  	 -0.1816689386521275 
13.29  	 -0.1950409524648782 
13.3  	 -0.2056082978643944 
13.31  	 -0.2132188367389665 
13.32  	 -0.2177629554285461 
13.33  	 -0.2191751428175927 
13.34  	 -0.2174349341069917 
13.35  	 -0.2125672066757134 
13.36  	 -0.204641823762014 
13.37  	 -0.1937726310745968 
13.38  	 -0.1801158207514399 
13.39  	 -0.16386768618404 
13.4  	 -0.1452617999867375 
13.41  	 -0.1245656556885442 
13.42  	 -0.1020768214391458 
13.43  	 -0.07811866104047772 
13.44  	 -0.05303568383969925 
13.45  	 -0.02718859035852328 
13.46  	 -0.0009490849115699469 
13.47  	 0.02530547018094752 
13.48  	 0.05119748190111226 
13.49  	 0.07635455730279436 
13.5  	 0.1004148596324211 
13.51  	 0.1230323127631646 
13.52  	 0.1438815790847654 
13.53  	 0.1626627392483474 
13.54  	 0.1791056064524154 
13.55  	 0.1929736132113521 
13.56  	 0.2040672146954941 
13.57  	 0.2122267596839115 
13.58  	 0.2173347878272459 
13.59  	 0.2193177201685004 
13.6  	 0.2181469185955278 
13.61  	 0.2138390989749599 
13.62  	 0.2064560920127371 
13.63  	 0.1961039552675732 
13.64  	 0.182931449075756 
13.65  	 0.1671278982943605 
13.66  	 0.1489204706036798 
13.67  	 0.1285709105014139 
13.68  	 0.10637177595013 
13.69  	 0.08264223179332077 
13.7  	 0.05772346043070472 
13.71  	 0.03197375574915926 
13.72  	 0.005763370862046849 
13.73  	 -0.02053080624844825 
13.74  	 -0.04653067261518914 
13.75  	 -0.07186234775025906 
13.76  	 -0.0961615504897822 
13.77  	 -0.1190788378902265 
13.78  	 -0.1402846308300297 
13.79  	 -0.1594739540368843 
13.8  	 -0.1763708223671319 
13.81  	 -0.1907322102503425 
13.82  	 -0.2023515472061892 
13.83  	 -0.2110616891558419 
13.84  	 -0.2167373227885804 
13.85  	 -0.219296768397324 
13.86  	 -0.2187031552474453 
13.87  	 -0.214964952566966 
13.88  	 -0.2081358485132198 
13.89  	 -0.1983139788481699 
13.9  	 -0.1856405164068087 
13.91  	 -0.1702976416359983 
13.92  	 -0.1525059233825004 
13.93  	 -0.1325211475907429 
13.94  	 -0.1106306395112385 
13.95  	 -0.08714913230494604 
13.96  	 -0.06241424145301824 
13.97  	 -0.03678161005094021 
13.98  	 -0.01061979479984508 
13.99  	 0.01569503376249717 
14  	 0.04178450057627057 
14.01  	 0.06727346712920751 
14.02  	 0.09179542603309514 
14.03  	 0.1149977715272655 
14.04  	 0.1365468701128615 
14.05  	 0.1561328583955279 
14.06  	 0.1734740991367739 
14.07  	 0.1883212314292471 
14.08  	 0.2004607567476946 
14.09  	 0.2097181093018923 
14.1  	 0.2159601665338012 
14.11  	 0.2190971636524571 
14.12  	 0.2190839846706575 
14.13  	 0.2159208113739972 
14.14  	 0.2096531208865105 
14.15  	 0.2003710318651228 
14.16  	 0.1882080087226504 
14.17  	 0.1733389425114799 
14.18  	 0.1559776360644963 
14.19  	 0.1363737295575168 
14.2  	 0.1148091107049043 
14.21  	 0.09159386121189572 
14.22  	 0.06706179777643508 
14.23  	 0.04156567176434458 
14.24  	 0.01547209659044363 
14.25  	 -0.01084372424560274 
14.26  	 -0.03700339265319975 
14.27  	 -0.06263075738218608 
14.28  	 -0.08735732313874493 
14.29  	 -0.1108275495976072 
14.3  	 -0.1327039641056957 
14.31  	 -0.1526720145516949 
14.32  	 -0.1704445926128138 
14.33  	 -0.1857661623303311 
14.34  	 -0.1984164346415885 
14.35  	 -0.2082135350257322 
14.36  	 -0.2150166187102767 
14.37  	 -0.2187278958304945 
14.38  	 -0.219294037419236 
14.39  	 -0.2167069420093863 
14.4  	 -0.211003851826416 
14.41  	 -0.2022668169022859 
14.42  	 -0.1906215148197397 
14.43  	 -0.1762354430628959 
14.44  	 -0.1593155099728469 
14.45  	 -0.1401050589556891 
14.46  	 -0.1188803687410179 
14.47  	 -0.09594668002385154 
14.48  	 -0.07163380563407228 
14.49  	 -0.04629138736668496 
14.5  	 -0.02028386768759279 
14.51  	 0.006014751370389541 
14.52  	 0.03222628674616188 
14.53  	 0.05797381297242823 
14.54  	 0.08288708266631105 
14.55  	 0.1066078509347002 
14.56  	 0.1287950271227935 
14.57  	 0.1491295798177991 
14.58  	 0.1673191245686457 
14.59  	 0.1831021283461686 
14.6  	 0.1962516702803531 
14.61  	 0.2065787045930681 
14.62  	 0.2139347788043953 
14.63  	 0.2182141681248983 
14.64  	 0.2193553953427399 
14.65  	 0.2173421143523612 
14.66  	 0.2122033446235209 
14.67  	 0.2040130532441972 
14.68  	 0.1928890905539033 
14.69  	 0.1789914946805017 
14.7  	 0.1625201893697366 
14.71  	 0.1437121082221556 
14.72  	 0.122837786701146 
14.73  	 0.1001974709299673 
14.74  	 0.07611679924475341 
14.75  	 0.05094211861473464 
14.76  	 0.02503550329158844 
14.77  	 -0.001230452667977601 
14.78  	 -0.02747799411082297 
14.79  	 -0.05332963765710905 
14.8  	 -0.07841360059515752 
14.81  	 -0.1023691477232047 
14.82  	 -0.1248517792405846 
14.83  	 -0.1455381850774232 
14.84  	 -0.1641308944118354 
14.85  	 -0.1803625535078886 
14.86  	 -0.1939997703537275 
14.87  	 -0.2048464708102391 
14.88  	 -0.2127467180064989 
14.89  	 -0.217586954438448 
14.9  	 -0.2192976345303817 
14.91  	 -0.2178542241856341 
14.92  	 -0.2132775529571914 
14.93  	 -0.2056335137798984 
14.94  	 -0.1950321145895818 
14.95  	 -0.1816258954757294 
14.96  	 -0.1656077341394219 
14.97  	 -0.1472080712256384 
14.98  	 -0.1266915954424117 
14.99  	 -0.1043534361485162 
15  	 -0.08051491817489134 
15.01  	 -0.05551893994052842 
15.02  	 -0.02972504134117452 
15.03  	 -0.003504232350394295 
15.04  	 0.02276634328647006 
15.05  	 0.04870883251374213 
15.06  	 0.07395010756329538 
15.07  	 0.09812713252482115 
15.08  	 0.1208921847033662 
15.09  	 0.1419178556684147 
15.1  	 0.1609017600678582 
15.11  	 0.1775708844839396 
15.12  	 0.1916855137861155 
15.13  	 0.2030426785128682 
15.14  	 0.2114790737039835 
15.15  	 0.2168734072071802 
15.16  	 0.2191481436890668 
15.17  	 0.2182706192721399 
15.18  	 0.2142535107719092 
15.19  	 0.207154652791054 
15.2  	 0.1970762053072469 
15.21  	 0.1841631837330365 
15.22  	 0.168601372595595 
15.23  	 0.1506146528493265 
15.24  	 0.1304617812677636 
15.25  	 0.1084326682417053 
15.26  	 0.0848442075244783 
15.27  	 0.06003571790930325 
15.28  	 0.03436406240482408 
15.29  	 0.008198515112978772 
15.3  	 -0.01808455035828767 
15.31  	 -0.04410707454858784 
15.32  	 -0.0694947499985796 
15.33  	 -0.09388240508933512 
15.34  	 -0.1169192564311554 
15.35  	 -0.1382739542563753 
15.36  	 -0.1576393482484429 
15.37  	 -0.1747369052611537 
15.38  	 -0.1893207153890606 
15.39  	 -0.2011810287713918 
15.4  	 -0.2101472722616385 
15.41  	 -0.2160905025764673 
15.42  	 -0.2189252606430777 
15.43  	 -0.2186108004770137 
15.44  	 -0.2151516749188358 
15.45  	 -0.2085976698086219 
15.46  	 -0.1990430875488616 
15.47  	 -0.1866253903642306 
15.48  	 -0.1715232227763267 
15.49  	 -0.1539538417402526 
15.5  	 -0.1341699914096386 
15.51  	 -0.112456267484479 
15.52  	 -0.08912502343756133 
15.53  	 -0.06451187750427335 
15.54  	 -0.03897088506269816 
15.55  	 -0.012869445843442 
15.56  	 0.01341698077759339 
15.57  	 0.03951027639019537 
15.58  	 0.06503510238434734 
15.59  	 0.0896242987787276 
15.6  	 0.1129241653891788 
15.61  	 0.1345995493757429 
15.62  	 0.1543386659921455 
15.63  	 0.171857583199219 
15.64  	 0.1869043056385818 
15.65  	 0.1992623992259185 
15.66  	 0.2087541042305441 
15.67  	 0.2152428920655006 
15.68  	 0.2186354290138416 
15.69  	 0.2188829186470921 
15.7  	 0.2159818036285003 
15.71  	 0.2099738168079085 
15.72  	 0.2009453808745248 
15.73  	 0.189026365203825 
15.74  	 0.1743882177805196 
15.75  	 0.1572414990680921 
15.76  	 0.1378328532973226 
15.77  	 0.1164414607380988 
15.78  	 0.0933750219839371 
15.79  	 0.06896533200985944 
15.8  	 0.04356350766467147 
15.81  	 0.01753493724344088 
15.82  	 -0.008745975216680867 
15.83  	 -0.03490119532148237 
15.84  	 -0.06055449592474003 
15.85  	 -0.08533686874121803 
15.86  	 -0.1088918321294255 
15.87  	 -0.1308805586994999 
15.88  	 -0.150986748993056 
15.89  	 -0.1689211811340005 
15.9  	 -0.184425871010268 
15.91  	 -0.1972777831479982 
15.92  	 -0.2072920389023596 
15.93  	 -0.2143245758194526 
15.94  	 -0.2182742199176635 
15.95  	 -0.219084141081094 
15.96  	 -0.2167426706305034 
15.97  	 -0.2112834693112669 
15.98  	 -0.2027850432810109 
15.99  	 -0.1913696150575185 
16  	 -0.1772013656653883 
16.01  	 -0.1604840732641417 
16.02  	 -0.1414581822211882 
16.03  	 -0.1203973447851795 
16.04  	 -0.09760448510112291 
16.05  	 -0.07340744217898348 
16.06  	 -0.04815425448381338 
16.07  	 -0.02220815396983699 
16.08  	 0.004057658439113302 
16.09  	 0.03026538077754747 
16.1  	 0.05603804416597988 
16.11  	 0.08100493497726877 
16.12  	 0.1048069270530627 
16.13  	 0.1271016472745232 
16.14  	 0.1475684001889275 
16.15  	 0.1659127808586935 
16.16  	 0.181870909583765 
16.17  	 0.1952132275866388 
16.18  	 0.205747799064149 
16.19  	 0.2133230721097364 
16.2  	 0.2178300587931329 
16.21  	 0.2192039030386652 
16.22  	 0.2174248137485391 
16.23  	 0.2125183497473741 
16.24  	 0.2045550524469418 
16.25  	 0.1936494315119774 
16.26  	 0.1799583181137484 
16.27  	 0.1636786094543144 
16.28  	 0.1450444369997664 
16.29  	 0.1243237991498359 
16.3  	 0.1018147067743713 
16.31  	 0.07784089705400196 
16.32  	 0.05274717727124959 
16.33  	 0.02689446552165169 
16.34  	 0.0006545996731653342 
16.35  	 -0.02559501076379901 
16.36  	 -0.05147681293362724 
16.37  	 -0.07661854102523248 
16.38  	 -0.1006585706482246 
16.39  	 -0.1232511201832186 
16.4  	 -0.1440712242942248 
16.41  	 -0.1628194080679957 
16.42  	 -0.179225994550635 
16.43  	 -0.1930549837246217 
16.44  	 -0.2041074471328225 
16.45  	 -0.2122243893224579 
16.46  	 -0.2172890349505572 
16.47  	 -0.2192285086527083 
16.48  	 -0.2180148835109362 
16.49  	 -0.213665583037569 
16.5  	 -0.2062431308903939 
16.51  	 -0.19585425191578 
16.52  	 -0.18264833744634 
16.53  	 -0.1668152969235023 
16.54  	 -0.1485828267419422 
16.55  	 -0.1282131355948816 
16.56  	 -0.1059991734166368 
16.57  	 -0.08226041815831941 
16.58  	 -0.05733828099299629 
16.59  	 -0.03159119603421706 
16.6  	 -0.005389465190134829 
16.61  	 0.02089006770238333 
16.62  	 0.04686943686415691 
16.63  	 0.07217499072624883 
16.64  	 0.0964427660622362 
16.65  	 0.1193237228050347 
16.66  	 0.1404887642567917 
16.67  	 0.1596334704865214 
16.68  	 0.1764824768353212 
16.69  	 0.1907934345527458 
16.7  	 0.2023604965979498 
16.71  	 0.2110172784685195 
16.72  	 0.2166392514699086 
16.73  	 0.2191455340017094 
16.74  	 0.2185000550946046 
16.75  	 0.2147120734607424 
16.76  	 0.2078360445894963 
16.77  	 0.19797083779747 
16.78  	 0.1852583144909433 
16.79  	 0.1698812880864799 
16.8  	 0.1520608949288268 
16.81  	 0.1320534140168611 
16.82  	 0.1101465812757562 
16.83  	 0.08665545138393971 
16.84  	 0.06191786667031772 
16.85  	 0.03628959824919052 
16.86  	 0.01013922927464726 
16.87  	 -0.01615714609517008 
16.88  	 -0.04222133178192909 
16.89  	 -0.06767846912355757 
16.9  	 -0.09216242823196927 
16.91  	 -0.115321073830808 
16.92  	 -0.1368213298368215 
16.93  	 -0.1563539698431569 
16.94  	 -0.1736380646045366 
16.95  	 -0.1884250225574499 
16.96  	 -0.2005021652616472 
16.97  	 -0.2096957863376501 
16.98  	 -0.2158736499040367 
16.99  	 -0.2189468925790376 
17  	 -0.218871301689491 
17.01  	 -0.2156479513016446 
17.02  	 -0.2093231869244343 
17.03  	 -0.199987959103559 
17.04  	 -0.1877765154892296 
17.05  	 -0.1728644701872123 
17.06  	 -0.1554662781591284 
17.07  	 -0.1358321509946523 
17.08  	 -0.1142444584132002 
17.09  	 -0.09101366724874406 
17.1  	 -0.06647387632396357 
17.11  	 -0.0409780114322623 
17.12  	 -0.01489274953419912 
17.13  	 0.01140675482965451 
17.14  	 0.03754226506335824 
17.15  	 0.06313790237738028 
17.16  	 0.08782555174952054 
17.17  	 0.1112501562344027 
17.18  	 0.1330748234766659 
17.19  	 0.152985670983889 
17.2  	 0.1706963404723063 
17.21  	 0.1859521163581551 
17.22  	 0.1985335891602256 
17.23  	 0.2082598111250493 
17.24  	 0.2149908986885588 
17.25  	 0.218630044344277 
17.26  	 0.2191249089820047 
17.27  	 0.2164683746713129 
17.28  	 0.2106986470625422 
17.29  	 0.2018987059320091 
17.3  	 0.1901951117733992 
17.31  	 0.1757561855990066 
17.32  	 0.1587895881290599 
17.33  	 0.1395393331859835 
17.34  	 0.1182822782475389 
17.35  	 0.0953241426328023 
17.36  	 0.0709951105888573 
17.37  	 0.04564508251569719 
17.38  	 0.0196386426281934 
17.39  	 -0.006650184568298429 
17.4  	 -0.03284331357435368 
17.41  	 -0.05856403559799894 
17.42  	 -0.08344243645436183 
17.43  	 -0.1071207167412712 
17.44  	 -0.1292583377741802 
17.45  	 -0.1495369192696324 
17.46  	 -0.1676648183373276 
17.47  	 -0.1833813239238056 
17.48  	 -0.1964604063822632 
17.49  	 -0.2067139682406946 
17.5  	 -0.2139945494150527 
17.51  	 -0.2181974479603126 
17.52  	 -0.2192622258583289 
17.53  	 -0.2171735781861744 
17.54  	 -0.2119615531646878 
17.55  	 -0.2037011199229421 
17.56  	 -0.1925110901958128 
17.57  	 -0.1785524094637215 
17.58  	 -0.1620258421128271 
17.59  	 -0.1431690839090848 
17.6  	 -0.1222533433163846 
17.61  	 -0.09957944082842041 
17.62  	 -0.07547348241554856 
17.63  	 -0.05028216931377956 
17.64  	 -0.02436781161271564 
17.65  	 0.001896882640359987 
17.66  	 0.02813416787462803 
17.67  	 0.05396669387180331 
17.68  	 0.07902293294600805 
17.69  	 0.1029425233713837 
17.7  	 0.1253814522058583 
17.71  	 0.1460170029698599 
17.72  	 0.164552397020168 
17.73  	 0.1807210618654325 
17.74  	 0.1942904650346971 
17.75  	 0.2050654583593504 
17.76  	 0.2128910845702262 
17.77  	 0.2176548058448773 
17.78  	 0.2192881222540806 
17.79  	 0.2177675568313059 
17.8  	 0.213114993098554 
17.81  	 0.2053973601953064 
17.82  	 0.1947256701403865 
17.83  	 0.1812534210746531 
17.84  	 0.1651743894510333 
17.85  	 0.1467198429269705 
17.86  	 0.1261552140462385 
17.87  	 0.1037762825518078 
17.88  	 0.07990492123907816 
17.89  	 0.05488446653562304 
17.9  	 0.02907478039119527 
17.91  	 0.002847074501254719 
17.92  	 -0.02342142869454728 
17.93  	 -0.04935292145001675 
17.94  	 -0.0745744445542918 
17.95  	 -0.09872325142511364 
17.96  	 -0.1214520253043871 
17.97  	 -0.1424338745191253 
17.98  	 -0.1613670339638847 
17.99  	 -0.1779792051853677 
18  	 -0.1920314726484572 
18.01  	 -0.2033217398584061 
18.02  	 -0.2116876359196856 
18.03  	 -0.2170088507288104 
18.04  	 -0.219208865216085 
18.05  	 -0.2182560517521702 
18.06  	 -0.2141641288940799 
18.07  	 -0.2069919639315477 
18.08  	 -0.1968427260751241 
18.09  	 -0.183862402466783 
18.1  	 -0.1682376983581179 
18.11  	 -0.1501933516586489 
18.12  	 -0.1299889004792565 
18.13  	 -0.1079149501635586 
18.14  	 -0.0842889934982487 
18.15  	 -0.05945084422007509 
18.16  	 -0.03375774949874653 
18.17  	 -0.007579251692160192 
18.18  	 0.01870812672363519 
18.19  	 0.04472629860428121 
18.2  	 0.07010105007751298 
18.21  	 0.09446742276197502 
18.22  	 0.1174749628531366 
18.23  	 0.138792761580863 
18.24  	 0.1581142145430684 
18.25  	 0.17516143146399 
18.26  	 0.1896892329533047 
18.27  	 0.2014886767824007 
18.28  	 0.2103900629613051 
18.29  	 0.2162653743958884 
18.3  	 0.2190301180230807 
18.31  	 0.2186445399445974 
18.32  	 0.2151141970834068 
18.33  	 0.2084898771421148 
18.34  	 0.1988668680157272 
18.35  	 0.1863835871678182 
18.36  	 0.171219590684791 
18.37  	 0.1535929906445366 
18.38  	 0.1337573179462037 
18.39  	 0.1119978757232198 
18.4  	 0.08862763578868242 
18.41  	 0.06398273713453723 
18.42  	 0.03841765122947478 
18.43  	 0.01230008365275849 
18.44  	 -0.01399431460672663 
18.45  	 -0.04008735011928187 
18.46  	 -0.06560372654118715 
18.47  	 -0.09017644246316375 
18.48  	 -0.1134520699446924 
18.49  	 -0.1350958378136125 
18.5  	 -0.1547964466192356 
18.51  	 -0.1722705459865868 
18.52  	 -0.187266809975004 
18.53  	 -0.1995695518265287 
18.54  	 -0.2090018261141961 
18.55  	 -0.2154279736731881 
18.56  	 -0.2187555727121269 
18.57  	 -0.2189367680427587 
18.58  	 -0.215968959310569 
18.59  	 -0.209894838328446 
18.6  	 -0.2008017749771037 
18.61  	 -0.1888205605056151 
18.62  	 -0.1741235263075907 
18.63  	 -0.156922065231212 
18.64  	 -0.1374635910743347 
18.65  	 -0.1160279799965036 
18.66  	 -0.09292354503112038 
18.67  	 -0.06848260159633318 
18.68  	 -0.0430566877857813 
18.69  	 -0.0170115081854768 
18.7  	 0.009278326060278881 
18.71  	 0.03543468528101346 
18.72  	 0.06108135991420933 
18.73  	 0.08584947151860776 
18.74  	 0.1093827783402392 
18.75  	 0.1313427991221051 
18.76  	 0.1514136814623769 
18.77  	 0.1693067447000247 
18.78  	 0.1847646319883885 
18.79  	 0.197565011837933 
18.8  	 0.207523775889562 
18.81  	 0.2144976869254154 
18.82  	 0.2183864390314371 
18.83  	 0.219134100280702 
18.84  	 0.2167299171879114 
18.85  	 0.2112084693647929 
18.86  	 0.2026491721522996 
18.87  	 0.1911751343833274 
18.88  	 0.1769513877048841 
18.89  	 0.16018251292728 
18.9  	 0.1411096975404901 
18.91  	 0.1200072667192263 
18.92  	 0.09717873771101244 
18.93  	 0.07295245435666861 
18.94  	 0.04767686453145908 
18.95  	 0.02171550843115205 
18.96  	 -0.004558210214306755 
18.97  	 -0.03076639479396744 
18.98  	 -0.05653209109084063 
18.99  	 -0.08148470900321739 
19  	 -0.1052653527325405 
19.01  	 -0.1275319827742574 
19.02  	 -0.147964335467101 
19.03  	 -0.1662685293435958 
19.04  	 -0.1821812920289585 
19.05  	 -0.1954737468933445 
19.06  	 -0.2059547049942421 
19.07  	 -0.2134734149613875 
19.08  	 -0.2179217312725505 
19.09  	 -0.2192356697341306 
19.1  	 -0.2173963277939277 
19.11  	 -0.2124301564491446 
19.12  	 -0.2044085798385383 
19.13  	 -0.1934469679898192 
19.14  	 -0.1797029774968429 
19.15  	 -0.1633742839921525 
19.16  	 -0.1446957390281401 
19.17  	 -0.1239359922587526 
19.18  	 -0.1013936275041981 
19.19  	 -0.07739286827282547 
19.2  	 -0.05227891450697587 
19.21  	 -0.02641297762328027 
19.22  	 -0.0001670852579776652 
19.23  	 0.02608126956073808 
19.24  	 0.05195455785280986 
19.25  	 0.07708064464828003 
19.26  	 0.1010981413727469 
19.27  	 0.1236616036735132 
19.28  	 0.1444464999269556 
19.29  	 0.1631538789655226 
19.3  	 0.1795146698889998 
19.31  	 0.193293552116144 
19.32  	 0.2042923400141907 
19.33  	 0.2123528334250115 
19.34  	 0.2173590930890781 
19.35  	 0.2192391082395695 
19.36  	 0.2179658323814039 
19.37  	 0.2135575723572844 
19.38  	 0.206077725104283 
19.39  	 0.1956338658866045 
19.4  	 0.1823762011177449 
19.41  	 0.1664954080242633 
19.42  	 0.1482198922223413 
19.43  	 0.1278125026503817 
19.44  	 0.1055667511056245 
19.45  	 0.08180259075813372 
19.46  	 0.0568618143583166 
19.47  	 0.03110313832469764 
19.48  	 0.004897043415791657 
19.49  	 -0.0213795538081595 
19.5  	 -0.04734872209469528 
19.51  	 -0.07263695120926085 
19.52  	 -0.09688052406509301 
19.53  	 -0.1197307480067962 
19.54  	 -0.1408589700068936 
19.55  	 -0.1599613036427222 
19.56  	 -0.1767629998661907 
19.57  	 -0.1910223987024442 
19.58  	 -0.2025344050403157 
19.59  	 -0.2111334385228704 
19.6  	 -0.2166958151097543 
19.61  	 -0.2191415260573053 
19.62  	 -0.2184353887292842 
19.63  	 -0.2145875526856491 
19.64  	 -0.2076533537698376 
19.65  	 -0.197732518292514 
19.66  	 -0.1849677287571712 
19.67  	 -0.1695425717557725 
19.68  	 -0.1516788975487321 
19.69  	 -0.1316336293051231 
19.7  	 -0.1096950678945677 
19.71  	 -0.0861787453773223 
19.72  	 -0.06142288683065415 
19.73  	 -0.03578354578207938 
19.74  	 -0.009629483215309341 
19.75  	 0.01666313619766086 
19.76  	 0.04271615435582055 
19.77  	 0.06815485866539205 
19.78  	 0.09261337142655569 
19.79  	 0.1157399121563967 
19.8  	 0.137201857161498 
19.81  	 0.1566905235894412 
19.82  	 0.1739256091515333 
19.83  	 0.1886592236608264 
19.84  	 0.2006794544009303 
19.85  	 0.2098134140453429 
19.86  	 0.2159297272894606 
19.87  	 0.2189404204304359 
19.88  	 0.2188021867169194 
19.89  	 0.2155170092690984 
19.9  	 0.2091321326091631 
19.91  	 0.199739383211133 
19.92  	 0.1874738488418229 
19.93  	 0.1725119356870613 
19.94  	 0.1550688312063903 
19.95  	 0.1353954092068383 
19.96  	 0.1137746216484972 
19.97  	 0.09051742907735438 
19.98  	 0.06595832821596169 
19.99  	 0.04045054103723693 
20  	 0.01436093451497997 
20.01  	 -0.01193525588148652 
20.02  	 -0.03805982305822196 
20.03  	 -0.06363702791194642 
20.04  	 -0.08829900345335256 
20.05  	 -0.111691045712751 
20.06  	 -0.1334767153304594 
20.07  	 -0.1533426764575642 
20.08  	 -0.1710032033701843 
20.09  	 -0.1862042899802418 
20.1  	 -0.1987273031365707 
20.11  	 -0.2083921271718022 
20.12  	 -0.2150597544679789 
20.13  	 -0.2186342847811123 
20.14  	 -0.2190643045688783 
20.15  	 -0.2163436264826412 
20.16  	 -0.2105113783876173 
20.17  	 -0.201651440630492 
20.18  	 -0.189891239647752 
20.19  	 -0.1753999152655172 
20.2  	 -0.1583858880497478 
20.21  	 -0.1390938616943597 
20.22  	 -0.117801303560881 
20.23  	 -0.09481445398829234 
20.24  	 -0.07046392176987423 
20.25  	 -0.04509992914545928 
20.26  	 -0.01908727469857053 
20.27  	 0.007199913394580868 
20.28  	 0.03338355830231414 
20.29  	 0.05908707226867952 
20.3  	 0.08394077292974651 
20.31  	 0.1075872003138407 
20.32  	 0.1296862580534192 
20.33  	 0.14992010486388 
20.34  	 0.1679977259371969 
20.35  	 0.1836591185013534 
20.36  	 0.1966790313459555 
20.37  	 0.2068702045299078 
20.38  	 0.2140860626751957 
20.39  	 0.2182228231101441 
20.4  	 0.2192209885412817 
20.41  	 0.217066202785157 
20.42  	 0.211789457252315 
20.43  	 0.2034666452135606 
20.44  	 0.1922174702592447 
20.45  	 0.1782037246508015 
20.46  	 0.1616269623262175 
20.47  	 0.142725600027938 
20.48  	 0.1217714882463641 
20.49  	 0.0990660012980802 
20.5  	 0.074935702773679 
20.51  	 0.04972764869749467 
20.52  	 0.0238043959524115 
20.53  	 -0.00246121223836268 
20.54  	 -0.02869140877384065 
20.55  	 -0.05450893595577064 
20.56  	 -0.079542471441995 
20.57  	 -0.1034319688333482 
20.58  	 -0.1258338360818776 
20.59  	 -0.1464258772415644 
20.6  	 -0.1649119264858839 
20.61  	 -0.1810261077426551 
20.62  	 -0.1945366586816805 
20.63  	 -0.2052492640558199 
20.64  	 -0.2130098504534793 
20.65  	 -0.2177068022665335 
20.66  	 -0.2192725670022996 
20.67  	 -0.2176846268510069 
20.68  	 -0.2129658225351579 
20.69  	 -0.2051840247830778 
20.7  	 -0.1944511581519041 
20.71  	 -0.1809215912400876 
20.72  	 -0.1647899164427264 
20.73  	 -0.1462881511826971 
20.74  	 -0.1256824008716679 
20.75  	 -0.1032690315965229 
20.76  	 -0.07937040757825745 
20.77  	 -0.0543302547103179 
20.78  	 -0.02850871686099166 
20.79  	 -0.00227717604360364 
20.8  	 0.02398708904571999 
20.81  	 0.04990632929804371 
20.82  	 0.07510775822539181 
20.83  	 0.09922891361632823 
20.84  	 0.1219228706988599 
20.85  	 0.1428632318313038 
20.86  	 0.1617488209559639 
20.87  	 0.1783080152972711 
20.88  	 0.1923026520027515 
20.89  	 0.2035314535392581 
20.9  	 0.2118329225781621 
20.91  	 0.2170876647335335 
20.92  	 0.2192201057463213 
20.93  	 0.2181995784170567 
20.94  	 0.2140407636543132 
20.95  	 0.2068034792957364 
20.96  	 0.1965918197391778 
20.97  	 0.1835526587587066 
20.98  	 0.1678735370391508 
20.99  	 0.1497799648124966 
21  	 0.1295321783916514 
21.01  	 0.1074213972515356 
21.02  	 0.08376563549110401 
21.03  	 0.058905127918785 
21.04  	 0.03319743654681918 
21.05  	 0.007012307876360198 
21.06  	 -0.01927364506030152 
21.07  	 -0.04528235941403352 
21.08  	 -0.07063976008223052 
21.09  	 -0.09498113991483116 
21.1  	 -0.1179564051809244 
21.11  	 -0.1392351108518691 
21.12  	 -0.1585112132804193 
21.13  	 -0.1755074719192189 
21.14  	 -0.1899794367704602 
21.15  	 -0.2017189642164579 
21.16  	 -0.2105572106642223 
21.17  	 -0.216367060947548 
21.18  	 -0.2190649565598701 
21.19  	 -0.2186120974232201 
21.2  	 -0.215014999908865 
21.21  	 -0.2083254030840664 
21.22  	 -0.1986395245337173 
21.23  	 -0.1860966764603879 
21.24  	 -0.1708772619673966 
21.25  	 -0.1532001803440366 
21.26  	 -0.1333196786722382 
21.27  	 -0.1115216950375011 
21.28  	 -0.08811974593876988 
21.29  	 -0.06345041704778794 
21.3  	 -0.03786852217320025 
21.31  	 -0.01174200005698144 
21.32  	 0.01455337759901149 
21.33  	 0.04063941076280041 
21.34  	 0.06614091062553824 
21.35  	 0.09069109584222282 
21.36  	 0.1139368678472235 
21.37  	 0.1355438893716181 
21.38  	 0.1552013931189036 
21.39  	 0.1726266514377609 
21.4  	 0.1875690427056513 
21.41  	 0.19981365593777 
21.42  	 0.2091843817773946 
21.43  	 0.2155464454109337 
21.44  	 0.2188083449776597 
21.45  	 0.2189231675946743 
21.46  	 0.2158892640693834 
21.47  	 0.2097502725954376 
21.48  	 0.2005944910916257 
21.49  	 0.1885536072114343 
21.5  	 0.173800804289467 
21.51  	 0.1565482704666403 
21.52  	 0.1370441468199918 
21.53  	 0.1155689583915745 
21.54  	 0.09243157944822925 
21.55  	 0.06796479100304575 
21.56  	 0.04252049449371607 
21.57  	 0.01646465045827375 
21.58  	 -0.009827984995674182 
21.59  	 -0.0359792502245203 
21.6  	 -0.06161301706114279 
21.61  	 -0.08636060057830909 
21.62  	 -0.1098660617961303 
21.63  	 -0.1317913270654759 
21.64  	 -0.1518210504970627 
21.65  	 -0.1696671495009077 
21.66  	 -0.185072948202767 
21.67  	 -0.1978168691439129 
21.68  	 -0.207715620167549 
21.69  	 -0.2146268306558149 
21.7  	 -0.2184510992010792 
21.71  	 -0.2191334232606574 
21.72  	 -0.2166639902325652 
21.73  	 -0.2110783185747287 
21.74  	 -0.2024567469380578 
21.75  	 -0.190923278661227 
21.76  	 -0.1766437982466529 
21.77  	 -0.159823685469804 
21.78  	 -0.1407048614376575 
21.79  	 -0.1195623090822552 
21.8  	 -0.09670011813436825 
21.81  	 -0.07244711146157312 
21.82  	 -0.04715211567606975 
21.83  	 -0.02117894403427395 
21.84  	 0.005098836212402392 
21.85  	 0.03130327675527276 
21.86  	 0.05705748417686041 
21.87  	 0.08199104072660048 
21.88  	 0.1057453319574218 
21.89  	 0.1279787045975866 
21.9  	 0.1483713804730851 
21.91  	 0.1666300558049133 
21.92  	 0.1824921197306478 
21.93  	 0.1957294313763495 
21.94  	 0.2061516011541432 
21.95  	 0.2136087290912658 
21.96  	 0.217993560806102 
21.97  	 0.2192430301221098 
21.98  	 0.217339166132815 
21.99  	 0.2123093516717167 
22  	 0.2042259294696593 
22.01  	 0.1932051616642449 
22.02  	 0.1794055576264485 
22.03  	 0.1630255941549334 
22.04  	 0.1443008608279981 
22.05  	 0.1235006715708975 
22.06  	 0.1009241911735914 
22.07  	 0.07689613247023049 
22.08  	 0.05176208606706838 
22.09  	 0.02588354978984906 
22.1  	 -0.0003672706587478033 
22.11  	 -0.02661281505064951 
22.12  	 -0.05247559899736204 
22.13  	 -0.07758364322411059 
22.14  	 -0.1015758236656915 
22.15  	 -0.1241070654345987 
22.16  	 -0.1448533059578923 
22.17  	 -0.163516155899169 
22.18  	 -0.1798271908286758 
22.19  	 -0.1935518119155276 
22.2  	 -0.2044926201144302 
22.21  	 -0.2124922553170316 
22.22  	 -0.2174356596327011 
22.23  	 -0.2192517322467226 
22.24  	 -0.2179143520542873 
22.25  	 -0.2134427533619757 
22.26  	 -0.2059012492530379 
22.27  	 -0.195398306595181 
22.28  	 -0.1820849859947373 
22.29  	 -0.1661527691349114 
22.3  	 -0.147830804746906 
22.31  	 -0.1273826128244041 
22.32  	 -0.1051022944837559 
22.33  	 -0.08131030198268276 
22.34  	 -0.05634882973589671 
22.35  	 -0.03057689261775296 
22.36  	 -0.004365162339520097 
22.37  	 0.02190936383206533 
22.38  	 0.04786878533587138 
22.39  	 0.07313973357053206 
22.4  	 0.09735874196750395 
22.41  	 0.1201774736466551 
22.42  	 0.1412677314662705 
22.43  	 0.1603261784091188 
22.44  	 0.1770787004124492 
22.45  	 0.191284348892172 
22.46  	 0.2027388062571429 
22.47  	 0.2112773245694433 
22.48  	 0.2167770950848638 
22.49  	 0.2191590145928136 
22.5  	 0.218388823150781 
22.51  	 0.2144775968494683 
22.52  	 0.2074815885211706 
22.53  	 0.1975014186823261 
22.54  	 0.1846806283465851 
22.55  	 0.1692036145228006 
22.56  	 0.1512929780910384 
22.57  	 0.1312063222012577 
22.58  	 0.1092325472425569 
22.59  	 0.08568769567109644 
22.6  	 0.06091040645961954 
22.61  	 0.03525704454604462 
22.62  	 0.009096575332542907 
22.63  	 -0.01719474204561609 
22.64  	 -0.04323876635662556 
22.65  	 -0.0686609129796993 
22.66  	 -0.09309554146019379 
22.67  	 -0.1161912144244654 
22.68  	 -0.1376157522168218 
22.69  	 -0.1570610105590675 
22.7  	 -0.1742473125165463 
22.71  	 -0.1889274710271861 
22.72  	 -0.2008903441380223 
22.73  	 -0.2099638718154364 
22.74  	 -0.2160175506511672 
22.75  	 -0.2189643108709932 
22.76  	 -0.2187617686494344 
22.77  	 -0.2154128357186315 
22.78  	 -0.208965677503427 
22.79  	 -0.1995130203846426 
22.8  	 -0.1871908180538663 
22.81  	 -0.1721762961410878 
22.82  	 -0.1546854032385939 
22.83  	 -0.1349697049824067 
22.84  	 -0.1133127658624807 
22.85  	 -0.09002607080120066 
22.86  	 -0.06544454515899596 
22.87  	 -0.03992173760114996 
22.88  	 -0.01382473510979955 
22.89  	 0.01247111672338102 
22.9  	 0.03858761218700724 
22.91  	 0.06414912507741478 
22.92  	 0.08878801122701162 
22.93  	 0.1121498962304433 
22.94  	 0.1338987723167051 
22.95  	 0.1537218310600157 
22.96  	 0.1713339624222754 
22.97  	 0.1864818554180432 
22.98  	 0.1989476414236337 
22.99  	 0.2085520277293223 
23  	 0.2151568762656157 
23.01  	 0.2186671904143719 
23.02  	 0.2190324813289092 
23.03  	 0.2162474941115888 
23.04  	 0.2103522834043508 
23.05  	 0.2014316373048901 
23.06  	 0.1896138578940219 
23.07  	 0.175068915913418 
23.08  	 0.1580060061344941 
23.09  	 0.1386705385785881 
23.1  	 0.1173406088629242 
23.11  	 0.09432299843838718 
23.12  	 0.06994876224612866 
23.13  	 0.04456846725493307 
23.14  	 0.01854715036164561 
23.15  	 -0.007740931826053262 
23.16  	 -0.03391768581223775 
23.17  	 -0.05960661922108312 
23.18  	 -0.08443825577762862 
23.19  	 -0.108055449378898 
23.2  	 -0.1301185208243353 
23.21  	 -0.1503101433258551 
23.22  	 -0.1683399065300181 
23.23  	 -0.1839484934097037 
23.24  	 -0.1969114099499491 
23.25  	 -0.2070422139849664 
23.26  	 -0.2141951967468241 
23.27  	 -0.2182674785577804 
23.28  	 -0.2192004885244571 
23.29  	 -0.2169808069517671 
23.3  	 -0.2116403583603302 
23.31  	 -0.2032559523311996 
23.32  	 -0.1919481787816988 
23.33  	 -0.177879673561337 
23.34  	 -0.161252779313024 
23.35  	 -0.142306635242797 
23.36  	 -0.1213137376551046 
23.37  	 -0.09857602072211473 
23.38  	 -0.07442051385661548 
23.39  	 -0.04919463814686 
23.4  	 -0.02326120950355822 
23.41  	 0.003006779612771979 
23.42  	 0.02923152483118564 
23.43  	 0.05503584371835708 
23.44  	 0.08004860068190826 
23.45  	 0.1039100449039324 
23.46  	 0.1262769845312356 
23.47  	 0.1468277227028097 
23.48  	 0.1652666844215453 
23.49  	 0.1813286677229488 
23.5  	 0.1947826579975966 
23.51  	 0.2054351506069956 
23.52  	 0.213132934004604 
23.53  	 0.2177652933331683 
23.54  	 0.2192656028046511 
23.55  	 0.2176122839599904 
23.56  	 0.2128291160263039 
23.57  	 0.2049848939077223 
23.58  	 0.1941924387289214 
23.59  	 0.1806069751623101 
23.6  	 0.1644238988773556 
23.61  	 0.1458759662222653 
23.62  	 0.1252299465577385 
23.63  	 0.1027827853916797 
23.64  	 0.07885733349907731 
23.65  	 0.05379770345406338 
23.66  	 0.02796432035975826 
23.67  	 0.001728737959838595 
23.68  	 -0.02453170530978376 
23.69  	 -0.05043931346878592 
23.7  	 -0.07562146528238403 
23.71  	 -0.09971597356284782 
23.72  	 -0.1223762944006792 
23.73  	 -0.1432765114030808 
23.74  	 -0.162116023252584 
23.75  	 -0.1786238671661191 
23.76  	 -0.1925626160714551 
23.77  	 -0.2037317934490524 
23.78  	 -0.2119707567246525 
23.79  	 -0.2171610077416151 
23.8  	 -0.2192278970821616 
23.81  	 -0.2181416977247872 
23.82  	 -0.2139180325957503 
23.83  	 -0.2066176498653449 
23.84  	 -0.1963455492207954 
23.85  	 -0.1832494716823787 
23.86  	 -0.1675177746834459 
23.87  	 -0.1493767229762626 
23.88  	 -0.1290872343281331 
23.89  	 -0.1069411268133002 
23.9  	 -0.08325692167492835 
23.91  	 -0.05837526212338933 
23.92  	 -0.03265401396100293 
23.93  	 -0.00646311849958568 
23.94  	 0.01982072820023803 
23.95  	 0.04581949324068763 
23.96  	 0.07115924402565546 
23.97  	 0.0954755264252673 
23.98  	 0.1184186066140677 
23.99  	 0.139658501190693 
24  	 0.1588897232323454 
24.01  	 0.175835676022918 
24.02  	 0.1902526312610452 
24.03  	 0.2019332345306686 
24.04  	 0.2107094876159599 
24.05  	 0.2164551647668488 
24.06  	 0.2190876281627329 
24.07  	 0.2185690164631189 
24.08  	 0.2149067893506539 
24.09  	 0.2081536202345992 
24.1  	 0.198406638657989 
24.11  	 0.185806033304866 
24.12  	 0.1705330357000298 
24.13  	 0.1528073136014651 
24.14  	 0.13288381157541 
24.15  	 0.1110490841953526 
24.16  	 0.08761717460354275 
24.17  	 0.06292509771256419 
24.18  	 0.03732799301087198 
24.19  	 0.01119401668808712 
24.2  	 -0.01510095345451495 
24.21  	 -0.04117872415100618 
24.22  	 -0.06666422611956072 
24.23  	 -0.09119090857938245 
24.24  	 -0.1144060112476943 
24.25  	 -0.1359756379912147 
24.26  	 -0.1555895591592012 
24.27  	 -0.1729656735274581 
24.28  	 -0.1878540656784312 
24.29  	 -0.20004060046125 
24.3  	 -0.2093500028336329 
24.31  	 -0.2156483787891867 
24.32  	 -0.2188451411123495 
24.33  	 -0.2188943122634311 
24.34  	 -0.2157951856547728 
24.35  	 -0.209592335807121 
24.36  	 -0.2003749772402501 
24.37  	 -0.1882756813186922 
24.38  	 -0.1734684695080365 
24.39  	 -0.1561663104658978 
24.4  	 -0.1366180569663444 
24.41  	 -0.1151048667131925 
24.42  	 -0.09193615852068557 
24.43  	 -0.06744516202276472 
24.44  	 -0.04198412491820581 
24.45  	 -0.01591924668480447 
24.46  	 0.0103745883708415 
24.47  	 0.03651920297422066 
24.48  	 0.06213856610527858 
24.49  	 0.08686420135113855 
24.5  	 0.1103404866023885 
24.51  	 0.1322297688688342 
24.52  	 0.1522172206497238 
24.53  	 0.1700153680106055 
24.54  	 0.18536822524074 
24.55  	 0.1980549766234405 
24.56  	 0.2078931523654665 
24.57  	 0.2147412530069797 
24.58  	 0.2185007845659235 
24.59  	 0.2191176751459422 
24.6  	 0.2165830526331958 
24.61  	 0.2109333722967283 
24.62  	 0.2022498924571669 
24.63  	 0.1906575057651763 
24.64  	 0.1763229428990633 
24.65  	 0.1594523745173571 
24.66  	 0.1402884459568656 
24.67  	 0.1191067873254008 
24.68  	 0.09621204918361997 
24.69  	 0.07193352083366956 
24.7  	 0.04662039423588941 
24.71  	 0.02063674167096028 
24.72  	 -0.005643720616970508 
24.73  	 -0.03184300748352097 
24.74  	 -0.05758430134529693 
24.75  	 -0.08249737184801063 
24.76  	 -0.1062239007918416 
24.77  	 -0.1284226357270624 
24.78  	 -0.1487742980971441 
24.79  	 -0.1669861753368414 
24.8  	 -0.1827963308783462 
24.81  	 -0.195977371514135 
24.82  	 -0.2063397179315529 
24.83  	 -0.2137343313799311 
24.84  	 -0.2180548572533354 
24.85  	 -0.2192391547584017 
24.86  	 -0.2172701906664576 
24.87  	 -0.212176284295396 
24.88  	 -0.2040307001977943 
24.89  	 -0.1929505944135763 
24.9  	 -0.1790953294430142 
24.91  	 -0.1626641821753932 
24.92  	 -0.1438934777396186 
24.93  	 -0.1230531904998667 
24.94  	 -0.1004430610832069 
24.95  	 -0.07638828528720543 
24.96  	 -0.05123483687239729 
24.97  	 -0.02534449151121056 
24.98  	 0.0009103765378650143 
24.99  	 0.02715215019255623 
25  	 0.05300340071509137 
25.01  	 0.07809231617142039 
25.02  	 0.102058049105276 
25.03  	 0.1245559065128943 
25.04  	 0.1452623074723632 
25.05  	 0.1638794371233302 
25.06  	 0.1801395300601158 
25.07  	 0.1938087215313259 
25.08  	 0.2046904110551863 
25.09  	 0.2126280900726102 
25.1  	 0.2175075929686442 
25.11  	 0.2192587390863865 
25.12  	 0.2178563421168423 
25.13  	 0.2133205723468202 
25.14  	 0.2057166665548404 
25.15  	 0.1951539897275127 
25.16  	 0.1817844620914869 
25.17  	 0.1658003740845592 
25.18  	 0.1474316206926424 
25.19  	 0.1269423949303369 
25.2  	 0.104627388022103 
25.21  	 0.08080755093543902 
25.22  	 0.05582547822729515 
25.23  	 0.03004048059623537 
25.24  	 0.0038234170107473 
25.25  	 -0.0224486392582395 
25.26  	 -0.04839782398357303 
25.27  	 -0.07365091670428232 
25.28  	 -0.09784470865798937 
25.29  	 -0.1206312267177771 
25.3  	 -0.1416827381990092 
25.31  	 -0.1606964645532882 
25.32  	 -0.1773989361537337 
25.33  	 -0.1915499255378531 
25.34  	 -0.202945902537203 
25.35  	 -0.2114229615996503 
25.36  	 -0.2168591792012252 
25.37  	 -0.2191763674417001 
25.38  	 -0.2183411986021854 
25.39  	 -0.2143656844906641 
25.4  	 -0.2073070036810787 
25.41  	 -0.1972666791307509 
25.42  	 -0.18438911800423 
25.43  	 -0.168859534704885 
25.44  	 -0.1509012869866578 
25.45  	 -0.130772663460134 
25.46  	 -0.1087631686970292 
25.47  	 -0.08518935936385272 
25.48  	 -0.06039029127216244 
25.49  	 -0.03472264282946192 
25.5  	 -0.008555585028773816 
25.51  	 0.0177345282395332 
25.52  	 0.04376957318583835 
25.53  	 0.06917509457557698 
25.54  	 0.09358569141992411 
25.55  	 0.1166502724418982 
25.56  	 0.1380371057299126 
25.57  	 0.157438589950947 
25.58  	 0.1745756785002443 
25.59  	 0.1892018929561482 
25.6  	 0.2011068681156629 
25.61  	 0.210119377623282 
25.62  	 0.2161097966764984 
25.63  	 0.2189919663872597 
25.64  	 0.2187244329849498 
25.65  	 0.2153110440376379 
25.66  	 0.2088008931163108 
25.67  	 0.1992876136979405 
25.68  	 0.1869080324629674 
25.69  	 0.1718402013563912 
25.7  	 0.154300836716926 
25.71  	 0.1345422023062344 
25.72  	 0.1128484810691263 
25.73  	 0.08953168780839789 
25.74  	 0.06492718156135771 
25.75  	 0.03938884222225286 
25.76  	 0.01328398078393065 
25.77  	 -0.01301194359664942 
25.78  	 -0.03912072372603673 
25.79  	 -0.06466684402646618 
25.8  	 -0.08928288147553967 
25.81  	 -0.1126147901531503 
25.82  	 -0.1343269933894294 
25.83  	 -0.1541072102747177 
25.84  	 -0.1716709471131493 
25.85  	 -0.1867655892205232 
25.86  	 -0.1991740342150538 
25.87  	 -0.2087178145446419 
25.88  	 -0.2152596643398243 
25.89  	 -0.2187054936743038 
25.9  	 -0.2190057418376336 
25.91  	 -0.2161560901563188 
25.92  	 -0.2101975241109879 
25.93  	 -0.2012157438561974 
25.94  	 -0.1893399316211379 
25.95  	 -0.1747408937194697 
25.96  	 -0.1576286038910115 
25.97  	 -0.1382491833089867 
25.98  	 -0.1168813606882976 
25.99  	 -0.09383246340824321 
26  	 -0.06943399730820997 
26.01  	 -0.04403687873092271 
26.02  	 -0.01800638738946782 
26.03  	 0.008283087350380922 
26.04  	 0.03445343120974956 
26.05  	 0.06012824331092449 
26.06  	 0.0849382498484942 
26.07  	 0.1085266152540124 
26.08  	 0.1305540744651432 
26.09  	 0.1507038124832429 
26.1  	 0.1686860210380841 
26.11  	 0.1842420668222465 
26.12  	 0.1971482113449387 
26.13  	 0.2072188289031655 
26.14  	 0.2143090763873601 
26.15  	 0.2183169765221952 
26.16  	 0.2191848845799254 
26.17  	 0.2169003174708909 
26.18  	 0.2114961332865821 
26.19  	 0.2030500587128991 
26.2  	 0.1916835711107446 
26.21  	 0.1775601513425066 
26.22  	 0.1608829324737286 
26.23  	 0.1418917781678493 
26.24  	 0.1208598327947438 
26.25  	 0.09808959287185995 
26.26  	 0.0739085563413268 
26.27  	 0.0486645122582768 
26.28  	 0.02272053863749426 
26.29  	 -0.003550219597017825 
26.3  	 -0.02976991745223888 
26.31  	 -0.05556144430631199 
26.32  	 -0.08055384778664415 
26.33  	 -0.1043876690757737 
26.34  	 -0.1267201129087512 
26.35  	 -0.1472299779034462 
26.36  	 -0.1656222763119648 
26.37  	 -0.1816324767489575 
26.38  	 -0.1950303088743286 
26.39  	 -0.2056230753090169 
26.4  	 -0.2132584231492556 
26.41  	 -0.2178265352174366 
26.42  	 -0.2192617095333945 
26.43  	 -0.217543304289001 
26.44  	 -0.2126960347347308 
26.45  	 -0.204789617708189 
26.46  	 -0.1939377689171531 
26.47  	 -0.1802965673990342 
26.48  	 -0.1640622106801691 
26.49  	 -0.1454681929219209 
26.5  	 -0.1247819466395071 
26.51  	 -0.1023009962947833 
26.52  	 -0.07834867908479133 
26.53  	 -0.05326949447278805 
26.54  	 -0.02742414934816364 
26.55  	 -0.001184370079348367 
26.56  	 0.02507244392348015 
26.57  	 0.05096864823955426 
26.58  	 0.07613178499266056 
26.59  	 0.1001999398096969 
26.6  	 0.1228269471350578 
26.61  	 0.1436873690340014 
26.62  	 0.1624811758766794 
26.63  	 0.1789380615813072 
26.64  	 0.1928213313519435 
26.65  	 0.2039313059943866 
26.66  	 0.2121081938469183 
26.67  	 0.2172343890196906 
26.68  	 0.2192361628878089 
26.69  	 0.2180847245098286 
26.7  	 0.2137966347199556 
26.71  	 0.2064335679381639 
26.72  	 0.1961014251240762 
26.73  	 0.1829488106327092 
26.74  	 0.1671648948790716 
26.75  	 0.1489766935523135 
26.76  	 0.12864580251174 
26.77  	 0.106464635325783 
26.78  	 0.08275221756837221 
26.79  	 0.05784959836218329 
26.8  	 0.03211494516327629 
26.81  	 0.005918392337486787 
26.82  	 -0.02036328237992033 
26.83  	 -0.04635207697431749 
26.84  	 -0.07167420185020752 
26.85  	 -0.09596545594368615 
26.86  	 -0.1188764649254699 
26.87  	 -0.1400777061553309 
26.88  	 -0.1592642481148298 
26.89  	 -0.1761601361528549 
26.9  	 -0.1905223614647492 
26.91  	 -0.2021443562203721 
26.92  	 -0.2108589645716222 
26.93  	 -0.2165408468082361 
26.94  	 -0.2191082820835736 
26.95  	 -0.2185243437822414 
26.96  	 -0.2147974306246376 
26.97  	 -0.2079811458696315 
26.98  	 -0.1981735263528154 
26.99  	 -0.1855156324488536 
27  	 -0.1701895192381238 
27.01  	 -0.1524156180578099 
27.02  	 -0.1324495660978872 
27.03  	 -0.1105785296410544 
27.04  	 -0.08711707382845418 
27.05  	 -0.06240263835521141 
27.06  	 -0.03679068416762601 
27.07  	 -0.01064958096574795 
27.08  	 0.01564469095701378 
27.09  	 0.04171394833524478 
27.1  	 0.06718324423758996 
27.11  	 0.09168626082521301 
27.12  	 0.1148705780005797 
27.13  	 0.1364027421684355 
27.14  	 0.1559730622068688 
27.15  	 0.1733000636690649 
27.16  	 0.1881345371522751 
27.17  	 0.2002631226074146 
27.18  	 0.2095113780371481 
27.19  	 0.2157462884462544 
27.2  	 0.2188781789586556 
27.21  	 0.2188620045854159 
27.22  	 0.2156979980931954 
27.23  	 0.2094316666551609 
27.24  	 0.2001531373324856 
27.25  	 0.1879958608002228 
27.26  	 0.1731346919615223 
27.27  	 0.155783375056201 
27.28  	 0.1361914694346767 
27.29  	 0.1146407602130271 
27.3  	 0.09144120543375427 
27.31  	 0.06692647802314237 
27.32  	 0.04144916666402614 
27.33  	 0.01537570460851458 
27.34  	 -0.01091890063181021 
27.35  	 -0.03705646091687467 
27.36  	 -0.06266104685487768 
27.37  	 -0.08736439469226996 
27.38  	 -0.1108112029505105 
27.39  	 -0.1326642426300232 
27.4  	 -0.1526092074824174 
27.41  	 -0.1703592345909199 
27.42  	 -0.185659030240737 
27.43  	 -0.1982885417380793 
27.44  	 -0.208066122367123 
27.45  	 -0.2148511439640909 
27.46  	 -0.2185460195327223 
27.47  	 -0.2190976068101891 
27.48  	 -0.2164979725965368 
27.49  	 -0.2107845068544338 
27.5  	 -0.202039384938202 
27.51  	 -0.1903883856867536 
27.52  	 -0.1759990823794923 
27.53  	 -0.1590784325741818 
27.54  	 -0.1398698014915001 
27.55  	 -0.1186494617581405 
27.56  	 -0.09572261985171394 
27.57  	 -0.07141902639802404 
27.58  	 -0.04608823345662501 
27.59  	 -0.02009456700785456 
27.6  	 0.006188113049386236 
27.61  	 0.03238179002330093 
27.62  	 0.05810972734107973 
27.63  	 0.08300188704874849 
27.64  	 0.1067002519666805 
27.65  	 0.1288639749533813 
27.66  	 0.1491742812171737 
27.67  	 0.1673390531671553 
27.68  	 0.1830970318607605 
27.69  	 0.1962215746197008 
27.7  	 0.206523914769372 
27.71  	 0.2138558766180553 
27.72  	 0.2181120066268022 
27.73  	 0.2192310901182162 
27.74  	 0.2171970317096042 
27.75  	 0.2120390868075177 
27.76  	 0.2038314408341635 
27.77  	 0.1926921422375674 
27.78  	 0.1787814046317277 
27.79  	 0.1622993024866246 
27.8  	 0.1434828935103634 
27.81  	 0.1226028091114567 
27.82  	 0.09995936197971193 
27.83  	 0.07587822676934194 
27.84  	 0.05070575600788103 
27.85  	 0.02480399860084232 
27.86  	 -0.001454507420114713 
27.87  	 -0.02769209301150684 
27.88  	 -0.05353139002992005 
27.89  	 -0.07860075881625524 
27.9  	 -0.1025396333885801 
27.91  	 -0.1250037073652116 
27.92  	 -0.14566988603029 
27.93  	 -0.1642409333176189 
27.94  	 -0.1804497468765204 
27.95  	 -0.1940631997324161 
27.96  	 -0.2048854932888951 
27.97  	 -0.2127609734455729 
27.98  	 -0.217576369328585 
27.99  	 -0.2192624224345092 
28  	 -0.2177948827562346 
28.01  	 -0.2131948575637674 
28.02  	 -0.2055285078235594 
28.03  	 -0.1949060966226837 
28.04  	 -0.1814804032841208 
28.05  	 -0.1654445259825126 
28.06  	 -0.1470291044647714 
28.07  	 -0.1264990028204087 
28.08  	 -0.1041495000124058 
28.09  	 -0.08030204295920533 
28.1  	 -0.05529962325002162 
28.11  	 -0.02950184398918059 
28.12  	 -0.00327974772125905 
28.13  	 0.02298952017383186 
28.14  	 0.04892813586135828 
28.15  	 0.07416303119020655 
28.16  	 0.09833125943159665 
28.17  	 0.1210852154440835 
28.18  	 0.1420976351846144 
28.19  	 0.1610663026590928 
28.2  	 0.1777183966134445 
28.21  	 0.1918144144482803 
28.22  	 0.2031516169201054 
28.23  	 0.2115669440852256 
28.24  	 0.2169393605469325 
28.25  	 0.2191915962749685 
28.26  	 0.2182912579595306 
28.27  	 0.2142512949155089 
28.28  	 0.2071298128359857 
28.29  	 0.197029238073729 
28.3  	 0.1840948444705956 
28.31  	 0.1685126639230577 
28.32  	 0.1505068107356259 
28.33  	 0.13033625824527 
28.34  	 0.1082911140777892 
28.35  	 0.08468844760803633 
28.36  	 0.05986772963674816 
28.37  	 0.03418594987342773 
28.38  	 0.008012482449758012 
28.39  	 -0.01827622668898127 
28.4  	 -0.04430207410442973 
28.41  	 -0.06969073702496667 
28.42  	 -0.0940770571292409 
28.43  	 -0.1171102925198957 
28.44  	 -0.1384591623498429 
28.45  	 -0.157816611545361 
28.46  	 -0.1749042270967099 
28.47  	 -0.1894762423974471 
28.48  	 -0.2013230720395157 
28.49  	 -0.210274326223887 
28.5  	 -0.2162012614313703 
28.51  	 -0.2190186321062412 
28.52  	 -0.218685916720422 
28.53  	 -0.2152079005840596 
28.54  	 -0.2086346070200932 
28.55  	 -0.1990605778927048 
28.56  	 -0.1866235138376142 
28.57  	 -0.1715022937514148 
28.58  	 -0.1539144020250968 
28.59  	 -0.134112800525168 
28.6  	 -0.1123822903117495 
28.61  	 -0.08903541542228648 
28.62  	 -0.06440796763522914 
28.63  	 -0.03885415686796186 
28.64  	 -0.01274151667140964 
28.65  	 0.01355438190555328 
28.66  	 0.03965533205291171 
28.67  	 0.06518593084580558 
28.68  	 0.08977897856334233 
28.69  	 0.1130807600230636 
28.7  	 0.1347561319708137 
28.71  	 0.1544933433559124 
28.72  	 0.1720085191623705 
28.73  	 0.1870497433068567 
28.74  	 0.1994006818799628 
28.75  	 0.2088836946187385 
28.76  	 0.2153623898590161 
28.77  	 0.2187435862203312 
28.78  	 0.2189786528090535 
28.79  	 0.2160642086639426 
28.8  	 0.210042171384188 
28.81  	 0.200999154240524 
28.82  	 0.1890652204406009 
28.83  	 0.1744120124656708 
28.84  	 0.1572502833838351 
28.85  	 0.1378268656462397 
28.86  	 0.1164211209633882 
28.87  	 0.09334092232167003 
28.88  	 0.06891822593012313 
28.89  	 0.04350429678453223 
28.9  	 0.01746465651848723 
28.91  	 -0.008826173794980385 
28.92  	 -0.03499006027831687 
28.93  	 -0.06065069484640135 
28.94  	 -0.08543900754375609 
28.95  	 -0.1089984747775722 
28.96  	 -0.1309902471001571 
28.97  	 -0.1510980227887159 
28.98  	 -0.1690325971275616 
28.99  	 -0.1845360219614075 
29  	 -0.1973853156940918 
29.01  	 -0.2073956703728148 
29.02  	 -0.2144231097312613 
29.03  	 -0.2183665599616902 
29.04  	 -0.2191693034326338 
29.05  	 -0.2168197944437745 
29.06  	 -0.2113518252852104 
29.07  	 -0.2028440402127204 
29.08  	 -0.1914188043293841 
29.09  	 -0.1772404436421259 
29.1  	 -0.160512881605916 
29.11  	 -0.1414767061487275 
29.12  	 -0.1204057093611182 
29.13  	 -0.09760294961952701 
29.14  	 -0.07339639278036197 
29.15  	 -0.0481341951365774 
29.16  	 -0.02217969598063366 
29.17  	 0.004093808205548998 
29.18  	 0.03030843277222654 
29.19  	 0.05608713991396555 
29.2  	 0.08105916150170445 
29.21  	 0.1048653317401222 
29.22  	 0.1271632529515464 
29.23  	 0.1476322201888281 
29.24  	 0.1659778338475494 
29.25  	 0.1819362339356979 
29.26  	 0.1952778951004437 
29.27  	 0.2058109278291774 
29.28  	 0.2133838383445289 
29.29  	 0.217887707498543 
29.3  	 0.2192577573275655 
29.31  	 0.2174742827365017 
29.32  	 0.2125629349122824 
29.33  	 0.2045943523902735 
29.34  	 0.1936831450799011 
29.35  	 0.1799862458619306 
29.36  	 0.1637006534660536 
29.37  	 0.1450605990921032 
29.38  	 0.1243341775269324 
29.39  	 0.1018194912104046 
29.4  	 0.0778403627094961 
29.41  	 0.05274167726677541 
29.42  	 0.02688442241012302 
29.43  	 0.0006404959676439408 
29.44  	 -0.02561264283740631 
29.45  	 -0.05149740227956513 
29.46  	 -0.07664148893019404 
29.47  	 -0.1006832622522765 
29.48  	 -0.1232769359778086 
29.49  	 -0.1440975514575152 
29.5  	 -0.162845651452642 
29.51  	 -0.1792515871469361 
29.52  	 -0.193079396432231 
29.53  	 -0.2041301976873091 
29.54  	 -0.2122450502382432 
29.55  	 -0.2173072403589911 
29.56  	 -0.2192439599333169 
29.57  	 -0.218027353634301 
29.58  	 -0.2136749195601352 
29.59  	 -0.2062492575639716 
29.6  	 -0.1958571688974959 
29.61  	 -0.1826481201178981 
29.62  	 -0.16681209335126 
29.63  	 -0.1485768538316765 
29.64  	 -0.1282046740161365 
29.65  	 -0.105988561391445 
29.66  	 -0.08224804422757079 
29.67  	 -0.05732457588978537 
29.68  	 -0.03157662380813204 
29.69  	 -0.005374513738151027 
29.7  	 0.02090489653327514 
29.71  	 0.0468836374308234 
29.72  	 0.07218806382388587 
29.73  	 0.09645422906262588 
29.74  	 0.1193331195233651 
29.75  	 0.1404956743763478 
29.76  	 0.1596375183779182 
29.77  	 0.1764833396166487 
29.78  	 0.1907908492494901 
29.79  	 0.202354266276135 
29.8  	 0.2110072772310356 
29.81  	 0.2166254282246309 
29.82  	 0.2191279149297035 
29.83  	 0.2184787447679822 
29.84  	 0.214687254581578 
29.85  	 0.2078079763437073 
29.86  	 0.1979398528402081 
29.87  	 0.1852248146023679 
29.88  	 0.1698457385588127 
29.89  	 0.1520238177664647 
29.9  	 0.1320153800510952 
29.91  	 0.1101082013140725 
29.92  	 0.08661736653001227 
29.93  	 0.06188073796548715 
29.94  	 0.03625409579808665 
29.95  	 0.01010602102724363 
29.96  	 -0.01618740572596479 
29.97  	 -0.04224801328372021 
29.98  	 -0.06770097904446053 
29.99  	 -0.09218021995413499 
30  	 -0.1153336577789316 
30.01  	 -0.1368282829504811 
30.02  	 -0.1563549441516316 
30.03  	 -0.173632794755487 
30.04  	 -0.188413332165787 
30.05  	 -0.2004839719618987 
30.06  	 -0.209671105442465 
30.07  	 -0.2158425965918929 
30.08  	 -0.2189096825564969 
30.09  	 -0.2188282502962639 
30.1  	 -0.2155994710505057 
30.11  	 -0.2092697834920699 
30.12  	 -0.1999302258123537 
30.13  	 -0.1877151263436366 
30.14  	 -0.1728001715510788 
30.15  	 -0.15539987918198 
30.16  	 -0.1357645129152905 
30.17  	 -0.1141764828871331 
30.18  	 -0.09094628386261194 
30.19  	 -0.06640802947399793 
30.2  	 -0.04091464675537862 
30.21  	 -0.01483280008900519 
30.22  	 0.01146238242858788 
30.23  	 0.03759270435192772 
30.24  	 0.06318234038308171 
30.25  	 0.08786324176455561 
30.26  	 0.1112804298243044 
30.27  	 0.1330971015372394 
30.28  	 0.1529994736713299 
30.29  	 0.1707012958462668 
30.3  	 0.1859479675945925 
30.31  	 0.1985202002107313 
30.32  	 0.2082371707205415 
30.33  	 0.2149591226087071 
30.34  	 0.2185893758984139 
30.35  	 0.2190757176728923 
30.36  	 0.2164111530393155 
30.37  	 0.2106340057341711 
30.38  	 0.2018273669231175 
30.39  	 0.1901179001230831 
30.4  	 0.1756740194351017 
30.41  	 0.1587034672898635 
30.42  	 0.1394503265446111 
30.43  	 0.1181915099055915 
30.44  	 0.09523277716767553 
30.45  	 0.07090433755433558 
30.46  	 0.04555610040789775 
30.47  	 0.0195526425386383 
30.48  	 -0.006732035384473851 
30.49  	 -0.0329198879837375 
30.5  	 -0.05863426249660903 
30.51  	 -0.08350531606995919 
30.52  	 -0.1071753351092269 
30.53  	 -0.1293038801757172 
30.54  	 -0.1495726824343861 
30.55  	 -0.1676902212278349 
30.56  	 -0.183395916938514 
30.57  	 -0.19646387883434 
30.58  	 -0.2067061539934834 
30.59  	 -0.2139754305799246 
30.6  	 -0.2181671565893211 
30.61  	 -0.2192210435917863 
30.62  	 -0.2171219338437547 
30.63  	 -0.2119000182974002 
30.64  	 -0.2036304023721106 
30.65  	 -0.1924320257333795 
30.66  	 -0.1784659516156532 
30.67  	 -0.1619330502933409 
30.68  	 -0.1430711100180041 
30.69  	 -0.1221514169742697 
30.7  	 -0.09947485344424069 
30.71  	 -0.07536757029905265 
30.72  	 -0.05017629605944936 
30.73  	 -0.02426334999347197 
30.74  	 0.001998569023249413 
30.75  	 0.02823174293426723 
30.76  	 0.0540588671185777 
30.77  	 0.07910847706052775 
30.78  	 0.1030202910230485 
30.79  	 0.1254503918819976 
30.8  	 0.1460761735926953 
30.81  	 0.1646009811449705 
30.82  	 0.1807583772715048 
30.83  	 0.1943159745425676 
30.84  	 0.2050787777311636 
30.85  	 0.212891988376293 
30.86  	 0.2176432312069619 
30.87  	 0.219264170405057 
30.88  	 0.2177314924606326 
30.89  	 0.2130672414836087 
30.9  	 0.2053385021491176 
30.91  	 0.1946564348366323 
30.92  	 0.1811746768402069 
30.93  	 0.165087132644801 
30.94  	 0.1466251850504851 
30.95  	 0.1260543672563561 
30.96  	 0.1036705437683308 
30.97  	 0.07979565506020848 
30.98  	 0.05477308719110325 
30.99  	 0.02896273297673945 
31  	 0.002735815748785304 
31.01  	 -0.0235304498497072 
31.02  	 -0.04945828324018224 
31.03  	 -0.07467477142415258 
31.04  	 -0.09881723248967307 
31.05  	 -0.1215384319668579 
31.06  	 -0.1425115770070166 
31.07  	 -0.1614350165554857 
31.08  	 -0.1780365799168481 
31.09  	 -0.1920774913121275 
31.1  	 -0.2033558041259877 
31.11  	 -0.2117093054499646 
31.12  	 -0.2170178491467027 
31.13  	 -0.2192050838791058 
31.14  	 -0.2182395512508301 
31.15  	 -0.2141351382637626 
31.16  	 -0.2069508775849427 
31.17  	 -0.1967900984956326 
31.18  	 -0.1837989407342107 
31.19  	 -0.168164252607839 
31.2  	 -0.1501109036039436 
31.21  	 -0.1298985501532002 
31.22  	 -0.107817901061535 
31.23  	 -0.08418653632418215 
31.24  	 -0.05934433945860724 
31.25  	 -0.03364860905213594 
31.26  	 -0.007468919833200884 
31.27  	 0.01881819282174731 
31.28  	 0.04483464849444641 
31.29  	 0.07020625955294064 
31.3  	 0.09456811299080464 
31.31  	 0.1175698188719399 
31.32  	 0.1388805498939868 
31.33  	 0.1581937995876793 
31.34  	 0.1752317907162456 
31.35  	 0.1897494704700931 
31.36  	 0.2015380349948181 
31.37  	 0.2104279325605 
31.38  	 0.2162913021781709 
31.39  	 0.2190438125897706 
31.4  	 0.2186458751817528 
31.41  	 0.2151032133773815 
