0.01  	 0.0008717198598940865 
0.02  	 0.003718762889008485 
0.03  	 0.008453959870221295 
0.04  	 0.01494416407854991 
0.05  	 0.02301298353407209 
0.06  	 0.0324443061718148 
0.07000000000000001  	 0.04298655586654714 
0.08  	 0.05435760526156123 
0.09  	 0.06625026056749542 
0.1  	 0.07833822408706649 
0.11  	 0.09028243232992805 
0.12  	 0.1017376613308615 
0.13  	 0.1123592862708993 
0.14  	 0.1218100797946852 
0.15  	 0.1297669325604779 
0.16  	 0.1359273805652768 
0.17  	 0.1400158266415237 
0.18  	 0.1417893481802035 
0.19  	 0.1410429895266563 
0.2  	 0.1376144455220904 
0.21  	 0.1313880522024985 
0.22  	 0.1222980115709686 
0.23  	 0.1103307894616637 
0.24  	 0.0955266386278365 
0.25  	 0.07798021311021212 
0.26  	 0.05784025446122487 
0.27  	 0.03530834529077502 
0.28  	 0.01063674063010242 
0.29  	 0.01587469745083374 
0.3  	 0.04388242192243276 
0.31  	 0.07300392545803616 
0.32  	 0.102823200275631 
0.33  	 0.1328968534428769 
0.34  	 0.1627607867924686 
0.35  	 0.1919373408087555 
0.36  	 0.2199427935683752 
0.37  	 0.2462950991818592 
0.38  	 0.2705217452996193 
0.39  	 0.292167606198083 
0.4  	 0.3108026668061705 
0.41  	 0.3260294937963658 
0.42  	 0.3374903325470885 
0.43  	 0.3448737133534537 
0.44  	 0.3479204566628966 
0.45  	 0.3464289752535332 
0.46  	 0.3402597810430607 
0.47  	 0.3293391154758144 
0.48  	 0.3136616350236791 
0.49  	 0.2932920970705128 
0.5  	 0.268366006129162 
0.51  	 0.2390891957494434 
0.52  	 0.2057363373870923 
0.53  	 0.1686483836814401 
0.54  	 0.1282289697921362 
0.55  	 0.0849398124296402 
0.5600000000000001  	 0.0392951617395844 
0.5700000000000001  	 0.008144623967883541 
0.58  	 0.05678029674219667 
0.59  	 0.1059816340920869 
0.6  	 0.1550959425390622 
0.61  	 0.2034570315702084 
0.62  	 0.2503945316725394 
0.63  	 0.2952434236710453 
0.64  	 0.337353642043691 
0.65  	 0.3760996123293829 
0.66  	 0.4108895822306601 
0.67  	 0.4411746075632923 
0.68  	 0.4664570578113004 
0.6900000000000001  	 0.4862985116692982 
0.7000000000000001  	 0.5003269205256138 
0.71  	 0.5082429272616954 
0.72  	 0.5098252388903703 
0.73  	 0.504934964276295 
0.74  	 0.4935188423011616 
0.75  	 0.4756113011573337 
0.76  	 0.4513353057613635 
0.77  	 0.4209019673424773 
0.78  	 0.3846089068376071 
0.79  	 0.3428373815620376 
0.8  	 0.2960482024662517 
0.8100000000000001  	 0.2447764868766734 
0.8200000000000001  	 0.1896253086946014 
0.8300000000000001  	 0.1312583243436013 
0.84  	 0.070391468070583 
0.85  	 0.007783824292528344 
0.86  	 0.05577220267126336 
0.87  	 0.1194612901234719 
0.88  	 0.1824560291918139 
0.89  	 0.2439280398548611 
0.9  	 0.3030592157142113 
0.91  	 0.3590529423610685 
0.92  	 0.4111451323114605 
0.93  	 0.458614920837487 
0.9400000000000001  	 0.500794870595821 
0.9500000000000001  	 0.5370805387107509 
0.96  	 0.5669392678376906 
0.97  	 0.5899180726138414 
0.98  	 0.6056505046660519 
0.99  	 0.6138623928346862 
1  	 0.6143763703040062 
1.01  	 0.6071151166988489 
1.02  	 0.592103260688853 
1.03  	 0.5694679069929338 
1.04  	 0.5394377706424738 
1.05  	 0.5023409206762273 
1.06  	 0.4586011548316276 
1.07  	 0.4087330459921498 
1.08  	 0.353335719876442 
1.09  	 0.2930854414454099 
1.1  	 0.2287271045010338 
1.11  	 0.1610647347112037 
1.12  	 0.0909511305906093 
1.13  	 0.01927677959095569 
1.14  	 0.05304180278035325 
1.15  	 0.125074154144703 
1.16  	 0.1958882034702935 
1.17  	 0.2645626987021831 
1.18  	 0.3301995541502758 
1.19  	 0.3919359483054939 
1.2  	 0.4489560054397791 
1.21  	 0.5005018993631665 
1.22  	 0.5458842249989388 
1.23  	 0.5844914929016322 
1.24  	 0.6157986133572728 
1.25  	 0.6393742501162929 
1.26  	 0.654886938935495 
1.27  	 0.6621098827399876 
1.28  	 0.6609243531311322 
1.29  	 0.6513216469155454 
1.3  	 0.6334035660511861 
1.31  	 0.6073814096260992 
1.32  	 0.5735734869223628 
1.33  	 0.5324011809873099 
1.34  	 0.484383612151575 
1.35  	 0.430130970318596 
1.36  	 0.3703366033308386 
1.37  	 0.3057679660341855 
1.38  	 0.2372565505694947 
1.39  	 0.1656869326943115 
1.4  	 0.09198508137570646 
1.41  	 0.0171060893200899 
1.42  	 0.05797850963161368 
1.43  	 0.1322936643338775 
1.44  	 0.2048737958697756 
1.45  	 0.2747756760764669 
1.46  	 0.3410910196063928 
1.47  	 0.4029586177518296 
1.48  	 0.4595758483267038 
1.49  	 0.5102094042665528 
1.5  	 0.5542050941617057 
1.51  	 0.5909965805358033 
1.52  	 0.6201129361485196 
1.53  	 0.6411849147383729 
1.54  	 0.6539498502056994 
1.55  	 0.6582551170236819 
1.56  	 0.6540601043961776 
1.57  	 0.6414366770809132 
1.58  	 0.62056811658185 
1.59  	 0.5917465572959393 
1.6  	 0.5553689528863973 
1.61  	 0.5119316283588383 
1.62  	 0.4620234927565936 
1.63  	 0.4063180057963235 
1.64  	 0.3455640088780144 
1.65  	 0.2805755464860775 
1.66  	 0.2122208178333388 
1.67  	 0.1414104104943855 
1.68  	 0.06908497756346722 
1.69  	 0.003797472581251085 
1.7  	 0.0762744996256251 
1.71  	 0.1473921907172248 
1.72  	 0.2162179785261618 
1.73  	 0.2818531427185214 
1.74  	 0.3434448241573376 
1.75  	 0.4001973880759138 
1.76  	 0.4513829816645705 
1.77  	 0.4963511428446523 
1.78  	 0.5345373303132936 
1.79  	 0.5654702600416053 
1.8  	 0.588777950085293 
1.81  	 0.6041923935859734 
1.82  	 0.6115527989505385 
1.83  	 0.6108073561267912 
1.84  	 0.6020135083667422 
1.85  	 0.5853367295976105 
1.86  	 0.561047828214543 
1.87  	 0.529518818478939 
1.88  	 0.4912174204674699 
1.89  	 0.4467002683936511 
1.9  	 0.396604924853163 
1.91  	 0.3416408148794295 
1.92  	 0.2825792084104799 
1.93  	 0.2202423926582724 
1.94  	 0.1554921867596631 
1.95  	 0.0892179598247017 
1.96  	 0.02232431996416445 
1.97  	 0.04428135401262319 
1.98  	 0.1097013648399353 
1.99  	 0.1730599603191708 
2  	 0.2335152386112302 
2.01  	 0.2902705312973895 
2.02  	 0.3425851080042421 
2.03  	 0.3897840563538859 
2.04  	 0.4312672029909157 
2.05  	 0.4665169552801435 
2.06  	 0.4951049587642122 
2.07  	 0.5166974823967125 
2.08  	 0.5310594616822591 
2.09  	 0.5380571489021901 
2.1  	 0.5376593393124298 
2.11  	 0.5299371622889283 
2.12  	 0.5150624465815953 
2.13  	 0.4933046888345016 
2.14  	 0.4650266740562689 
2.15  	 0.4306788155052899 
2.16  	 0.3907922992259308 
2.17  	 0.3459711349854461 
2.18  	 0.2968832303863375 
2.19  	 0.2442506182566316 
2.2  	 0.1888389788663671 
2.21  	 0.1314466079255615 
2.22  	 0.07289298855869983 
2.23  	 0.01400713042681346 
2.24  	 0.04438415818438059 
2.25  	 0.1014678992040157 
2.26  	 0.1564563105068031 
2.27  	 0.2085977488896185 
2.28  	 0.2571870772926812 
2.29  	 0.3015753120598922 
2.3  	 0.341178416849706 
2.31  	 0.3754851224856985 
2.32  	 0.4040636663891993 
2.33  	 0.4265673610554774 
2.34  	 0.4427389180904475 
2.35  	 0.4524134723697845 
2.36  	 0.4555202696563262 
2.37  	 0.4520830002445881 
2.38  	 0.4422187806169411 
2.39  	 0.4261358044164971 
2.4  	 0.4041297029909629 
2.41  	 0.3765786740695572 
2.42  	 0.3439374545413484 
2.43  	 0.3067302295612351 
2.44  	 0.2655425850897198 
2.45  	 0.2210126242650085 
2.46  	 0.1738213795249317 
2.47  	 0.1246826619811685 
2.48  	 0.07433249706740783 
2.49  	 0.02351830083398143 
2.5  	 0.02701204562641048 
2.51  	 0.07652106530270178 
2.52  	 0.1242923410683311 
2.53  	 0.1696408049964656 
2.54  	 0.2119225139214843 
2.55  	 0.2505437719864478 
2.56  	 0.2849694709060349 
2.57  	 0.3147305304989557 
2.58  	 0.3394303355274046 
2.59  	 0.3587500798248252 
2.6  	 0.3724529448773874 
2.61  	 0.3803870572120699 
2.62  	 0.3824871868841748 
2.63  	 0.3787751677880624 
2.64  	 0.3693590391691213 
2.65  	 0.3544309263219402 
2.66  	 0.3342636967501222 
2.67  	 0.3092064457730651 
2.68  	 0.2796788824391723 
2.69  	 0.2461647024008574 
2.7  	 0.209204048897811 
2.71  	 0.1693851759743737 
2.72  	 0.127335439339461 
2.73  	 0.08371174970373739 
2.74  	 0.03919063086556039 
2.75  	 0.005541969838490774 
2.76  	 0.04980096792450948 
2.77  	 0.09291237322857718 
2.78  	 0.1342233159315017 
2.79  	 0.1731117200618841 
2.8  	 0.2089954829779858 
2.81  	 0.2413410269623758 
2.82  	 0.2696710986356505 
2.83  	 0.2935717032635378 
2.84  	 0.3126980740262771 
2.85  	 0.3267795907480464 
2.86  	 0.3356235782343097 
2.87  	 0.3391179310060704 
2.88  	 0.3372325286075292 
2.89  	 0.3300194235427658 
2.9  	 0.3176118020059334 
2.91  	 0.3002217356434623 
2.92  	 0.2781367603619622 
2.93  	 0.2517153354128005 
2.94  	 0.2213812523929944 
2.95  	 0.1876170791634013 
2.96  	 0.1509567377762684 
2.97  	 0.1119773281205025 
2.98  	 0.0712903199521923 
2.99  	 0.02953224512134599 
3  	 0.01264497099768722 
3.01  	 0.0545838947186604 
3.02  	 0.0956315387225054 
3.03  	 0.135149238169723 
3.04  	 0.1725223015315034 
3.05  	 0.207169292898582 
3.06  	 0.2385508081024246 
3.07  	 0.2661776145776431 
3.08  	 0.2896180343949879 
3.09  	 0.308504461160301 
3.1  	 0.3225389143403846 
3.11  	 0.3314975488525654 
3.12  	 0.3352340532309281 
3.13  	 0.3336818861315574 
3.14  	 0.3268553181203935 
3.15  	 0.3148492633485124 
3.16  	 0.2978379036020589 
3.17  	 0.2760721250557124 
3.18  	 0.2498758055982218 
3.19  	 0.2196410075794469 
3.2  	 0.1858221470018858 
3.21  	 0.1489292253092175 
3.22  	 0.10952022378837 
3.23  	 0.06819277299730139 
3.24  	 0.02557522037622834 
3.25  	 0.01768277186152375 
3.26  	 0.0609199594630359 
3.27  	 0.1034734354387562 
3.28  	 0.1446885890353532 
3.29  	 0.1839289567903437 
3.3  	 0.2205858195588408 
3.31  	 0.2540874030271789 
3.32  	 0.2839075449462517 
3.33  	 0.3095737000465362 
3.34  	 0.3306741632246262 
3.35  	 0.3468644029778826 
3.36  	 0.3578724100439781 
3.37  	 0.3635029805867561 
3.38  	 0.3636408688495241 
3.39  	 0.3582527607447819 
3.4  	 0.3473880371242527 
3.41  	 0.3311783132230804 
3.42  	 0.3098357587383072 
3.43  	 0.2836502209219717 
3.44  	 0.25298519068175 
3.45  	 0.2182726687295308 
3.46  	 0.1800070050514838 
3.47  	 0.1387378001542466 
3.48  	 0.0950619704486021 
3.49  	 0.04961509256001208 
3.5  	 0.003062152122324951 
3.51  	 0.04391216844225757 
3.52  	 0.09061352165919592 
3.53  	 0.1363480998176979 
3.54  	 0.1804328636232287 
3.55  	 0.2222056448090663 
3.56  	 0.2610349743814032 
3.57  	 0.2963294918899536 
3.58  	 0.3275467969477297 
3.59  	 0.3542016120871759 
3.6  	 0.375873135823397 
3.61  	 0.3922114763590162 
3.62  	 0.4029430695432951 
3.63  	 0.4078749993011541 
3.64  	 0.4068981545653708 
3.65  	 0.3999891735492662 
3.66  	 0.3872111437449252 
3.67  	 0.3687130440697114 
3.68  	 0.344727933850287 
3.69  	 0.3155699115638717 
3.7  	 0.2816298841864462 
3.71  	 0.2433702053666365 
3.72  	 0.2013182571993277 
3.73  	 0.1560590658736829 
3.74  	 0.1082270556897341 
3.75  	 0.05849705866854919 
3.76  	 0.007574708036175357 
3.77  	 0.04381364692104206 
3.78  	 0.09493135988910126 
3.79  	 0.145042090544973 
3.8  	 0.1934204386577585 
3.81  	 0.2393624555737703 
3.82  	 0.2821958808129089 
3.83  	 0.3212899551337153 
3.84  	 0.3560646672092385 
3.85  	 0.3859992989150792 
3.86  	 0.4106401440543781 
3.87  	 0.4296072869931478 
3.88  	 0.4426003409878088 
3.89  	 0.4494030607656266 
3.9  	 0.4498867599568674 
3.91  	 0.4440124810454774 
3.92  	 0.4318318833584532 
3.93  	 0.4134868329965098 
3.94  	 0.3892076972561187 
3.95  	 0.3593103647371351 
3.96  	 0.3241920307025595 
3.97  	 0.2843258050924075 
3.98  	 0.240254217634786 
3.99  	 0.1925817104973966 
4  	 0.1419662236503837 
4.01  	 0.08910999135262929 
4.02  	 0.03474967973602756 
4.03  	 0.02035399482297393 
4.04  	 0.07542701913038985 
4.05  	 0.1296930553647004 
4.06  	 0.1823844755606177 
4.07  	 0.2327533007230591 
4.08  	 0.2800818879738706 
4.09  	 0.3236932124472596 
4.1  	 0.3629605961668791 
4.11  	 0.3973167437812286 
4.12  	 0.4262619546979211 
4.13  	 0.4493713927053725 
4.14  	 0.4663013074391963 
4.15  	 0.4767941168523055 
4.16  	 0.4806822759716889 
4.17  	 0.4778908744419771 
4.18  	 0.4684389234204873 
4.19  	 0.4524393110428186 
4.2  	 0.430097424655602 
4.21  	 0.4017084570422342 
4.22  	 0.3676534326759247 
4.23  	 0.3283940083525266 
4.24  	 0.2844661201205914 
4.25  	 0.2364725649856753 
4.26  	 0.185074621181997 
4.27  	 0.1309828246565529 
4.28  	 0.07494703159914788 
4.29  	 0.01774590720019184 
4.3  	 0.03982401082294 
4.31  	 0.09695951914281863 
4.32  	 0.1528620673487742 
4.33  	 0.2067490274680144 
4.34  	 0.257864754372914 
4.350000000000001  	 0.3054912797591131 
4.36  	 0.3489584874186726 
4.37  	 0.3876536247492939 
4.38  	 0.4210300147330552 
4.39  	 0.4486148438552899 
4.4  	 0.4700159144572613 
4.41  	 0.4849272646403003 
4.42  	 0.493133574856841 
4.43  	 0.4945132975071657 
4.44  	 0.4890404639655337 
4.45  	 0.4767851422275717 
4.46  	 0.4579125375350326 
4.47  	 0.4326807476208829 
4.48  	 0.4014372033519976 
4.49  	 0.3646138442552272 
4.5  	 0.3227210964281356 
4.51  	 0.2763407374006806 
4.52  	 0.2261177483845225 
4.53  	 0.172751268795462 
4.54  	 0.1169847807546983 
4.55  	 0.05959566228280398 
4.56  	 0.001384256938064706 
4.57  	 0.05683738541087814 
4.58  	 0.1142569372500593 
4.59  	 0.1700732296245335 
4.600000000000001  	 0.2235075338180016 
4.61  	 0.2738145285852031 
4.62  	 0.3202927974338925 
4.63  	 0.3622947070877891 
4.64  	 0.3992355270178051 
4.65  	 0.4306016606818737 
4.66  	 0.4559578717106262 
4.67  	 0.4749534025382327 
4.68  	 0.4873268987012941 
4.69  	 0.4929100689902666 
4.7  	 0.4916300295954216 
4.71  	 0.4835102990870211 
4.72  	 0.4686704302405424 
4.73  	 0.4473242840890738 
4.74  	 0.4197769708800947 
4.75  	 0.3864205015575953 
4.76  	 0.347728211712633 
4.77  	 0.3042480373845979 
4.78  	 0.2565947384029777 
4.79  	 0.2054411799025345 
4.8  	 0.151508796010738 
4.81  	 0.09555737130392845 
4.82  	 0.03837428529341371 
4.83  	 0.01923662720395138 
4.84  	 0.07646644154148764 
4.850000000000001  	 0.1325125731371987 
4.86  	 0.1865901095017731 
4.87  	 0.237942883569725 
4.88  	 0.2858541312495938 
4.89  	 0.3296565820928211 
4.9  	 0.3687418401163152 
4.91  	 0.4025689219837615 
4.92  	 0.4306718318103183 
4.93  	 0.4526660656311607 
4.94  	 0.4682539538698009 
4.95  	 0.4772287667379725 
4.96  	 0.4794775251579719 
4.97  	 0.4749824782680847 
4.98  	 0.4638212275881002 
4.99  	 0.446165497213114 
5  	 0.4222785686942165 
5.01  	 0.3925114182787396 
5.02  	 0.3572976126489378 
5.03  	 0.3171470369527897 
5.04  	 0.2726385455120128 
5.05  	 0.2244116408840506 
5.06  	 0.1731573007283338 
5.07  	 0.1196080839870582 
5.08  	 0.06452765806475641 
5.09  	 0.008699896835402534 
5.100000000000001  	 0.04708229469549603 
5.11  	 0.1020282694774145 
5.12  	 0.1553608801674518 
5.13  	 0.2063275132831673 
5.14  	 0.2542107585960033 
5.15  	 0.298338561956136 
5.16  	 0.3380937172559919 
5.17  	 0.3729225628137529 
5.18  	 0.4023427589510535 
5.19  	 0.4259500367857734 
5.2  	 0.4434238230701568 
5.21  	 0.4545316620638247 
5.22  	 0.4591323727082147 
5.23  	 0.4571778975156294 
5.24  	 0.4487138183419109 
5.25  	 0.4338785333078274 
5.26  	 0.4129011082968224 
5.27  	 0.3860978354112856 
5.28  	 0.3538675492445866 
5.29  	 0.3166857695572852 
5.3  	 0.2750977556798435 
5.31  	 0.2297105734612873 
5.32  	 0.1811842896228703 
5.33  	 0.1302224207569766 
5.34  	 0.07756177475868638 
5.350000000000001  	 0.02396183103981445 
5.36  	 0.02980618766767541 
5.37  	 0.08297039485212028 
5.38  	 0.1347693120359512 
5.39  	 0.1844627740721645 
5.4  	 0.2313425116906176 
5.41  	 0.274742259858322 
5.42  	 0.3140472474843723 
5.43  	 0.3487029330336282 
5.44  	 0.3782228615834548 
5.45  	 0.4021955316051407 
5.46  	 0.4202901740920495 
5.47  	 0.4322613623829934 
5.48  	 0.4379523879147599 
5.49  	 0.4372973549389108 
5.5  	 0.4303219656983708 
5.51  	 0.4171429864133462 
5.52  	 0.3979664034024275 
5.53  	 0.3730842974906161 
5.54  	 0.3428704832609094 
5.55  	 0.3077749774257986 
5.56  	 0.2683173773751443 
5.57  	 0.2250792465570673 
5.58  	 0.1786956175448352 
5.59  	 0.1298457362324539 
5.600000000000001  	 0.07924318140448233 
5.61  	 0.02762550278758649 
5.62  	 0.02425647251392116 
5.63  	 0.07564951066485685 
5.64  	 0.1258088618918019 
5.65  	 0.1740090143442168 
5.66  	 0.2195541560676353 
5.67  	 0.2617881944841368 
5.68  	 0.3001041892924486 
5.69  	 0.3339530632884549 
5.7  	 0.3628514661408145 
5.71  	 0.3863886784832402 
5.72  	 0.4042324576260372 
5.73  	 0.4161337415428162 
5.74  	 0.4219301443319532 
5.75  	 0.4215481938471499 
5.76  	 0.4150042803848206 
5.77  	 0.4024043039453314 
5.78  	 0.3839420263816201 
5.79  	 0.3598961534414346 
5.8  	 0.3306261900289673 
5.81  	 0.2965671296940624 
5.82  	 0.2582230561480706 
5.83  	 0.2161597502628951 
5.84  	 0.1709964103090015 
5.850000000000001  	 0.1233966059233562 
5.86  	 0.07405859728682221 
5.87  	 0.02370516007458614 
5.88  	 0.02692693620703158 
5.89  	 0.07709764396945087 
5.9  	 0.1260743921390137 
5.91  	 0.1731427238984143 
5.92  	 0.2176166636508527 
5.93  	 0.2588486632894447 
5.94  	 0.296238984022256 
5.95  	 0.3292443782442279 
5.96  	 0.357385946141795 
5.97  	 0.3802560537162344 
5.98  	 0.3975242125436382 
5.99  	 0.4089418366556907 
6  	 0.4143458082079049 
6.01  	 0.4136608008653415 
6.02  	 0.4069003278304157 
6.03  	 0.3941664999031553 
6.04  	 0.375648497634489 
6.05  	 0.3516197802381617 
6.06  	 0.3224340721980087 
6.07  	 0.2885201861809982 
6.08  	 0.2503757576873938 
6.09  	 0.2085599825951706 
6.100000000000001  	 0.1636854631594062 
6.11  	 0.1164092809012718 
6.12  	 0.06742342597966297 
6.13  	 0.01744472192095268 
6.140000000000001  	 0.03279560814503239 
6.15  	 0.08256258243662362 
6.16  	 0.1311281543835338 
6.17  	 0.1777818043871442 
6.18  	 0.2218408759658874 
6.19  	 0.2626605064957065 
6.2  	 0.2996430086426378 
6.21  	 0.3322465665514333 
6.22  	 0.359993120785618 
6.23  	 0.3824753277665713 
6.24  	 0.3993624928624423 
6.25  	 0.4104053911379271 
6.26  	 0.4154399058786244 
6.27  	 0.4143894321160423 
6.28  	 0.407266010254092 
6.29  	 0.3941701732769327 
6.3  	 0.3752895096357642 
6.31  	 0.3508959624996639 
6.32  	 0.3213419043444384 
6.33  	 0.2870550435793827 
6.34  	 0.2485322368189683 
6.350000000000001  	 0.2063322962504024 
6.36  	 0.1610678961000521 
6.37  	 0.1133966952514061 
6.38  	 0.06401180442632838 
6.390000000000001  	 0.01363173584545863 
6.4  	 0.03701001920467911 
6.41  	 0.08717563405934747 
6.42  	 0.1361336575480441 
6.43  	 0.1831696369762325 
6.44  	 0.2275964993763958 
6.45  	 0.2687645406472703 
6.46  	 0.3060708778325476 
6.47  	 0.3389682275155091 
6.48  	 0.3669728830124885 
6.49  	 0.389671774596192 
6.5  	 0.4067285102030018 
6.51  	 0.4178883087860893 
6.52  	 0.4229817544562982 
6.53  	 0.4219273165748312 
6.54  	 0.4147325987803825 
6.55  	 0.4014942982913863 
6.56  	 0.382396875456652 
6.57  	 0.3577099521660055 
6.58  	 0.3277844761075754 
6.59  	 0.2930477057049276 
6.600000000000001  	 0.2539970876275727 
6.61  	 0.2111931147962223 
6.62  	 0.1652512675678066 
6.63  	 0.1168331540716189 
6.640000000000001  	 0.06663697728474664 
6.65  	 0.01538746621410594 
6.66  	 0.03617458364739041 
6.67  	 0.0873030097151786 
6.68  	 0.1372570671497057 
6.69  	 0.1853121434212111 
6.7  	 0.2307702478285949 
6.71  	 0.2729701243718066 
6.72  	 0.3112968417390064 
6.73  	 0.3451907216430712 
6.74  	 0.3741554762200127 
6.75  	 0.3977654365482208 
6.76  	 0.4156717673994225 
6.77  	 0.4276075779021591 
6.78  	 0.433391853676812 
6.79  	 0.4329321529594709 
6.8  	 0.4262260270260488 
6.81  	 0.4133611436018877 
6.82  	 0.3945141106310515 
6.83  	 0.3699480165143331 
6.84  	 0.3400087214358197 
6.850000000000001  	 0.3051199524177666 
6.86  	 0.2657772720128597 
6.87  	 0.2225410068124321 
6.88  	 0.1760282369843278 
6.890000000000001  	 0.1269039616377167 
6.9  	 0.07587156674798846 
6.91  	 0.02366273249066155 
6.92  	 0.02897307501767333 
6.93  	 0.08127937650875687 
6.94  	 0.1325035619280338 
6.95  	 0.1819077257593718 
6.96  	 0.2287792992845289 
6.97  	 0.2724413265915356 
6.98  	 0.3122622361913623 
6.99  	 0.3476649672824014 
7  	 0.378135318914464 
7.01  	 0.4032294014166252 
7.02  	 0.4225800823070317 
7.03  	 0.435902333313205 
7.04  	 0.4429974008918723 
7.05  	 0.4437557395214321 
7.06  	 0.4381586648054163 
7.07  	 0.4262787018163414 
7.08  	 0.4082786228618801 
7.09  	 0.3844091876996102 
7.100000000000001  	 0.3550056178916804 
7.11  	 0.3204828552080629 
7.12  	 0.2813296714943191 
7.13  	 0.2381017139651065 
7.140000000000001  	 0.1914135852296018 
7.15  	 0.1419300712784348 
7.16  	 0.09035664296314912 
7.17  	 0.03742936700087859 
7.18  	 0.01609562891249541 
7.19  	 0.06945298582178 
7.2  	 0.1218790826984952 
7.21  	 0.1726229876516127 
7.22  	 0.2209572339072208 
7.23  	 0.266188265747173 
7.24  	 0.3076664042682971 
7.25  	 0.3447951896541139 
7.26  	 0.3770399655430648 
7.27  	 0.4039355819037571 
7.28  	 0.4250931054335454 
7.29  	 0.4402054407015313 
7.3  	 0.449051780856933 
7.31  	 0.4515008234951811 
7.32  	 0.4475127049762341 
7.33  	 0.4371396248685891 
7.34  	 0.4205251509842868 
7.350000000000001  	 0.3979022144050993 
7.36  	 0.3695898227060808 
7.37  	 0.3359885379894755 
7.38  	 0.2975747840852358 
7.390000000000001  	 0.2548940640989962 
7.4  	 0.2085531851523108 
7.41  	 0.1592116014382229 
7.42  	 0.1075719994021403 
7.43  	 0.05437025977116636 
7.44  	 0.000364940137143414 
7.45  	 0.05367357127961057 
7.46  	 0.1069740752974122 
7.47  	 0.1587755969504779 
7.48  	 0.2083382779892741 
7.49  	 0.2549539705209883 
7.5  	 0.2979563798530639 
7.51  	 0.3367306110302303 
7.52  	 0.3707219820726443 
7.53  	 0.3994439774075274 
7.54  	 0.4224852272891972 
7.55  	 0.4395154129460811 
7.56  	 0.4502900125785091 
7.57  	 0.4546538199369329 
7.58  	 0.4525431847988056 
7.59  	 0.4439869429810995 
7.600000000000001  	 0.4291060223116479 
7.61  	 0.4081117299665147 
7.62  	 0.3813027454899151 
7.63  	 0.3490608623764514 
7.640000000000001  	 0.311845539046092 
7.65  	 0.2701873371225538 
7.66  	 0.224680340890494 
7.67  	 0.1759736664266801 
7.68  	 0.1247621819652878 
7.69  	 0.07177657237984375 
7.7  	 0.01777289008148361 
7.71  	 0.03647825799014126 
7.72  	 0.09020273237704959 
7.73  	 0.1426339341997134 
7.74  	 0.193023770683096 
7.75  	 0.2406533559875622 
7.76  	 0.2848432940074848 
7.77  	 0.3249633957875808 
7.78  	 0.3604416923081624 
7.79  	 0.3907726134897548 
7.8  	 0.4155242162197579 
7.81  	 0.4343443578378025 
7.82  	 0.4469657266362473 
7.83  	 0.4532096573212616 
7.84  	 0.4529886768026277 
7.850000000000001  	 0.4463077438869687 
7.86  	 0.4332641651781376 
7.87  	 0.4140461884712298 
7.88  	 0.3889302938906415 
7.890000000000001  	 0.3582772216956468 
7.9  	 0.3225267937909949 
7.91  	 0.2821916032752128 
7.92  	 0.2378496625872529 
7.930000000000001  	 0.1901361157400935 
7.94  	 0.1397341335435582 
7.95  	 0.08736512242542366 
7.96  	 0.03377838729226727 
7.97  	 0.0202596033123757 
7.98  	 0.07397619580621947 
7.99  	 0.1266036164975808 
8  	 0.1773899642007027 
8.01  	 0.2256099729486419 
8.02  	 0.2705753905334496 
8.029999999999999  	 0.3116448241348466 
8.040000000000001  	 0.3482329119641089 
8.050000000000001  	 0.3798186895390785 
8.06  	 0.4059530307799546 
8.07  	 0.4262650574071258 
8.08  	 0.4404674249414509 
8.09  	 0.4483604097404909 
8.1  	 0.4498347387199135 
8.109999999999999  	 0.4448731214602145 
8.120000000000001  	 0.4335504630257708 
8.130000000000001  	 0.416032754758539 
8.140000000000001  	 0.3925746592805187 
8.15  	 0.3635158246750811 
8.16  	 0.3292759810482132 
8.17  	 0.2903488901351534 
8.18  	 0.2472952350649512 
8.19  	 0.2007345525891286 
8.199999999999999  	 0.1513363238028705 
8.210000000000001  	 0.09981035144115066 
8.220000000000001  	 0.04689656204504532 
8.23  	 0.006645620481456947 
8.24  	 0.0600481772838842 
8.25  	 0.1125455163720733 
8.26  	 0.1633854555927839 
8.27  	 0.2118400091108507 
8.279999999999999  	 0.2572158226087762 
8.290000000000001  	 0.2988641074964342 
8.300000000000001  	 0.3361899316535079 
8.31  	 0.3686607335033437 
8.32  	 0.3958139374040194 
8.33  	 0.4172635612803817 
8.34  	 0.4327057219226012 
8.35  	 0.4419229592343358 
8.359999999999999  	 0.4447873176986445 
8.370000000000001  	 0.4412621411981588 
8.380000000000001  	 0.4314025558207574 
8.390000000000001  	 0.4153546341372842 
8.4  	 0.3933532533827251 
8.41  	 0.3657186787343537 
8.42  	 0.3328519211902221 
8.43  	 0.2952289371458683 
8.44  	 0.253393753393529 
8.449999999999999  	 0.2079506166877048 
8.460000000000001  	 0.159555281012264 
8.470000000000001  	 0.1089055580465648 
8.48  	 0.05673126688369437 
8.49  	 0.003783727652007018 
8.5  	 0.04917504979217828 
8.51  	 0.1013833265904189 
8.52  	 0.1520905874102674 
8.529999999999999  	 0.2005683273196794 
8.540000000000001  	 0.2461205179756005 
8.550000000000001  	 0.2880936027467795 
8.56  	 0.325885877204162 
8.57  	 0.3589561202877989 
8.58  	 0.3868313522699791 
8.59  	 0.4091136082235264 
8.6  	 0.4254856298911336 
8.609999999999999  	 0.435715394431755 
8.620000000000001  	 0.4396594152691828 
8.630000000000001  	 0.4372647679448985 
8.640000000000001  	 0.4285698122277677 
8.65  	 0.4137036004931327 
8.66  	 0.3928839812834412 
8.67  	 0.3664144257299153 
8.68  	 0.3346796228800433 
8.69  	 0.2981399076747304 
8.700000000000001  	 0.2573246020973708 
8.710000000000001  	 0.2128243656337462 
8.720000000000001  	 0.1652826654120108 
8.73  	 0.1153864890317082 
8.74  	 0.06385643395817334 
8.75  	 0.01143631629786077 
8.76  	 0.04111755134730497 
8.77  	 0.09304725852108757 
8.779999999999999  	 0.1436042151196132 
8.790000000000001  	 0.1920599319876226 
8.800000000000001  	 0.2377165087441148 
8.81  	 0.2799166779254453 
8.82  	 0.3180532609526696 
8.83  	 0.3515778999273721 
8.84  	 0.3800089397128503 
8.85  	 0.4029383470151964 
8.859999999999999  	 0.4200375670647205 
8.870000000000001  	 0.4310622338122403 
8.880000000000001  	 0.4358556660764165 
8.890000000000001  	 0.4343510995696467 
8.9  	 0.4265726229391739 
8.91  	 0.4126348046248971 
8.92  	 0.3927410161871495 
8.93  	 0.3671804765251822 
8.94  	 0.3363240598201067 
8.950000000000001  	 0.3006189278296508 
8.960000000000001  	 0.2605820640803231 
8.970000000000001  	 0.2167928033019617 
8.98  	 0.1698844639029936 
8.99  	 0.120535204184111 
9  	 0.06945823414808865 
9.01  	 0.01739152402355486 
9.02  	 0.03491284215228233 
9.029999999999999  	 0.08669951445646323 
9.040000000000001  	 0.1372207701924917 
9.050000000000001  	 0.1857472952460792 
9.06  	 0.2315786983688692 
9.07  	 0.2740536069406128 
9.08  	 0.3125591988071456 
9.09  	 0.3465400329309573 
9.1  	 0.3755060517064107 
9.109999999999999  	 0.3990396397367558 
9.120000000000001  	 0.4168016374729177 
9.130000000000001  	 0.4285362231785828 
9.140000000000001  	 0.4340745929954362 
9.15  	 0.4333373862015506 
9.16  	 0.426335820835589 
9.17  	 0.4131715234391378 
9.18  	 0.3940350554817774 
9.19  	 0.3692031578074547 
9.200000000000001  	 0.3390347529060748 
9.210000000000001  	 0.303965762705193 
9.220000000000001  	 0.2645028166356326 
9.23  	 0.2212159407062735 
9.24  	 0.1747303329970777 
9.25  	 0.1257173441344967 
9.26  	 0.07488479276029571 
9.27  	 0.02296675557889725 
9.279999999999999  	 0.02928702086819101 
9.290000000000001  	 0.08112193410830301 
9.300000000000001  	 0.1317894094850745 
9.31  	 0.1805576969069395 
9.32  	 0.2267224250128156 
9.33  	 0.2696167606689985 
9.34  	 0.3086210273988939 
9.35  	 0.3431716441432546 
9.359999999999999  	 0.37276925554058 
9.370000000000001  	 0.3969859365642809 
9.380000000000001  	 0.4154713676873558 
9.390000000000001  	 0.4279578915747018 
9.4  	 0.4342643784142061 
9.41  	 0.4342988441586015 
9.42  	 0.4280597839134012 
9.43  	 0.4156362012136384 
9.44  	 0.3972063327170369 
9.450000000000001  	 0.3730350866331696 
9.460000000000001  	 0.3434702317366296 
9.470000000000001  	 0.3089373918103846 
9.48  	 0.2699339175742356 
9.49  	 0.2270217243248286 
9.5  	 0.1808191984151986 
9.51  	 0.1319922891186791 
9.52  	 0.08124491416107629 
9.529999999999999  	 0.02930881709723042 
9.540000000000001  	 0.02306697738904293 
9.550000000000001  	 0.0751269583829164 
9.56  	 0.1261200183428892 
9.57  	 0.1753102805455119 
9.58  	 0.2219877083893433 
9.59  	 0.2654783437073925 
9.6  	 0.3051540265689284 
9.609999999999999  	 0.3404414565075321 
9.620000000000001  	 0.3708304645854335 
9.630000000000001  	 0.3958813770581443 
9.640000000000001  	 0.4152313644749136 
9.65  	 0.42859968465137 
9.66  	 0.4357917438710195 
9.67  	 0.4367019176825711 
9.68  	 0.4313150905158863 
9.69  	 0.4197068917835299 
9.700000000000001  	 0.4020426249019987 
9.710000000000001  	 0.3785749044866437 
9.720000000000001  	 0.3496400355761277 
9.73  	 0.3156531868582336 
9.74  	 0.2771024272381368 
9.75  	 0.234541711462874 
9.76  	 0.188582915655864 
9.77  	 0.1398870373050136 
9.779999999999999  	 0.08915468629006293 
9.790000000000001  	 0.03711600375587793 
9.800000000000001  	 0.01547984610879976 
9.81  	 0.06787546016222408 
9.82  	 0.1193161010554423 
9.83  	 0.169060565662851 
9.84  	 0.2163918607305483 
9.85  	 0.2606275320309629 
9.859999999999999  	 0.3011294982802603 
9.870000000000001  	 0.3373132481843489 
9.880000000000001  	 0.3686562681277414 
9.890000000000001  	 0.3947055790756498 
9.9  	 0.415084274064453 
9.91  	 0.4294969620252208 
9.92  	 0.437734039412268 
9.93  	 0.4396747279678982 
9.94  	 0.4352888347029131 
9.950000000000001  	 0.4246372085548089 
9.960000000000001  	 0.4078708869374438 
9.970000000000001  	 0.3852289442475348 
9.98  	 0.3570350730733828 
9.99  	 0.3236929470909325 
10  	 0.2856804321692207 
10.01  	 0.2435427287889752 
10.02  	 0.1978845442660137 
10.03  	 0.1493614072436371 
10.04  	 0.09867024927425116 
10.05  	 0.04653938887207151 
10.06  	 0.006281937966317824 
10.07  	 0.05903435023207496 
10.08  	 0.1109592424442924 
10.09  	 0.1613096961883375 
10.1  	 0.2093612256885825 
10.11  	 0.2544222028179338 
10.12  	 0.2958438115369497 
10.13  	 0.3330293885040285 
10.14  	 0.3654430154083625 
10.15  	 0.3926172393223894 
10.16  	 0.4141598098962848 
10.17  	 0.4297593363431405 
10.18  	 0.4391897826872271 
10.19  	 0.4423137364457967 
10.2  	 0.4390844035471766 
10.21  	 0.4295463006009529 
10.22  	 0.4138346343664974 
10.23  	 0.3921733771445748 
10.24  	 0.3648720655717752 
10.25  	 0.3323213686593212 
10.26  	 0.2949874886222366 
10.27  	 0.2534054748372665 
10.28  	 0.2081715469067609 
10.29  	 0.1599345370659185 
10.3  	 0.1093865748471666 
10.31  	 0.05725314782540315 
10.32  	 0.004282681254906596 
10.33  	 0.04876421365747265 
10.34  	 0.1011256683165876 
10.35  	 0.1520495050545262 
10.36  	 0.2008040478097251 
10.37  	 0.2466886397435933 
10.38  	 0.2890437165651343 
10.39  	 0.3272602907054949 
10.4  	 0.3607887099390659 
10.41  	 0.3891465644646739 
10.42  	 0.4119256286893719 
10.43  	 0.4287977378230874 
10.44  	 0.4395195146954828 
10.45  	 0.4439358787268838 
10.46  	 0.4419822864856154 
10.47  	 0.4336856714930126 
10.48  	 0.4191640696326511 
10.49  	 0.3986249354132194 
10.5  	 0.3723621731533222 
10.51  	 0.34075192563075 
10.52  	 0.3042471806027456 
10.53  	 0.2633712726007009 
10.54  	 0.2187103732880642 
10.55  	 0.1709050782156083 
10.56  	 0.1206412108042215 
10.57  	 0.06863997564566847 
10.58  	 0.01564760257342214 
10.59  	 0.03757536971511097 
10.6  	 0.09026501651284526 
10.61  	 0.1416649994838253 
10.62  	 0.1910374308988471 
10.63  	 0.2376734735987148 
10.64  	 0.280903524346916 
10.65  	 0.320106834212286 
10.66  	 0.3547204277054213 
10.67  	 0.3842471924634779 
10.68  	 0.4082630231924292 
10.69  	 0.4264229171622296 
10.7  	 0.4384659336137647 
10.71  	 0.4442189457600542 
10.72  	 0.4435991314137002 
10.73  	 0.4366151663984054 
10.74  	 0.4233671035440741 
10.75  	 0.4040449389546232 
10.76  	 0.3789258861035211 
10.77  	 0.3483703968831892 
10.78  	 0.3128169867436342 
10.79  	 0.272775938244175 
10.8  	 0.2288219734629409 
10.81  	 0.1815860005296535 
10.82  	 0.1317460528558934 
10.83  	 0.08001755124129264 
10.84  	 0.02714302876754381 
10.85  	 0.02611853388508438 
10.86  	 0.07900260946320217 
10.87  	 0.130750104873987 
10.88  	 0.1806182638460581 
10.89  	 0.2278913348573468 
10.9  	 0.271890851042183 
10.91  	 0.3119853743655636 
10.92  	 0.3475995640514452 
10.93  	 0.378222438963303 
10.94  	 0.4034147152193964 
10.95  	 0.4228151136159775 
10.96  	 0.4361455462375491 
10.97  	 0.4432151077418713 
10.98  	 0.4439228139868483 
10.99  	 0.4382590486698799 
11  	 0.4263056972189064 
11.01  	 0.4082349660412737 
11.02  	 0.3843069041304903 
11.03  	 0.3548656626803447 
11.04  	 0.3203345464925609 
11.05  	 0.2812099283276587 
11.06  	 0.2380541136888954 
11.07  	 0.1914872586119781 
11.08  	 0.1421784566410485 
11.09  	 0.09083612310905312 
11.1  	 0.03819781493654881 
11.11  	 0.0149803677280875 
11.12  	 0.06793464569884602 
11.13  	 0.1199045346286294 
11.14  	 0.1701437708572028 
11.15  	 0.2179310322116401 
11.16  	 0.2625802996935306 
11.17  	 0.303450711154947 
11.18  	 0.3399557653731758 
11.19  	 0.3715717442772139 
11.2  	 0.397845232323041 
11.21  	 0.4183996249974242 
11.22  	 0.4329405329653843 
11.23  	 0.4412600042550558 
11.24  	 0.4432395038673561 
11.25  	 0.4388516080622424 
11.26  	 0.4281603890515739 
11.27  	 0.4113204846549448 
11.28  	 0.3885748663787447 
11.29  	 0.3602513380882408 
11.3  	 0.3267578156888557 
11.31  	 0.2885764557533429 
11.32  	 0.2462567175749825 
11.33  	 0.2004074584547866 
11.34  	 0.1516881759229698 
11.35  	 0.1007995228520661 
11.36  	 0.04847323186466472 
11.37  	 0.004538406077453322 
11.38  	 0.05747335761531267 
11.39  	 0.1095708019534752 
11.4  	 0.1600820673381089 
11.41  	 0.2082813918266506 
11.42  	 0.25347635365951 
11.43  	 0.2950178213044803 
11.44  	 0.332309280160048 
11.45  	 0.364815401875533 
11.46  	 0.3920697331441901 
11.47  	 0.4136813934939514 
11.48  	 0.4293406858566823 
11.49  	 0.4388235393358191 
11.5  	 0.4419947203890094 
11.51  	 0.4388097663554391 
11.52  	 0.4293156136319549 
11.53  	 0.4136499115738531 
11.54  	 0.3920390320951616 
11.55  	 0.36479480369782 
11.56  	 0.3323100169993578 
11.57  	 0.2950527664912426 
11.58  	 0.2535597099906071 
11.59  	 0.2084283428061762 
11.6  	 0.1603083978013954 
11.61  	 0.1098924951002277 
11.62  	 0.05790617596308681 
11.63  	 0.005097464207499999 
11.64  	 0.04777389466745072 
11.65  	 0.09994736186909371 
11.66  	 0.1506725440292504 
11.67  	 0.1992199849322996 
11.68  	 0.244891655057801 
11.69  	 0.2870309880986632 
11.7  	 0.3250323201416618 
11.71  	 0.3583495957976797 
11.72  	 0.3865042161212761 
11.73  	 0.4090919155107716 
11.74  	 0.4257885687534437 
11.75  	 0.4363548447745093 
11.76  	 0.4406396402420366 
11.77  	 0.438582243733786 
11.78  	 0.4302131994340099 
11.79  	 0.4156538580355469 
11.8  	 0.3951146214061798 
11.81  	 0.3688919063664079 
11.82  	 0.3373638713485419 
11.83  	 0.3009849674991761 
11.84  	 0.2602793926927631 
11.85  	 0.2158335427002911 
11.86  	 0.1682875681769158 
11.87  	 0.1183261589882958 
11.88  	 0.06666868850301054 
11.89  	 0.01405885967748946 
11.9  	 0.03874599808145891 
11.91  	 0.09098582727623721 
11.92  	 0.1419087791001531 
11.93  	 0.1907820312971719 
11.94  	 0.2369023314748813 
11.95  	 0.2796061142039222 
11.96  	 0.318279046376381 
11.97  	 0.3523648635283699 
11.98  	 0.3813733700392384 
11.99  	 0.4048874881549077 
12  	 0.4225692544723358 
12.01  	 0.4341646776694084 
12.02  	 0.4395073876512466 
12.03  	 0.438521023674688 
12.04  	 0.4312203271570331 
12.05  	 0.4177109235121671 
12.06  	 0.3981877962186966 
12.07  	 0.37293247513945 
12.08  	 0.3423089796090063 
12.09  	 0.3067585747195496 
12.1  	 0.266793416307892 
12.11  	 0.2229891761322505 
12.12  	 0.1759767533961901 
12.13  	 0.1264331919185521 
12.14  	 0.07507193367263286 
12.15  	 0.02263254896142324 
12.16  	 0.03012990897903165 
12.17  	 0.08245577175730043 
12.18  	 0.1335916895997481 
12.19  	 0.18280147378887 
12.2  	 0.2293766917554326 
12.21  	 0.2726468623761567 
12.22  	 0.3119891047852935 
12.23  	 0.3468371018752016 
12.24  	 0.3766892495249702 
12.25  	 0.4011158743151256 
12.26  	 0.4197654158921846 
12.27  	 0.4323694850459118 
12.28  	 0.4387467247407189 
12.29  	 0.438805418567604 
12.3  	 0.4325448091066851 
12.31  	 0.4200551072533996 
12.32  	 0.401516192396731 
12.33  	 0.3771950221744856 
12.34  	 0.3474417890975198 
12.35  	 0.3126848793650042 
12.36  	 0.2734247064268265 
12.37  	 0.2302265080389868 
12.38  	 0.1837122104708194 
12.39  	 0.1345514769441168 
12.4  	 0.08345206912095043 
12.41  	 0.03114966034022588 
12.42  	 0.021602752809368 
12.43  	 0.07404568821386613 
12.44  	 0.1254241093033849 
12.45  	 0.1749982921714056 
12.46  	 0.2220544723693933 
12.47  	 0.2659151181726809 
12.48  	 0.3059486824881051 
12.49  	 0.34157869307541 
12.5  	 0.3722920502747872 
12.51  	 0.3976464128355212 
12.52  	 0.4172765655609204 
12.53  	 0.4308996771343802 
12.54  	 0.4383193724593714 
12.55  	 0.4394285609028434 
12.56  	 0.4342109797315298 
12.57  	 0.4227414305164352 
12.58  	 0.4051847050864473 
12.59  	 0.3817932164669436 
12.6  	 0.352903368872257 
12.61  	 0.3189307189638959 
12.62  	 0.280363997978253 
12.63  	 0.2377580807183301 
12.64  	 0.1917260025575855 
12.65  	 0.1429301393025881 
12.66  	 0.09207267680757161 
12.67  	 0.03988550745491682 
12.68  	 0.01288030113604682 
12.69  	 0.06546531365221053 
12.7  	 0.1171126553849529 
12.71  	 0.1670789040460893 
12.72  	 0.2146447883860054 
12.73  	 0.259125539674851 
12.74  	 0.2998807470988473 
12.75  	 0.336323575257739 
12.76  	 0.3679292111240156 
12.77  	 0.3942424189071503 
12.78  	 0.4148840940979872 
12.79  	 0.4295567223645431 
12.8  	 0.4380486647239926 
12.81  	 0.4402372072998181 
12.82  	 0.4360903317451579 
12.83  	 0.4256671808176338 
12.84  	 0.409117212362633 
12.85  	 0.3866780538310997 
12.86  	 0.3586720881530127 
12.87  	 0.3255018200397427 
12.88  	 0.2876440893351069 
12.89  	 0.2456432146234779 
12.9  	 0.2001031656952699 
12.91  	 0.1516788774440183 
12.92  	 0.101066830124062 
12.93  	 0.04899503145571075 
12.94  	 0.0037874553259481 
12.95  	 0.05652128684617981 
12.96  	 0.1084477633872865 
12.97  	 0.1588197439644684 
12.98  	 0.2069123956587885 
12.99  	 0.2520336225643406 
13  	 0.2935340243103433 
13.01  	 0.3308162408812476 
13.02  	 0.3633435492811273 
13.03  	 0.3906475883464453 
13.04  	 0.4123351005485965 
13.05  	 0.4280935937642902 
13.06  	 0.4376958415245245 
13.07  	 0.4410031569582007 
13.08  	 0.4379673932840707 
13.09  	 0.4286316420210529 
13.1  	 0.4131296188184511 
13.11  	 0.3916837456849933 
13.12  	 0.3646019571471417 
13.13  	 0.3322732762233003 
13.14  	 0.2951622237971444 
13.15  	 0.2538021417558546 
13.16  	 0.2087875258861057 
13.17  	 0.1607654787674405 
13.18  	 0.1104264055641491 
13.19  	 0.05849408651102465 
13.2  	 0.005715268858156767 
13.21  	 0.04715107204309589 
13.22  	 0.09934464806688471 
13.23  	 0.1501147930635648 
13.24  	 0.1987312597607257 
13.25  	 0.2444947235181641 
13.26  	 0.2867468418516246 
13.27  	 0.3248797250241209 
13.28  	 0.3583446814693987 
13.29  	 0.386660112237374 
13.3  	 0.4094184408865126 
13.31  	 0.4262919791171027 
13.32  	 0.4370376437428025 
13.33  	 0.4415004571155853 
13.34  	 0.4396157806138541 
13.35  	 0.4314102490232312 
13.36  	 0.4170013923225662 
13.37  	 0.3965959502651454 
13.38  	 0.3704869039455517 
13.39  	 0.3390492669956507 
13.4  	 0.3027346968933906 
13.41  	 0.2620650038388895 
13.42  	 0.2176246505095544 
13.43  	 0.1700523505215955 
13.44  	 0.1200318863906642 
13.45  	 0.06828227901250251 
13.46  	 0.01554745001459274 
13.47  	 0.03741447437305109 
13.48  	 0.08984206412014586 
13.49  	 0.1409815341159742 
13.5  	 0.1900975833577849 
13.51  	 0.2364839687299198 
13.52  	 0.2794736613083624 
13.53  	 0.3184484391252923 
13.54  	 0.3528477784287047 
13.55  	 0.3821769155569839 
13.56  	 0.4060139634724379 
13.57  	 0.4240159805897893 
13.58  	 0.4359239045999346 
13.59  	 0.4415662803095256 
13.6  	 0.4408617278580737 
13.61  	 0.433820115787286 
13.62  	 0.4205424220615354 
13.63  	 0.4012192850059473 
13.64  	 0.3761282649682667 
13.65  	 0.3456298560514579 
13.66  	 0.3101623052392602 
13.67  	 0.2702353133881701 
13.68  	 0.2264227086398148 
13.69  	 0.1793541975863501 
13.7  	 0.1297063127853713 
13.71  	 0.07819268677972499 
13.72  	 0.02555379246469029 
13.73  	 0.02745370267867285 
13.74  	 0.08006781541027358 
13.75  	 0.1315322021902065 
13.76  	 0.1811070337387308 
13.77  	 0.228079632326184 
13.78  	 0.2717747188319337 
13.79  	 0.3115641222209329 
13.8  	 0.3468758118150023 
13.81  	 0.3772021224724441 
13.82  	 0.4021070543940301 
13.83  	 0.4212325425788167 
13.84  	 0.4343036057685751 
13.85  	 0.4411323008314217 
13.86  	 0.4416204257122025 
13.87  	 0.4357609320721085 
13.88  	 0.4236380272940853 
13.89  	 0.4054259643771532 
13.9  	 0.3813865371106453 
13.91  	 0.3518653165373064 
13.92  	 0.3172866828144365 
13.93  	 0.2781477239044618 
13.94  	 0.2350110888215283 
13.95  	 0.1884968981942279 
13.96  	 0.1392738284607272 
13.97  	 0.08804949789588401 
13.98  	 0.03556029270987387 
13.99  	 0.01743922049019507 
14  	 0.07018714363575565 
14.01  	 0.1219252015305654 
14.02  	 0.1719096440680362 
14.03  	 0.2194219395668146 
14.04  	 0.2637791054629455 
14.05  	 0.3043435278117783 
14.06  	 0.3405321284037368 
14.07  	 0.3718247476795156 
14.08  	 0.3977716229071263 
14.09  	 0.4179998540936618 
14.1  	 0.4322187646610841 
14.11  	 0.440224079808881 
14.12  	 0.4419008624883475 
14.13  	 0.4372251647788945 
14.14  	 0.426264370929506 
14.15  	 0.4091762271424022 
14.16  	 0.3862065720606487 
14.17  	 0.357685800605283 
14.18  	 0.3240241120217998 
14.19  	 0.2857056104787248 
14.2  	 0.2432813430608114 
14.21  	 0.1973613752792742 
14.22  	 0.1486060180612575 
14.23  	 0.09771633238169763 
14.24  	 0.04542404808724907 
14.25  	 0.00751895811511611 
14.26  	 0.06035147419447251 
14.27  	 0.1123138983847279 
14.28  	 0.1626591614272764 
14.29  	 0.2106634684063017 
14.3  	 0.2556367057115503 
14.31  	 0.2969323634807302 
14.32  	 0.333956830843067 
14.33  	 0.3661779303065754 
14.34  	 0.3931325685749018 
14.35  	 0.4144333937872224 
14.36  	 0.4297743634643623 
14.37  	 0.4389351431103614 
14.38  	 0.4417842722356552 
14.39  	 0.4382810522943256 
14.4  	 0.4284761294083379 
14.41  	 0.4125107635220768 
14.42  	 0.3906147945208579 
14.43  	 0.3631033345857293 
14.44  	 0.3303722343744108 
14.45  	 0.2928923882509746 
14.46  	 0.251202960481629 
14.47  	 0.205903629830296 
14.48  	 0.157645964102668 
14.49  	 0.1071240486979582 
14.5  	 0.05506450395395895 
14.51  	 0.002216034858549994 
14.52  	 0.05066133657616831 
14.53  	 0.102807201419799 
14.54  	 0.1534716992181514 
14.55  	 0.2019263014114155 
14.56  	 0.2474742876993767 
14.57  	 0.2894607646955828 
14.58  	 0.3272820827974184 
14.59  	 0.3603945158563019 
14.6  	 0.3883220788365227 
14.61  	 0.410663371050603 
14.62  	 0.4270973465749976 
14.63  	 0.4373879288805733 
14.64  	 0.4413874033361287 
14.65  	 0.4390385388208052 
14.66  	 0.430375407959927 
14.67  	 0.4155228942156804 
14.68  	 0.3946948929498691 
14.69  	 0.3681912323592437 
14.7  	 0.3363933585942658 
14.71  	 0.2997588471451169 
14.72  	 0.2588148194584453 
14.73  	 0.2141503594921683 
14.74  	 0.1664080392970754 
14.75  	 0.1162746755264144 
14.76  	 0.06447144983335198 
14.77  	 0.01174353526286524 
14.78  	 0.04115062215299356 
14.79  	 0.09345021243106243 
14.8  	 0.1444030043998122 
14.81  	 0.1932761648020616 
14.82  	 0.2393667981321818 
14.83  	 0.282012055621453 
14.84  	 0.3205986679848428 
14.85  	 0.3545717648326734 
14.86  	 0.3834428539127442 
14.87  	 0.40679684543473 
14.88  	 0.4242980204648933 
14.89  	 0.4356948575682553 
14.9  	 0.440823648298504 
14.91  	 0.439610849557037 
14.92  	 0.4320741390110096 
14.93  	 0.4183221584147617 
14.94  	 0.3985529485512729 
14.95  	 0.3730510983287851 
14.96  	 0.342183649061938 
14.97  	 0.3063948128705332 
14.98  	 0.2661995811849787 
14.99  	 0.2221763153101706 
15  	 0.1749584256396655 
15.01  	 0.1252252592184968 
15.02  	 0.07369232673802817 
15.03  	 0.02110100954546364 
15.04  	 0.03179210527215269 
15.05  	 0.08422610832211776 
15.06  	 0.1354467133101569 
15.07  	 0.1847171069769687 
15.08  	 0.2313285475049269 
15.09  	 0.2746105589528008 
15.1  	 0.3139405750887384 
15.11  	 0.3487528939133062 
15.12  	 0.3785468140810626 
15.13  	 0.4028938361978799 
15.14  	 0.4214438254233241 
15.15  	 0.433930046748925 
15.16  	 0.4401730005393819 
15.17  	 0.4400830031813612 
15.18  	 0.4336614757353064 
15.19  	 0.4210009220699886 
15.2  	 0.4022835968100303 
15.21  	 0.3777788822722365 
15.22  	 0.3478394121361697 
15.23  	 0.3128959976209448 
15.24  	 0.2734514291643526 
15.25  	 0.2300732427745903 
15.26  	 0.1833855551160639 
15.27  	 0.1340600847853114 
15.28  	 0.08280648893787335 
15.29  	 0.03036215427393204 
15.3  	 0.02251841076203322 
15.31  	 0.0750744299772801 
15.32  	 0.126549803492105 
15.33  	 0.1762039844414682 
15.34  	 0.2233226318622007 
15.35  	 0.2672278865312774 
15.36  	 0.3072881219451549 
15.37  	 0.3429270301808637 
15.38  	 0.373631911947334 
15.39  	 0.3989610515833381 
15.4  	 0.4185500709213054 
15.41  	 0.4321171706249833 
15.42  	 0.4394671836121362 
15.43  	 0.4404943822610181 
15.44  	 0.4351839990254165 
15.45  	 0.4236124385898448 
15.46  	 0.4059461785176846 
15.47  	 0.3824393742101121 
15.48  	 0.3534302026310722 
15.49  	 0.319335997395319 
15.5  	 0.2806472452017926 
15.51  	 0.2379205299729872 
15.52  	 0.1917705261973541 
15.53  	 0.1428611566480188 
15.54  	 0.091896041670745 
15.55  	 0.03960837742415348 
15.56  	 0.01324961133084369 
15.57  	 0.06591749217579616 
15.58  	 0.1176375640595418 
15.59  	 0.1676657570507435 
15.6  	 0.2152823360304854 
15.61  	 0.2598022543574076 
15.62  	 0.3005850085727569 
15.63  	 0.3370438523896887 
15.64  	 0.3686542374270262 
15.65  	 0.3949613592704642 
15.66  	 0.4155867003128704 
15.67  	 0.4302334752557762 
15.68  	 0.4386909009382194 
15.69  	 0.4408372290699502 
15.7  	 0.4366414982404597 
15.71  	 0.4261639799972156 
15.72  	 0.4095553125711036 
15.73  	 0.387054334704064 
15.74  	 0.3589846507317714 
15.75  	 0.3257499763241106 
15.76  	 0.2878283318253716 
15.77  	 0.2457651667126366 
15.78  	 0.2001655140659502 
15.79  	 0.1516852878966417 
15.8  	 0.1010218485098129 
15.81  	 0.04890397160618475 
15.82  	 0.003918634594279349 
15.83  	 0.05668611342246037 
15.84  	 0.1086393899064315 
15.85  	 0.1590310897744528 
15.86  	 0.207136290254412 
15.87  	 0.2522629480281522 
15.88  	 0.2937618543419225 
15.89  	 0.3310359740744155 
15.9  	 0.3635490344243567 
15.91  	 0.3908332396717875 
15.92  	 0.4124960010369145 
15.93  	 0.428225584826243 
15.94  	 0.4377955976141114 
15.95  	 0.4410682439350452 
15.96  	 0.4379963096176641 
15.97  	 0.4286238422205877 
15.98  	 0.4130855187710251 
15.99  	 0.39160470988804 
16  	 0.364490268123329 
16.01  	 0.3321320867028579 
16.02  	 0.2949954925391868 
16.03  	 0.2536145541521316 
16.04  	 0.2085844007435436 
16.05  	 0.1605526628958127 
16.06  	 0.1102101579989024 
16.07  	 0.05828095437477052 
16.08  	 0.005511957006308627 
16.09  	 0.04733783534069928 
16.1  	 0.09950824708577478 
16.11  	 0.1502488598699309 
16.12  	 0.1988298063914357 
16.13  	 0.2445522687870876 
16.14  	 0.2867585305539226 
16.15  	 0.3248414374260781 
16.16  	 0.3582531311216459 
16.17  	 0.386512930331476 
16.18  	 0.4092142455864303 
16.19  	 0.4260304285342343 
16.2  	 0.4367194714829415 
16.21  	 0.4411274896040903 
16.22  	 0.4391909356970501 
16.23  	 0.4309375156455107 
16.24  	 0.4164857913847106 
16.25  	 0.396043477075597 
16.26  	 0.3699044529777478 
16.27  	 0.3384445399566096 
16.28  	 0.3021160953866402 
16.29  	 0.2614415081644626 
16.3  	 0.2170056863807965 
16.31  	 0.1694476456894675 
16.32  	 0.1194513193469944 
16.33  	 0.06773572209260029 
16.34  	 0.01504460933255186 
16.35  	 0.03786421964651981 
16.36  	 0.09022982058942937 
16.37  	 0.1412990485556159 
16.38  	 0.1903373901651226 
16.39  	 0.2366395280095591 
16.4  	 0.2795394852806253 
16.41  	 0.3184202047052899 
16.42  	 0.3527224240114704 
16.43  	 0.3819527202649214 
16.44  	 0.40569060737048 
16.45  	 0.423594584648008 
16.46  	 0.4354070494788622 
16.47  	 0.4409580033553582 
16.48  	 0.4401674980194008 
16.49  	 0.4330467864964844 
16.5  	 0.4196981624580537 
16.51  	 0.4003134902101011 
16.52  	 0.3751714464380728 
16.53  	 0.3446335133663527 
16.54  	 0.3091387809487258 
16.55  	 0.2691976328356289 
16.56  	 0.2253844069187218 
16.57  	 0.1783291360016989 
16.58  	 0.128708487377612 
16.59  	 0.07723603161477822 
16.6  	 0.02465198050232612 
16.61  	 0.02828745825777914 
16.62  	 0.08082095651289309 
16.63  	 0.1321930148646405 
16.64  	 0.1816648281443345 
16.65  	 0.2285249108892734 
16.66  	 0.2720993300012536 
16.67  	 0.3117613974170627 
16.68  	 0.346940683386312 
16.69  	 0.3771312207219479 
16.7  	 0.4018987820237735 
16.71  	 0.4208871252073929 
16.72  	 0.4338231175080614 
16.73  	 0.4405206642588164 
16.74  	 0.4408833859313874 
16.75  	 0.4349060049310168 
16.76  	 0.4226744221924665 
16.77  	 0.4043644824679051 
16.78  	 0.3802394460567051 
16.79  	 0.3506462033313916 
16.8  	 0.3160102864953421 
16.81  	 0.2768297503065336 
16.82  	 0.2336680097682838 
16.83  	 0.1871457377898074 
16.84  	 0.1379319393388042 
16.85  	 0.08673433045293139 
16.86  	 0.03428916047516344 
16.87  	 0.01864937611444972 
16.88  	 0.07131998599430636 
16.89  	 0.122965225435506 
16.9  	 0.1728423934163429 
16.91  	 0.2202342127538675 
16.92  	 0.2644591456373766 
16.93  	 0.3048811952065765 
16.94  	 0.3409190522080764 
16.95  	 0.3720544551827446 
16.96  	 0.3978396439472391 
16.97  	 0.4179037991725317 
16.98  	 0.4319583754444771 
16.99  	 0.439801251104678 
17  	 0.4413196351871346 
17.01  	 0.4364916896412764 
17.02  	 0.4253868435086684 
17.03  	 0.4081647945329304 
17.04  	 0.385073212559676 
17.05  	 0.356444177754092 
17.06  	 0.3226894048597234 
17.07  	 0.2842943221809499 
17.08  	 0.2418110904434606 
17.09  	 0.1958506619332173 
17.1  	 0.1470739941174925 
17.11  	 0.09618254411195024 
17.12  	 0.04390818070006116 
17.13  	 0.008997341011286727 
17.14  	 0.06177319092661611 
17.15  	 0.1136604058002353 
17.16  	 0.1639128042145577 
17.17  	 0.2118077177210485 
17.18  	 0.2566563838104793 
17.19  	 0.2978138512428432 
17.2  	 0.3346882552804634 
17.21  	 0.366749329430302 
17.22  	 0.3935360312815678 
17.23  	 0.4146631727665698 
17.24  	 0.4298269594906533 
17.25  	 0.4388093594673782 
17.26  	 0.4414812384305009 
17.27  	 0.4378042166335492 
17.28  	 0.4278312204355081 
17.29  	 0.4117057207427374 
17.3  	 0.38965966926295 
17.31  	 0.362010162255254 
17.32  	 0.3291548797612187 
17.33  	 0.2915663659132829 
17.34  	 0.2497852325839501 
17.35  	 0.2044123841238991 
17.36  	 0.1561003750158042 
17.37  	 0.1055440247403316 
17.38  	 0.05347042483403135 
17.39  	 0.0006284818594241952 
17.4  	 0.05222185331785809 
17.41  	 0.1043205150390377 
17.42  	 0.1549182539601241 
17.43  	 0.2032874125461637 
17.44  	 0.2487323899787328 
17.45  	 0.2905996459708335 
17.46  	 0.328287099615714 
17.47  	 0.3612527880967286 
17.48  	 0.389022660731366 
17.49  	 0.4111973962580839 
17.5  	 0.4274581453234118 
17.51  	 0.4375711155848924 
17.52  	 0.4413909334914978 
17.53  	 0.4388627343976211 
17.54  	 0.4300229509562381 
17.55  	 0.4149987884586729 
17.56  	 0.3940063946731625 
17.57  	 0.3673477505103381 
17.58  	 0.3354063262413174 
17.59  	 0.2986415657478052 
17.6  	 0.257582278139139 
17.61  	 0.2128190317856294 
17.62  	 0.1649956601642362 
17.63  	 0.1148000016870336 
17.64  	 0.06295400669896092 
17.65  	 0.01020335393274308 
17.66  	 0.04269327423673511 
17.67  	 0.09497510348964486 
17.68  	 0.1458902092729296 
17.69  	 0.1947063311584912 
17.7  	 0.2407214043119977 
17.71  	 0.2832736566061987 
17.72  	 0.3217511261597533 
17.73  	 0.3556004624197616 
17.74  	 0.3843348842104334 
17.75  	 0.4075411802964009 
17.76  	 0.4248856517804736 
17.77  	 0.4361189108751522 
17.78  	 0.4410794670359976 
17.79  	 0.4396960488859248 
17.8  	 0.4319886285423443 
17.81  	 0.4180681336219895 
17.82  	 0.3981348510728347 
17.83  	 0.3724755457975346 
17.84  	 0.3414593355171427 
17.85  	 0.3055323812122792 
17.86  	 0.265211469513888 
17.87  	 0.2210765793516112 
17.88  	 0.173762539777 
17.89  	 0.1239498989491139 
17.9  	 0.07235513561539708 
17.91  	 0.01972035387666774 
17.92  	 0.03319739054379355 
17.93  	 0.0856369790077716 
17.94  	 0.1368441770357729 
17.95  	 0.1860824822973803 
17.96  	 0.2326437174950891 
17.97  	 0.2758582157875256 
17.98  	 0.3151044522599082 
17.99  	 0.3498179829167622 
18  	 0.379499562632873 
18.01  	 0.4037223253076028 
18.02  	 0.4221379229562847 
18.03  	 0.4344815354464509 
18.04  	 0.4405756788301307 
18.05  	 0.4403327575034298 
18.06  	 0.4337563234921168 
18.07  	 0.4209410247572796 
18.08  	 0.4020712432708647 
18.09  	 0.3774184424556819 
18.1  	 0.3473372621474337 
18.11  	 0.3122604172505791 
18.12  	 0.2726924734655839 
18.13  	 0.229202589616262 
18.14  	 0.1824163309684488 
18.15  	 0.1330066712929702 
18.16  	 0.08168431309354793 
18.17  	 0.02918746522662512 
18.18  	 0.02372877505609823 
18.19  	 0.07630328292263348 
18.2  	 0.1277798534207234 
18.21  	 0.1774180781252165 
18.22  	 0.2245039945333934 
18.23  	 0.2683603550388369 
18.24  	 0.3083563677856251 
18.25  	 0.3439167693016921 
18.26  	 0.3745300984213656 
18.27  	 0.3997560524952789 
18.28  	 0.4192318200859262 
18.29  	 0.4326772990684281 
18.3  	 0.4398991250876976 
18.31  	 0.4407934524340179 
18.32  	 0.4353474473432636 
18.33  	 0.4236394722472859 
18.34  	 0.4058379583282086 
18.35  	 0.382198982596495 
18.36  	 0.3530625843456885 
18.37  	 0.3188478739679571 
18.38  	 0.2800470044843686 
18.39  	 0.2372180925009878 
18.4  	 0.1909771904123917 
18.41  	 0.141989425319869 
18.42  	 0.09095943211656915 
18.43  	 0.03862121834367455 
18.44  	 0.01427239340575649 
18.45  	 0.06696059368253726 
18.46  	 0.1186855292325987 
18.47  	 0.1687032035071868 
18.48  	 0.2162941778485346 
18.49  	 0.2607739194337445 
18.5  	 0.3015026471412415 
18.51  	 0.337894533725511 
18.52  	 0.3694261319442141 
18.53  	 0.3956439034442124 
18.54  	 0.4161707421180266 
18.55  	 0.4307113981051736 
18.56  	 0.4390567244249776 
18.57  	 0.4410866851618772 
18.58  	 0.4367720819368799 
18.59  	 0.4261749738340588 
18.6  	 0.4094477847430392 
18.61  	 0.386831110957654 
18.62  	 0.3586502605650875 
18.63  	 0.3253105744008762 
18.64  	 0.2872915958697601 
18.65  	 0.2451401734894084 
18.66  	 0.199462595364718 
18.67  	 0.1509158687242293 
18.68  	 0.1001982699468616 
18.69  	 0.04803930099972228 
18.7  	 0.004810803254422126 
18.71  	 0.05759186596196907 
18.72  	 0.1095447021875862 
18.73  	 0.1599220385636741 
18.74  	 0.2079992616203841 
18.75  	 0.253084840201154 
18.76  	 0.2945302720560554 
18.77  	 0.3317394115488729 
18.78  	 0.36417704431561 
18.79  	 0.3913765855429243 
18.8  	 0.4129467911401625 
18.81  	 0.4285773852761219 
18.82  	 0.438043523337808 
18.83  	 0.4412090261183702 
18.84  	 0.4380283387151524 
18.85  	 0.4285471859611178 
18.86  	 0.4129019149609219 
18.87  	 0.3913175341862412 
18.88  	 0.3641044773325959 
18.89  	 0.3316541384816487 
18.9  	 0.2944332427855055 
18.91  	 0.2529771336383375 
18.92  	 0.2078820728849759 
18.93  	 0.1597966648118067 
18.94  	 0.1094125272680722 
18.95  	 0.05745434409458747 
18.96  	 0.004669441935329715 
18.97  	 0.04818295865089667 
18.98  	 0.1003426631776753 
18.99  	 0.1510594372539366 
19  	 0.1996037973780921 
19.01  	 0.2452775032983129 
19.02  	 0.2874236010259011 
19.03  	 0.3254358720517705 
19.04  	 0.3587675528560622 
19.05  	 0.3869391992962506 
19.06  	 0.4095455827579255 
19.07  	 0.4262615188786151 
19.08  	 0.4368465450072634 
19.09  	 0.4411483791208195 
19.1  	 0.4391051104452263 
19.11  	 0.4307460902700178 
19.12  	 0.4161915101406957 
19.13  	 0.3956506734924302 
19.14  	 0.36941898558079 
19.15  	 0.3378737049999507 
19.16  	 0.301468517890925 
19.17  	 0.2607270128756577 
19.18  	 0.2162351505637888 
19.19  	 0.1686328359400291 
19.2  	 0.1186047148436909 
19.21  	 0.06687032691159617 
19.22  	 0.01417375661249734 
19.23  	 0.03872706878054314 
19.24  	 0.09107128035406442 
19.25  	 0.1421060110648338 
19.26  	 0.1910972241979214 
19.27  	 0.2373402710272285 
19.28  	 0.2801700258283339 
19.29  	 0.3189704524717195 
19.3  	 0.3531834649997974 
19.31  	 0.3823169547451979 
19.32  	 0.405951868535266 
19.33  	 0.4237482361750883 
19.34  	 0.4354500605139727 
19.35  	 0.440888999758986 
19.36  	 0.4399867890700381 
19.37  	 0.432756366603598 
19.38  	 0.4193016878056099 
19.39  	 0.3998162306208627 
19.4  	 0.3745802131143339 
19.41  	 0.3439565635191935 
19.42  	 0.3083857006698304 
19.43  	 0.2683791998883731 
19.44  	 0.2245124354235861 
19.45  	 0.1774163052614013 
19.46  	 0.1277681573242501 
19.47  	 0.07628204756351414 
19.48  	 0.02369847005808444 
19.49  	 0.02922629317279413 
19.5  	 0.08173104946496527 
19.51  	 0.1330606434686318 
19.52  	 0.1824768183101306 
19.53  	 0.2292688337433008 
19.54  	 0.2727636885719865 
19.55  	 0.3123358003167399 
19.56  	 0.347416002904569 
19.57  	 0.377499732969269 
19.58  	 0.402154287019044 
19.59  	 0.4210250450918885 
19.6  	 0.4338405713832054 
19.61  	 0.4404165184822449 
19.62  	 0.4406582790612256 
19.63  	 0.4345623468756351 
19.64  	 0.4222163674978461 
19.65  	 0.4037978780511814 
19.66  	 0.3795717540672468 
19.67  	 0.3498864001843758 
19.68  	 0.3151687394719995 
19.69  	 0.2759180734447609 
19.7  	 0.2326989010729302 
19.71  	 0.1861328000678885 
19.72  	 0.136889487209177 
19.73  	 0.08567718628658116 
19.74  	 0.03323244219007203 
19.75  	 0.01969047235408776 
19.76  	 0.07233040504346668 
19.77  	 0.12393027123026 
19.78  	 0.1737479426738665 
19.79  	 0.2210669212068115 
19.8  	 0.265206643799047 
19.81  	 0.3055322708066501 
19.82  	 0.3414638166242244 
19.83  	 0.372484491417442 
19.84  	 0.398148133959345 
19.85  	 0.4180856286656128 
19.86  	 0.4320102145338226 
19.87  	 0.4397216096290832 
19.88  	 0.4411088917934651 
19.89  	 0.4361520941455441 
19.9  	 0.4249224924207874 
19.91  	 0.4075815800182259 
19.92  	 0.384378745492978 
19.93  	 0.3556476858963675 
19.94  	 0.3218016075471293 
19.95  	 0.283327283257211 
19.96  	 0.2407780514825732 
19.97  	 0.194765858087805 
19.98  	 0.1459524551824437 
19.99  	 0.09503988361117564 
20  	 0.04276037598255405 
20.01  	 0.0101341745446787 
20.02  	 0.06288302825275623 
20.03  	 0.1147275401018271 
20.04  	 0.1649220708503678 
20.05  	 0.2127447111300146 
20.06  	 0.2575076642356141 
20.07  	 0.2985671383001228 
20.08  	 0.3353326055795313 
20.09  	 0.3672752956762058 
20.1  	 0.3939358005463061 
20.11  	 0.4149306819117876 
20.12  	 0.4299579860456731 
20.13  	 0.4388015866135177 
20.14  	 0.4413342931098415 
20.15  	 0.4375196801819351 
20.16  	 0.4274126115303815 
20.17  	 0.4111584508508972 
20.18  	 0.3889909711657582 
20.19  	 0.3612289926135089 
20.2  	 0.3282717970537329 
20.21  	 0.290593385435933 
20.22  	 0.2487356605259833 
20.23  	 0.2033006330391107 
20.24  	 0.1549417632748863 
20.25  	 0.1043545627829039 
20.26  	 0.05226659123061766 
20.27  	 0.0005730076564755522 
20.28  	 0.05340428058319911 
20.29  	 0.1054673946374214 
20.3  	 0.1560135655072185 
20.31  	 0.2043158267873055 
20.32  	 0.2496794854855545 
20.33  	 0.2914521133530039 
20.34  	 0.3290329303376244 
20.35  	 0.3618814452043628 
20.36  	 0.3895252290479596 
20.37  	 0.4115667098966418 
20.38  	 0.4276888906834864 
20.39  	 0.4376599083474481 
20.4  	 0.4413363684933234 
20.41  	 0.438665407650637 
20.42  	 0.4296854534717963 
20.43  	 0.4145256719368355 
20.44  	 0.3934041095162523 
20.45  	 0.366624557013338 
20.46  	 0.3345721801927211 
20.47  	 0.2977079800389253 
20.48  	 0.2565621623211315 
20.49  	 0.2117265118277804 
20.5  	 0.1638458809495811 
20.51  	 0.1136089150274839 
20.52  	 0.06173814785955226 
20.53  	 0.008979609818949788 
20.54  	 0.04390790195463237 
20.55  	 0.09616373696785156 
20.56  	 0.1470363314278288 
20.57  	 0.195794017591837 
20.58  	 0.241735546946184 
20.59  	 0.2842001758647554 
20.6  	 0.32257716868988 
20.61  	 0.3563145815573725 
20.62  	 0.3849272006329237 
20.63  	 0.4080035205882525 
20.64  	 0.4252116629499173 
20.65  	 0.4363041492008612 
20.66  	 0.4411214599866128 
20.67  	 0.4395943292370763 
20.68  	 0.4317447402101166 
20.69  	 0.4176856091329209 
20.7  	 0.3976191609929527 
20.71  	 0.3718340208404983 
20.72  	 0.3407010624393301 
20.73  	 0.3046680739741957 
20.74  	 0.264253317538017 
20.75  	 0.2200380750316285 
20.76  	 0.1726582876869289 
20.77  	 0.1227954094604626 
20.78  	 0.07116660585059617 
20.79  	 0.01851443910613433 
20.8  	 0.03440381181909301 
20.81  	 0.08682704295776206 
20.82  	 0.138001272015389 
20.83  	 0.1871904826086365 
20.84  	 0.2336872100872749 
20.85  	 0.2768227166877644 
20.86  	 0.3159766096731698 
20.87  	 0.3505857641261231 
20.88  	 0.3801524220619518 
20.89  	 0.4042513513765545 
20.9  	 0.4225359616654933 
20.91  	 0.4347432889540177 
20.92  	 0.4406977776459055 
20.93  	 0.4403138052983124 
20.94  	 0.4335969139114259 
20.95  	 0.4206437300255806 
20.96  	 0.4016405747769273 
20.97  	 0.3768607839048178 
20.98  	 0.3466607762581865 
20.99  	 0.3114749273484075 
21  	 0.2718093216824802 
21.01  	 0.2282344737365262 
21.02  	 0.181377122263397 
21.03  	 0.1319112159557417 
21.04  	 0.08054822011650378 
21.05  	 0.02802688375424926 
21.06  	 0.02489738571866047 
21.07  	 0.07746338736390684 
21.08  	 0.1289150749036178 
21.09  	 0.1785124307507207 
21.1  	 0.2255421094847659 
21.11  	 0.2693276976909622 
21.12  	 0.3092394425986217 
21.13  	 0.3447033095947365 
21.14  	 0.3752092383418236 
21.15  	 0.4003184787552196 
21.16  	 0.4196699013294399 
21.17  	 0.43298519105498 
21.18  	 0.4400728502240839 
21.19  	 0.4408309525555448 
21.2  	 0.4352486090281453 
21.21  	 0.4234061243415651 
21.22  	 0.4054738417560468 
21.23  	 0.3817096929267541 
21.24  	 0.3524554879746511 
21.25  	 0.3181319991544638 
21.26  	 0.2792329088316496 
21.27  	 0.2363177088147962 
21.28  	 0.1900036531719425 
21.29  	 0.1409568802729801 
21.3  	 0.08988283174886633 
21.31  	 0.03751610617076765 
21.32  	 0.01539010661800467 
21.33  	 0.06807485855239129 
21.34  	 0.1197803879688803 
21.35  	 0.1697630183867339 
21.36  	 0.2173038546920489 
21.37  	 0.26171912288398 
21.38  	 0.3023700046681994 
21.39  	 0.3386718254493272 
21.4  	 0.3701024635733951 
21.41  	 0.3962098598724418 
21.42  	 0.41661851950352 
21.43  	 0.4310349125681128 
21.44  	 0.4392516958366783 
21.45  	 0.4411506948588462 
21.46  	 0.4367046035690987 
21.47  	 0.4259773769436632 
21.48  	 0.4091233110620857 
21.49  	 0.386384823805704 
21.5  	 0.3580889681137591 
21.51  	 0.3246427279472493 
21.52  	 0.2865271646186979 
21.53  	 0.244290497680947 
21.54  	 0.1985402198920929 
21.55  	 0.149934359666336 
21.56  	 0.09917201668203456 
21.57  	 0.04698330677214583 
21.58  	 0.00588113928129712 
21.59  	 0.05866097201163564 
21.6  	 0.1105970593094549 
21.61  	 0.1609424049503598 
21.62  	 0.2089728925695317 
21.63  	 0.2539977005535649 
21.64  	 0.2953692380543554 
21.65  	 0.3324924592167312 
21.66  	 0.3648334216549468 
21.67  	 0.3919269660829493 
21.68  	 0.4133834066436612 
21.69  	 0.4288941357115311 
21.7  	 0.4382360625554605 
21.71  	 0.4412748220218576 
21.72  	 0.437966707087856 
21.73  	 0.4283592974893952 
21.74  	 0.4125907753828171 
21.75  	 0.3908879378828836 
21.76  	 0.3635629350627116 
21.77  	 0.3310087803325821 
21.78  	 0.2936936977712445 
21.79  	 0.2521543877112517 
21.8  	 0.2069883074384207 
21.81  	 0.1588450780309754 
21.82  	 0.1084171409324107 
21.83  	 0.05642979864340177 
21.84  	 0.00363078277555164 
21.85  	 0.04922050049163375 
21.86  	 0.1013638928695842 
21.87  	 0.1520494172396988 
21.88  	 0.2005480645002857 
21.89  	 0.2461622788363235 
21.9  	 0.2882359906036959 
21.91  	 0.3261640525264728 
21.92  	 0.3594009434877361 
21.93  	 0.3874686147285039 
21.94  	 0.4099633656039302 
21.95  	 0.4265616500034722 
21.96  	 0.4370247299221133 
21.97  	 0.4412021092504633 
21.98  	 0.4390336983958765 
21.99  	 0.4305506786006561 
22  	 0.4158750535255561 
22.01  	 0.3952178945475776 
22.02  	 0.3688763050091316 
22.03  	 0.3372291470807382 
22.04  	 0.3007315926965426 
22.05  	 0.2599085769350962 
22.06  	 0.2153472480038103 
22.07  	 0.1676885224170986 
22.08  	 0.1176178668284031 
22.09  	 0.06585543909862723 
22.1  	 0.01314573040021047 
22.11  	 0.03975314266762243 
22.12  	 0.09208034194348338 
22.13  	 0.1430832507195229 
22.14  	 0.1920282985173628 
22.15  	 0.2382115119331799 
22.16  	 0.2809686398010417 
22.17  	 0.3196847070459226 
22.18  	 0.3538028598148041 
22.19  	 0.3828323746676604 
22.2  	 0.4063557166330147 
22.21  	 0.4240345446131171 
22.22  	 0.4356145777631893 
22.23  	 0.4409292528520911 
22.24  	 0.4399021200003979 
22.25  	 0.4325479423376772 
22.26  	 0.4189724837619421 
22.27  	 0.3993709878529953 
22.28  	 0.3740253698162407 
22.29  	 0.3433001618437445 
22.3  	 0.3076372702086845 
22.31  	 0.2675496194999439 
22.32  	 0.2236137754095839 
22.33  	 0.1764616521775134 
22.34  	 0.1267714239623498 
22.35  	 0.07525777085789795 
22.36  	 0.02266159984417202 
22.37  	 0.03026061148660812 
22.38  	 0.08274769516196762 
22.39  	 0.1340447405318633 
22.4  	 0.1834139519836144 
22.41  	 0.2301452605051188 
22.42  	 0.2735665364725423 
22.43  	 0.3130532567740715 
22.44  	 0.3480374872294528 
22.45  	 0.378016051112642 
22.46  	 0.4025577662914106 
22.47  	 0.4213096468928051 
22.48  	 0.4340019802969678 
22.49  	 0.4404522064371644 
22.5  	 0.4405675436101713 
22.51  	 0.4343463230296972 
22.52  	 0.4218780129273283 
22.53  	 0.4033419318533724 
22.54  	 0.3790046696828806 
22.55  	 0.3492162534188815 
22.56  	 0.3144051129381461 
22.57  	 0.2750719190848813 
22.58  	 0.2317823827367673 
22.59  	 0.1851591184113788 
22.6  	 0.1358726894360952 
22.61  	 0.08463196347586263 
22.62  	 0.03217391713171058 
22.63  	 0.02074696375213976 
22.64  	 0.07336953562089205 
22.65  	 0.1249369445068565 
22.66  	 0.1747075116404256 
22.67  	 0.2219654008096088 
22.68  	 0.2660309140423484 
22.69  	 0.3062702675315608 
22.7  	 0.3421047071980028 
22.71  	 0.3730188327843835 
22.72  	 0.3985680107566959 
22.73  	 0.4183847693949239 
22.74  	 0.4321840840935439 
22.75  	 0.4397674768542369 
22.76  	 0.4410258710082458 
22.77  	 0.4359411601089628 
22.78  	 0.4245864684290283 
22.79  	 0.4071250993144737 
22.8  	 0.3838081865206172 
22.81  	 0.3549710823090574 
22.82  	 0.3210285342538666 
22.83  	 0.2824687201269588 
22.84  	 0.2398462266561295 
22.85  	 0.1937740731397241 
22.86  	 0.1449148946393605 
22.87  	 0.09397141155925785 
22.88  	 0.04167632268539792 
22.89  	 0.01121823295098445 
22.9  	 0.06395149381884845 
22.91  	 0.115765017653728 
22.92  	 0.1659135898731294 
22.93  	 0.2136759417486377 
22.94  	 0.2583651241786586 
22.95  	 0.2993383878587351 
22.96  	 0.3360064277463161 
22.97  	 0.3678418588590113 
22.98  	 0.3943868015017308 
22.99  	 0.415259466826239 
23  	 0.430159648004807 
23.01  	 0.4388730380397419 
23.02  	 0.4412743121066836 
23.03  	 0.4373289300988588 
23.04  	 0.4270936334464137 
23.05  	 0.4107156290647673 
23.06  	 0.3884304721685386 
23.07  	 0.3605586784013563 
23.08  	 0.3275011140078924 
23.09  	 0.2897332303491601 
23.1  	 0.2477982256839403 
23.11  	 0.2022992325679385 
23.12  	 0.1538906432360898 
23.13  	 0.1032686977324211 
23.14  	 0.05116147015465927 
23.15  	 0.001681602961822364 
23.16  	 0.05450050151113759 
23.17  	 0.1065355529063103 
23.18  	 0.1570383581728003 
23.19  	 0.205282555899862 
23.2  	 0.2505742692351456 
23.21  	 0.2922620856673245 
23.22  	 0.3297464260602468 
23.23  	 0.3624881681872955 
23.24  	 0.3900164007362087 
23.25  	 0.4119351962610814 
23.26  	 0.427929305668324 
23.27  	 0.4377686923345885 
23.28  	 0.4413118406438578 
23.29  	 0.4385077913580189 
23.3  	 0.4293968745467789 
23.31  	 0.4141101295353665 
23.32  	 0.3928674202126171 
23.33  	 0.3659742728063845 
23.34  	 0.3338174816073038 
23.35  	 0.2968595458423905 
23.36  	 0.2556320177111423 
23.37  	 0.2107278572567943 
23.38  	 0.1627929040305103 
23.39  	 0.1125165882083596 
23.4  	 0.06062201476021226 
23.41  	 0.007855563286602424 
23.42  	 0.04502384689432738 
23.43  	 0.09725567201308991 
23.44  	 0.1480886824777558 
23.45  	 0.1967917675385684 
23.46  	 0.2426644505888687 
23.47  	 0.2850469638636891 
23.48  	 0.3233297376354924 
23.49  	 0.3569621674269132 
23.5  	 0.3854605331447523 
23.51  	 0.4084149562370452 
23.52  	 0.4254952948108505 
23.53  	 0.4364558919233877 
23.54  	 0.4411391087536076 
23.55  	 0.439477591837961 
23.56  	 0.4314952417616956 
23.57  	 0.4173068693735413 
23.58  	 0.3971165444686653 
23.59  	 0.3712146606904314 
23.6  	 0.3399737588658657 
23.61  	 0.3038431688468161 
23.62  	 0.2633425469214717 
23.63  	 0.2190544017462118 
23.64  	 0.1716157162948308 
23.65  	 0.1217087863243666 
23.66  	 0.07005140712509204 
23.67  	 0.01738654969569797 
23.68  	 0.03552832517189698 
23.69  	 0.08793216120596757 
23.7  	 0.1390712526768454 
23.71  	 0.188210084694537 
23.72  	 0.2346419118689324 
23.73  	 0.2776989231836372 
23.74  	 0.3167618468850921 
23.75  	 0.3512688572431237 
23.76  	 0.3807236550799735 
23.77  	 0.4047026058483368 
23.78  	 0.4228608325939545 
23.79  	 0.4349371761699083 
23.8  	 0.4407579513617679 
23.81  	 0.4402394449008065 
23.82  	 0.4333891194375546 
23.83  	 0.420305506159786 
23.84  	 0.4011767875998024 
23.85  	 0.3762780910145465 
23.86  	 0.3459675312675977 
23.87  	 0.3106810601273131 
23.88  	 0.2709261960628526 
23.89  	 0.2272747247207058 
23.9  	 0.1803544750691174 
23.91  	 0.1308402894919798 
23.92  	 0.07944431770696422 
23.93  	 0.02690577410786849 
23.94  	 0.02601969415157212 
23.95  	 0.07857087541625937 
23.96  	 0.1299919418161231 
23.97  	 0.1795433201136681 
23.98  	 0.2265123287609696 
23.99  	 0.2702234281762246 
24  	 0.310047936813324 
24.01  	 0.3454130732812063 
24.02  	 0.3758101944630395 
24.03  	 0.4008021111490307 
24.04  	 0.4200293759645551 
24.05  	 0.4332154531565162 
24.06  	 0.4401706958827962 
24.07  	 0.4407950738010248 
24.08  	 0.4350796117270063 
24.09  	 0.4231065186714869 
24.1  	 0.4050480053998397 
24.11  	 0.381163807521971 
24.12  	 0.3517974497374834 
24.13  	 0.3173713049671363 
24.14  	 0.278380519434016 
24.15  	 0.2353858910688526 
24.16  	 0.189005803667792 
24.17  	 0.1399073328117979 
24.18  	 0.08879665146915319 
24.19  	 0.03640887327486031 
24.2  	 0.01650252043120694 
24.21  	 0.06917651773968009 
24.22  	 0.1208555216122736 
24.23  	 0.1707962462026798 
24.24  	 0.2182804073386403 
24.25  	 0.2626250534069876 
24.26  	 0.3031923880553796 
24.27  	 0.3393989434335765 
24.28  	 0.3707239720381641 
24.29  	 0.3967169364632862 
24.3  	 0.4170039893345635 
24.31  	 0.4312933502273339 
24.32  	 0.4393795022347618 
24.33  	 0.4411461478280473 
24.34  	 0.4365678814957681 
24.35  	 0.4257105551056042 
24.36  	 0.4087303307340054 
24.37  	 0.3858714345870138 
24.38  	 0.3574626443175674 
24.39  	 0.3239125602615552 
24.4  	 0.2857037286056756 
24.41  	 0.2433857010123959 
24.42  	 0.1975671305239854 
24.43  	 0.1489070174285282 
24.44  	 0.09810523099657761 
24.45  	 0.04589244341239783 
24.46  	 0.006980379322788152 
24.47  	 0.0597527783651133 
24.48  	 0.1116657395326378 
24.49  	 0.1619726100284642 
24.5  	 0.2099498373699648 
24.51  	 0.254907376068788 
24.52  	 0.2961986123850143 
24.53  	 0.3332296644102773 
24.54  	 0.365467923719184 
24.55  	 0.3924497157367229 
24.56  	 0.4137869686446626 
24.57  	 0.4291727949098963 
24.58  	 0.4383859051571952 
24.59  	 0.441293790902943 
24.6  	 0.4378546303736006 
24.61  	 0.4281178899982269 
24.62  	 0.4122236129241321 
24.63  	 0.3904004047890618 
24.64  	 0.3629621457202136 
24.65  	 0.3303034758508613 
24.66  	 0.2928941192854844 
24.67  	 0.2512721281506224 
24.68  	 0.2060361439008098 
24.69  	 0.1578367871834233 
24.7  	 0.1073673001003085 
24.71  	 0.0553535754559196 
24.72  	 0.002543716399549321 
24.73  	 0.0503027233776086 
24.74  	 0.1024256641346058 
24.75  	 0.1530754321378048 
24.76  	 0.2015235420496899 
24.77  	 0.2470731745689181 
24.78  	 0.2890691986242425 
24.79  	 0.3269075939755257 
24.8  	 0.3600441386988628 
24.81  	 0.3880022366058438 
24.82  	 0.4103797720171014 
24.83  	 0.4268548932996273 
24.84  	 0.4371906419846707 
24.85  	 0.4412383608867805 
24.86  	 0.4389398322058476 
24.87  	 0.4303281148604136 
24.88  	 0.4155270690090859 
24.89  	 0.3947495745987903 
24.9  	 0.3682944695620756 
24.91  	 0.3365422517006561 
24.92  	 0.2999496060739815 
24.93  	 0.2590428366040989 
24.94  	 0.214410296368388 
24.95  	 0.1666939254536684 
24.96  	 0.1165800180802528 
24.97  	 0.06478935179070333 
24.98  	 0.01206682067233947 
24.99  	 0.04082927828340463 
25  	 0.09313815159314309 
25.01  	 0.144107451600914 
25.02  	 0.1930040973240221 
25.03  	 0.2391248181917206 
25.04  	 0.2818062690286638 
25.05  	 0.3204345708017354 
25.06  	 0.3544541399079558 
25.07  	 0.3833756790139017 
25.08  	 0.4067832145162649 
25.09  	 0.4243400794053759 
25.1  	 0.4357937554815506 
25.11  	 0.4409795052796674 
25.12  	 0.4398227414648819 
25.13  	 0.4323400996207946 
25.14  	 0.4186391990003686 
25.15  	 0.3989170946804783 
25.16  	 0.3734574433822361 
25.17  	 0.3426264237202588 
25.18  	 0.3068674695587882 
25.19  	 0.2666948922233003 
25.2  	 0.2226864832978268 
25.21  	 0.1754752043996127 
25.22  	 0.1257400834553898 
25.23  	 0.07419644841536049 
25.24  	 0.02158563887109245 
25.25  	 0.03133565644757356 
25.26  	 0.08380628294051531 
25.27  	 0.1350715676389181 
25.28  	 0.1843941734852856 
25.29  	 0.2310647042774587 
25.3  	 0.2744119077483471 
25.31  	 0.3138123300329705 
25.32  	 0.3486992826649429 
25.33  	 0.3785709931322322 
25.34  	 0.4029978217646626 
25.35  	 0.4216284411543612 
25.36  	 0.4341948892318281 
25.37  	 0.4405164233204955 
25.38  	 0.4405021197374747 
25.39  	 0.4341521815510211 
25.4  	 0.4215579356852622 
25.41  	 0.4029005194136142 
25.42  	 0.3784482751324704 
25.43  	 0.3485528908852289 
25.44  	 0.3136443421462197 
25.45  	 0.2742247076154988 
25.46  	 0.230860947969788 
25.47  	 0.1841767514311397 
25.48  	 0.1348435634358664 
25.49  	 0.08357092942171512 
25.5  	 0.03109628963027103 
25.51  	 0.02182562729680881 
25.52  	 0.07443365937867313 
25.53  	 0.1259711588878129 
25.54  	 0.1756968750179192 
25.55  	 0.2228956151044939 
25.56  	 0.2668885310606383 
25.57  	 0.3070428830808469 
25.58  	 0.3427811401839309 
25.59  	 0.3735892867042278 
25.6  	 0.3990242152609226 
25.61  	 0.418720099874046 
25.62  	 0.4323936575643575 
25.63  	 0.4398482227604207 
25.64  	 0.440976575911742 
25.65  	 0.4357624856244289 
25.66  	 0.4242809421390195 
25.67  	 0.4066970787921725 
25.68  	 0.3832637969742889 
25.69  	 0.3543181287423601 
25.7  	 0.3202763894034966 
25.71  	 0.2816281897877014 
25.72  	 0.2389293943298793 
25.73  	 0.1927941262425705 
25.74  	 0.1438859347668196 
25.75  	 0.09290825153999058 
25.76  	 0.04059427334385861 
25.77  	 0.01230358325346006 
25.78  	 0.06502450369082124 
25.79  	 0.1168102179957741 
25.8  	 0.1669159067705641 
25.81  	 0.2146209137246141 
25.82  	 0.2592391106780436 
25.83  	 0.3001287659591769 
25.84  	 0.3367017742615104 
25.85  	 0.368432115209599 
25.86  	 0.3948634189763518 
25.87  	 0.4156155301377107 
25.88  	 0.4303899753580877 
25.89  	 0.4389742562664564 
25.9  	 0.4412449057795171 
25.91  	 0.4371692639135329 
25.92  	 0.4268059475436149 
25.93  	 0.4103040073538393 
25.94  	 0.3879007841032995 
25.95  	 0.3599184950407289 
25.96  	 0.3267595995639208 
25.97  	 0.2889010107784575 
25.98  	 0.2468872362088574 
25.99  	 0.2013225463173343 
26  	 0.1528622834679725 
26.01  	 0.102203436336914 
26.02  	 0.05007461533404932 
26.03  	 0.002774426783198372 
26.04  	 0.0555835783820128 
26.05  	 0.1075933014166683 
26.06  	 0.158055555642872 
26.07  	 0.2062445574640943 
26.08  	 0.25146721866844 
26.09  	 0.2930731149186339 
26.1  	 0.3304638406211774 
26.11  	 0.363101615625996 
26.12  	 0.390517019969147 
26.13  	 0.4123157454114759 
26.14  	 0.4281842666680039 
26.15  	 0.437894350760091 
26.16  	 0.4413063396335921 
26.17  	 0.4383711588299258 
26.18  	 0.4291310233197982 
26.19  	 0.4137188303476397 
26.2  	 0.3923562480192572 
26.21  	 0.3653505271237395 
26.22  	 0.3330900820443599 
26.23  	 0.2960389043166917 
26.24  	 0.2547298891821365 
26.25  	 0.2097571711190165 
26.26  	 0.1617675785870149 
26.27  	 0.1114513308888595 
26.28  	 0.05953211095355829 
26.29  	 0.006756656821450133 
26.3  	 0.04611597846628799 
26.31  	 0.09832534410178144 
26.32  	 0.149120528848825 
26.33  	 0.1977709611768952 
26.34  	 0.2435769168555802 
26.35  	 0.2858795828817884 
26.36  	 0.3240705329929362 
26.37  	 0.3576004784829304 
26.38  	 0.385987168459978 
26.39  	 0.4088223259194595 
26.4  	 0.4257775198721027 
26.41  	 0.4366088890703739 
26.42  	 0.4411606493930614 
26.43  	 0.4393673344423323 
26.44  	 0.4312547371273745 
26.45  	 0.4169395386921194 
26.46  	 0.3966276305225447 
26.47  	 0.3706111528706234 
26.48  	 0.3392642930859885 
26.49  	 0.3030379037881992 
26.5  	 0.2624530183848669 
26.51  	 0.218093357200083 
26.52  	 0.170596931995352 
26.53  	 0.1206468696327951 
26.54  	 0.06896158686124311 
26.55  	 0.01628445753845085 
26.56  	 0.03662687909719032 
26.57  	 0.08901141532938417 
26.58  	 0.1401157203140846 
26.59  	 0.1892047764532393 
26.6  	 0.2355725509357552 
26.61  	 0.2785521503980185 
26.62  	 0.3175254126528629 
26.63  	 0.3519317975313917 
26.64  	 0.3812764489636851 
26.65  	 0.4051373123436061 
26.66  	 0.4231712048108029 
26.67  	 0.4351187511428174 
26.68  	 0.4408081142658358 
26.69  	 0.4401574667292737 
26.7  	 0.4331761675977507 
26.71  	 0.419964627833616 
26.72  	 0.400712866106293 
26.73  	 0.375697775799865 
26.74  	 0.3452791425268578 
26.75  	 0.309894469427251 
26.76  	 0.2700526846790479 
26.77  	 0.2263268217235613 
26.78  	 0.179345777483723 
26.79  	 0.1297852671146848 
26.8  	 0.07835810538201921 
26.81  	 0.02580395444774917 
26.82  	 0.02712131448106987 
26.83  	 0.07965649263279248 
26.84  	 0.1310459819191975 
26.85  	 0.180550662485598 
26.86  	 0.2274585232578966 
26.87  	 0.271094902590927 
26.88  	 0.3108321917291895 
26.89  	 0.3460988615183513 
26.9  	 0.3763876825386782 
26.91  	 0.4012630204326809 
26.92  	 0.420367101500407 
26.93  	 0.4334251584461697 
26.94  	 0.4402493822670033 
26.95  	 0.4407416234440119 
26.96  	 0.4348948035863158 
26.97  	 0.4227930172243758 
26.98  	 0.404610322288793 
26.99  	 0.3806082366709002 
27  	 0.3511319768715453 
27.01  	 0.3166054928366528 
27.02  	 0.2775253703922574 
27.03  	 0.2344536889786996 
27.04  	 0.1880099374093104 
27.05  	 0.1388621039270715 
27.06  	 0.08771706870857582 
27.07  	 0.03531043699730644 
27.08  	 0.01760404090648328 
27.09  	 0.07026531062988088 
27.1  	 0.1219159597626012 
27.11  	 0.1718131115093717 
27.12  	 0.2192391092795241 
27.13  	 0.2635118385397112 
27.14  	 0.3039945374739142 
27.15  	 0.34010495534651 
27.16  	 0.3713237268463352 
27.17  	 0.3972018419659271 
27.18  	 0.4173671039788102 
27.19  	 0.4315294826316428 
27.2  	 0.4394852855577664 
27.21  	 0.4411200879161138 
27.22  	 0.4364103781192622 
27.23  	 0.4254238959808138 
27.24  	 0.4083186584187034 
27.25  	 0.3853406867276259 
27.26  	 0.3568204681087342 
27.27  	 0.32316820234959 
27.28  	 0.2848679020201974 
27.29  	 0.2424704310405123 
27.3  	 0.1965855817439217 
27.31  	 0.1478733043902379 
27.32  	 0.09703421527182302 
27.33  	 0.04479951993225478 
27.34  	 0.008079503570781564 
27.35  	 0.06084231009903344 
27.36  	 0.1127300261517238 
27.37  	 0.1629963645399625 
27.38  	 0.2109183580340958 
27.39  	 0.2558067576053599 
27.4  	 0.2970159457064888 
27.41  	 0.3339532220113627 
27.42  	 0.3660873280594439 
27.43  	 0.3929560881973942 
27.44  	 0.4141730569203779 
27.45  	 0.4294330770060965 
27.46  	 0.4385166685007014 
27.47  	 0.4412931854308442 
27.48  	 0.4377226948400012 
27.49  	 0.4278565511234126 
27.5  	 0.411836657401264 
27.51  	 0.3898934245536856 
27.52  	 0.3623424572723271 
27.53  	 0.3295800147922432 
27.54  	 0.2920773115912685 
27.55  	 0.2503737400284897 
27.56  	 0.2050691123988829 
27.57  	 0.1568150339846504 
27.58  	 0.1063055311824268 
27.59  	 0.05426706949957447 
27.6  	 0.001448104988030539 
27.61  	 0.0513916806050385 
27.62  	 0.1034923061422897 
27.63  	 0.1541044217061884 
27.64  	 0.2025000863023664 
27.65  	 0.2479832376432407 
27.66  	 0.2898997034278712 
27.67  	 0.3276466101284883 
27.68  	 0.3606810539596274 
27.69  	 0.3885279093177083 
27.7  	 0.4107866623842339 
27.71  	 0.4271371716070189 
27.72  	 0.4373442722077149 
27.73  	 0.4412611584905144 
27.74  	 0.4388314953051164 
27.75  	 0.4300902282954373 
27.76  	 0.4151630812805254 
27.77  	 0.3942647479967771 
27.78  	 0.3676958042092021 
27.79  	 0.3358383846040799 
27.8  	 0.2991506866411713 
27.81  	 0.2581603804151711 
27.82  	 0.2134570193106713 
27.83  	 0.1656835606062178 
27.84  	 0.1155271179844228 
27.85  	 0.06370907895228353 
27.86  	 0.01097472931053588 
27.87  	 0.04191746609991376 
27.88  	 0.09420677220165689 
27.89  	 0.1451411251365951 
27.9  	 0.1939879490055436 
27.91  	 0.2400446923173946 
27.92  	 0.2826489326048554 
27.93  	 0.3211879038747318 
27.94  	 0.3551073098620095 
27.95  	 0.3839192963288511 
27.96  	 0.4072094677453638 
27.97  	 0.4246428474326923 
27.98  	 0.4359686954455805 
27.99  	 0.4410241148999149 
28  	 0.439736394876448 
28.01  	 0.4321240562033352 
28.02  	 0.4182965850762737 
28.03  	 0.3984528583475212 
28.04  	 0.3728782831324484 
28.05  	 0.3419406918739131 
28.06  	 0.3060850519046636 
28.07  	 0.2658270655987403 
28.08  	 0.2217457531592076 
28.09  	 0.1744751247220383 
28.1  	 0.1246950615539957 
28.11  	 0.07312153749809779 
28.12  	 0.02049632130854968 
28.13  	 0.03242369201566483 
28.14  	 0.08487736745440719 
28.15  	 0.1361102771732756 
28.16  	 0.1853855512630579 
28.17  	 0.2319944759484051 
28.18  	 0.2752666868344718 
28.19  	 0.3145798105848032 
28.2  	 0.3493684163565405 
28.21  	 0.3791321482471766 
28.22  	 0.4034429217855614 
28.23  	 0.42195108096226 
28.24  	 0.4343904272441099 
28.25  	 0.4405820482420178 
28.26  	 0.4404368909652385 
28.27  	 0.4339570426516644 
28.28  	 0.4212357007522441 
28.29  	 0.4024558325011962 
28.3  	 0.3778875433510251 
28.31  	 0.3478841921213979 
28.32  	 0.3128773087366268 
28.33  	 0.2733703876485515 
28.34  	 0.2299316462123445 
28.35  	 0.1831858521694896 
28.36  	 0.1338053377812801 
28.37  	 0.08250032985369166 
28.38  	 0.03000873473484359 
28.39  	 0.02291447479576748 
28.4  	 0.07550811810047312 
28.41  	 0.1270157545431968 
28.42  	 0.1766965631756124 
28.43  	 0.2238359977700525 
28.44  	 0.2677560639507276 
28.45  	 0.3078250706097695 
28.46  	 0.3434667153564761 
28.47  	 0.3741683733256297 
28.48  	 0.3994884701295376 
28.49  	 0.4190628329103355 
28.5  	 0.4326099281470828 
28.51  	 0.4399349108836069 
28.52  	 0.4409324271380782 
28.53  	 0.4355881291879433 
28.54  	 0.42397888193622 
28.55  	 0.4062716573909749 
28.56  	 0.3827211331583249 
28.57  	 0.3536660294891281 
28.58  	 0.3195242375625782 
28.59  	 0.2807868090752387 
28.6  	 0.2380108935815206 
28.61  	 0.1918117251661013 
28.62  	 0.1428537737013651 
28.63  	 0.09184118795941755 
28.64  	 0.0395076680323626 
28.65  	 0.01339408727670035 
28.66  	 0.06610320631672005 
28.67  	 0.1178615880003074 
28.68  	 0.1679248053677729 
28.69  	 0.2155728124806411 
28.7  	 0.2601203006500215 
28.71  	 0.3009265550494322 
28.72  	 0.3374046699465029 
28.73  	 0.3690299900137716 
28.74  	 0.3953476563092101 
28.75  	 0.4159791483947037 
28.76  	 0.4306277284989011 
28.77  	 0.4390827094224539 
28.78  	 0.4412224848014581 
28.79  	 0.4370162781455733 
28.8  	 0.42652458549481 
28.81  	 0.4098983053283047 
28.82  	 0.3873765682392992 
28.83  	 0.3592832975914524 
28.84  	 0.3260225506235741 
28.85  	 0.2880727070102828 
28.86  	 0.2459795884630723 
28.87  	 0.2003486083302773 
28.88  	 0.1518360641065111 
28.89  	 0.1011396980886192 
28.9  	 0.04898866194183533 
28.91  	 0.003866970487042281 
28.92  	 0.05666699127511766 
28.93  	 0.108651992285128 
28.94  	 0.1590742875247773 
28.95  	 0.2072086669100956 
28.96  	 0.2523628267648546 
28.97  	 0.2938873270364163 
28.98  	 0.331184932016548 
28.99  	 0.363719200221889 
29  	 0.3910221998882103 
29.01  	 0.4127012391085717 
29.02  	 0.4284445138175969 
29.03  	 0.4380255923884044 
29.04  	 0.4413066723414156 
29.05  	 0.4382405623246338 
29.06  	 0.4288713608590618 
29.07  	 0.4133338220869936 
29.08  	 0.3918514176453949 
29.09  	 0.3647331225398701 
29.1  	 0.3323689712470065 
29.11  	 0.2952244479605709 
29.12  	 0.253833791664753 
29.13  	 0.2087923123260976 
29.14  	 0.1607478287178598 
29.15  	 0.110391351024353 
29.16  	 0.05844714223474534 
29.17  	 0.005662301270532963 
29.18  	 0.04720398233030157 
29.19  	 0.09939134762561913 
29.2  	 0.1501491983296512 
29.21  	 0.1987474984318754 
29.22  	 0.2444872721032136 
29.23  	 0.2867106568727768 
29.24  	 0.3248103654828076 
29.25  	 0.3582384203346303 
29.26  	 0.3865140349004488 
29.27  	 0.4092305287447925 
29.28  	 0.4260611766987361 
29.29  	 0.436763908059806 
29.3  	 0.4411847882302474 
29.31  	 0.439260232718177 
29.32  	 0.4310179216582269 
29.33  	 0.4165764016983477 
29.34  	 0.3961433809787035 
29.35  	 0.3700127417254367 
29.36  	 0.3385603134264466 
29.37  	 0.3022384673821524 
29.38  	 0.2615696103766244 
29.39  	 0.2171386710475203 
29.4  	 0.1695846870214289 
29.41  	 0.1195916138144677 
29.42  	 0.06787848769117336 
29.43  	 0.01518908396657288 
29.44  	 0.03771878050687287 
29.45  	 0.09008414680780963 
29.46  	 0.1411538586064778 
29.47  	 0.1901933946025024 
29.48  	 0.2364974329405292 
29.49  	 0.2793999956583602 
29.5  	 0.3182840272628765 
29.51  	 0.3525902696677207 
29.52  	 0.3818253058469551 
29.53  	 0.4055686565150426 
29.54  	 0.4234788277635578 
29.55  	 0.4352982226731339 
29.56  	 0.4408568462582835 
29.57  	 0.4400747504578907 
29.58  	 0.4329631840057494 
29.59  	 0.4196244306428787 
29.6  	 0.400250337998532 
29.61  	 0.3751195582986928 
29.62  	 0.344593540587999 
29.63  	 0.3091113321081054 
29.64  	 0.2691832636026134 
29.65  	 0.2253836093712063 
29.66  	 0.1783423276413693 
29.67  	 0.1287360000536563 
29.68  	 0.07727810057540219 
29.69  	 0.02470873380232609 
29.7  	 0.02821600976052552 
29.71  	 0.08073492833894066 
29.72  	 0.1320926570432424 
29.73  	 0.1815505320717605 
29.74  	 0.2283972147069608 
29.75  	 0.2719589223023167 
29.76  	 0.3116091191104505 
29.77  	 0.3467775275720446 
29.78  	 0.3769583304586435 
29.79  	 0.4017174459002 
29.8  	 0.4206987706626621 
29.81  	 0.4336293018802709 
29.82  	 0.440323063578123 
29.83  	 0.4406837815109226 
29.84  	 0.4347062678464741 
29.85  	 0.4224764957783976 
29.86  	 0.4041703629950115 
29.87  	 0.3800511617889729 
29.88  	 0.3504657921945752 
29.89  	 0.3158397726179821 
29.9  	 0.2766711197212381 
29.91  	 0.2335231855839923 
29.92  	 0.1870165551640907 
29.93  	 0.137820120593666 
29.94  	 0.0866414606866007 
29.95  	 0.03421666402654093 
29.96  	 0.01870025799329129 
29.97  	 0.07134821590853589 
29.98  	 0.1229699887239815 
29.99  	 0.1728231148143475 
30  	 0.2201905705448138 
30.01  	 0.2643910830236219 
30.02  	 0.3047889286612674 
30.03  	 0.3408030766063059 
30.04  	 0.3719155455502607 
30.05  	 0.3976788537080167 
30.06  	 0.417722454822699 
30.07  	 0.4317580676277654 
30.08  	 0.439583822114149 
30.09  	 0.4410871629678574 
30.1  	 0.4362464684187051 
30.11  	 0.4251313612167756 
30.12  	 0.4079017072639097 
30.13  	 0.384805316302738 
30.14  	 0.3561743777335756 
30.15  	 0.3224206828219313 
30.16  	 0.2840297020143284 
30.17  	 0.2415536025468173 
30.18  	 0.1956033067720482 
30.19  	 0.1468397054277613 
30.2  	 0.0959641522241244 
30.21  	 0.04370837646322491 
30.22  	 0.009176041224654496 
30.23  	 0.06192847866082934 
30.24  	 0.113790211939698 
30.25  	 0.1640153279475297 
30.26  	 0.2118814526267636 
30.27  	 0.2567001406841265 
30.28  	 0.2978267773102371 
30.29  	 0.3346698494969796 
30.3  	 0.3666994536058306 
30.31  	 0.3934549168251247 
30.32  	 0.4145514228989391 
30.33  	 0.4296855468315702 
30.34  	 0.4386396189634841 
30.35  	 0.4412848556514631 
30.36  	 0.4375832115252432 
30.37  	 0.4275879266801965 
30.38  	 0.4114427609359619 
30.39  	 0.3893799261745006 
30.4  	 0.3617167464962426 
30.41  	 0.3288510942304203 
30.42  	 0.2912556674422443 
30.43  	 0.2494711912420239 
30.44  	 0.2040986406799107 
30.45  	 0.1557905970825155 
30.46  	 0.1052418621504491 
30.47  	 0.05317946481223302 
30.48  	 0.0003522045628552208 
30.49  	 0.05248011831744919 
30.5  	 0.1045576307654204 
30.51  	 0.1551313159834912 
30.52  	 0.2034737863454565 
30.53  	 0.248889745215314 
30.54  	 0.2907259872097812 
30.55  	 0.328380793073432 
30.56  	 0.3613125840425244 
30.57  	 0.3890477112241647 
30.58  	 0.4111872679582976 
30.59  	 0.4274128271821852 
30.6  	 0.4374910212784545 
30.61  	 0.4412768985359724 
30.62  	 0.4387160079485967 
30.63  	 0.4298451823666397 
30.64  	 0.4147920087372808 
30.65  	 0.3937729930533169 
30.66  	 0.3670904464033294 
30.67  	 0.3351281369103953 
30.68  	 0.2983457700963622 
30.69  	 0.2572723770590779 
30.7  	 0.2124987055588615 
30.71  	 0.1646687234507892 
30.72  	 0.1144703566671411 
30.73  	 0.06262559496270741 
30.74  	 0.009880107729584706 
30.75  	 0.04300748076567093 
30.76  	 0.09527650247114806 
30.77  	 0.1461751860336895 
30.78  	 0.1949714693239766 
30.79  	 0.2409635284889606 
30.8  	 0.2834898720951244 
30.81  	 0.3219388551812441 
30.82  	 0.3557574763826026 
30.83  	 0.3844593316000028 
30.84  	 0.4076316098181118 
30.85  	 0.4249410304542093 
30.86  	 0.4361386368419769 
30.87  	 0.4410633769071214 
30.88  	 0.4396444195347708 
30.89  	 0.4319021733131083 
30.9  	 0.4179479930008757 
30.91  	 0.3979825779405807 
30.92  	 0.3722930854526097 
30.93  	 0.3412490007275427 
30.94  	 0.3052968226188501 
30.95  	 0.2649536417689768 
30.96  	 0.2207997034325597 
30.97  	 0.173470061964118 
30.98  	 0.1236454470011952 
30.99  	 0.07204247271214351 
31  	 0.01940333092664547 
31.01  	 0.03351488361049026 
31.02  	 0.08595106233001595 
31.03  	 0.1371510296586361 
31.04  	 0.1863783901239221 
31.05  	 0.2329251197327629 
31.06  	 0.2761217492904099 
31.07  	 0.3153469931961818 
31.08  	 0.3500366852274588 
31.09  	 0.3796918927909862 
31.1  	 0.4038860929364422 
31.11  	 0.4222713069214728 
31.12  	 0.4345831050966305 
31.13  	 0.4406444101260407 
31.14  	 0.4403680438433064 
31.15  	 0.4337579811118013 
31.16  	 0.4209092926554543 
31.17  	 0.4020067776822678 
31.18  	 0.3773223059671842 
31.19  	 0.3472109076223603 
31.2  	 0.3121056667947784 
31.21  	 0.2725114927334753 
31.22  	 0.2289978578158059 
31.23  	 0.1821906069795129 
31.24  	 0.1327629563632782 
31.25  	 0.08142581062020479 
31.26  	 0.02891753816732546 
31.27  	 0.02400664856880358 
31.28  	 0.07658555516943694 
31.29  	 0.1280629532784241 
31.3  	 0.1776984572315229 
31.31  	 0.2247781728246143 
31.32  	 0.2686249650624543 
31.33  	 0.3086081972096997 
31.34  	 0.3441528010700513 
31.35  	 0.3747475480381834 
31.36  	 0.3999524019639831 
31.37  	 0.4194048480751226 
31.38  	 0.4328251069304282 
31.39  	 0.4400201584134222 
31.4  	 0.4408865178898742 
31.41  	 0.4354117246006721 
