0.01  	 0.009048374180359595 
0.02  	 0.01637461506155964 
0.03  	 0.02222454662045154 
0.04  	 0.02681280184142557 
0.05  	 0.03032653298563167 
0.06  	 0.03292869816564158 
0.07000000000000001  	 0.03476097126539866 
0.08  	 0.03594631712937773 
0.09  	 0.03659126937665393 
0.1  	 0.03678794411714423 
0.11  	 0.03661581920678875 
0.12  	 0.03614330542946426 
0.13  	 0.03542913309442164 
0.14  	 0.0345235749518249 
0.15  	 0.03346952402226447 
0.16  	 0.03230344287914486 
0.17  	 0.03105619908896489 
0.18  	 0.02975379987988558 
0.19  	 0.02841803765230066 
0.2  	 0.02706705664732254 
0.21  	 0.0257158499331262 
0.22  	 0.02437669483971345 
0.23  	 0.02305953405624485 
0.24  	 0.021772308789459 
0.25  	 0.0205212496559747 
0.26  	 0.01931113033572681 
0.27  	 0.01814548843973244 
0.28  	 0.01702681753506103 
0.29  	 0.0159567338163581 
0.3  	 0.01493612051035918 
0.31  	 0.01396525274200292 
0.32  	 0.01304390527307719 
0.33  	 0.0121714452424092 
0.34  	 0.01134691178651086 
0.35  	 0.01056908419781147 
0.36  	 0.009836540081025325 
0.37  	 0.009147704794025574 
0.38  	 0.008500893305342929 
0.39  	 0.007894345463863708 
0.4  	 0.007326255555493672 
0.41  	 0.006794796914722108 
0.42  	 0.006298142264600635 
0.43  	 0.005834480375246401 
0.44  	 0.005402029557350112 
0.45  	 0.004999048442209037 
0.46  	 0.004623844442531445 
0.47  	 0.004274780237797034 
0.48  	 0.003950278583529614 
0.49  	 0.003648825704752926 
0.5  	 0.003368973499542734 
0.51  	 0.003109340748412975 
0.52  	 0.002868613498795602 
0.53  	 0.002645544770662413 
0.54  	 0.00243895370901084 
0.55  	 0.002247724291155237 
0.5600000000000001  	 0.002070803681230441 
0.5700000000000001  	 0.001907200310758623 
0.58  	 0.001755981752317973 
0.59  	 0.001616272443073339 
0.6  	 0.001487251305999815 
0.61  	 0.00136814930888634 
0.62  	 0.001258246994503355 
0.63  	 0.001156872009528212 
0.64  	 0.001063396654831318 
0.65  	 0.0009772354754354221 
0.66  	 0.0008978429047816093 
0.67  	 0.0008247109747912323 
0.68  	 0.0007573671005344656 
0.6900000000000001  	 0.0006953719460434723 
0.7000000000000001  	 0.0006383173758881608 
0.71  	 0.0005858244955187922 
0.72  	 0.0005375417820312094 
0.73  	 0.0004931433058915064 
0.74  	 0.0004523270432358835 
0.75  	 0.0004148132776108752 
0.76  	 0.0003803430894148642 
0.77  	 0.0003486769308228337 
0.78  	 0.0003195932836042334 
0.79  	 0.0002928873969626797 
0.8  	 0.0002683701023220095 
0.8100000000000001  	 0.0002458667018438816 
0.8200000000000001  	 0.0002252159273771565 
0.8300000000000001  	 0.0002062689664996001 
0.84  	 0.0001888885523102325 
0.85  	 0.0001729481136590475 
0.86  	 0.0001583309825541181 
0.87  	 0.0001449296555592412 
0.88  	 0.0001326451060840193 
0.89  	 0.0001213861445689901 
0.9  	 0.0001110688236780116 
0.91  	 0.0001016158857260044 
0.92  	 9.295624969012579E-05 
0.93  	 8.502453527470114E-05 
0.9400000000000001  	 7.776062162323431E-05 
0.9500000000000001  	 7.110923839331557E-05 
0.96  	 6.501958703121974E-05 
0.97  	 5.944499020162547E-05 
0.98  	 5.434256744353341E-05 
0.99  	 4.967293523561353E-05 
1  	 4.539992976248485E-05 
1.01  	 4.149035077755373E-05 
1.02  	 3.791372505780927E-05 
1.03  	 3.464208804129054E-05 
1.04  	 3.164978232873977E-05 
1.05  	 2.891327181723452E-05 
1.06  	 2.641097031539335E-05 
1.07  	 2.412308356713702E-05 
1.08  	 2.203146368406568E-05 
1.09  	 2.011947505540081E-05 
1.1  	 1.837187086927023E-05 
1.11  	 1.677467944003906E-05 
1.12  	 1.531509959356265E-05 
1.13  	 1.398140441582069E-05 
1.14  	 1.276285272055365E-05 
1.15  	 1.16496076384253E-05 
1.16  	 1.063266177404724E-05 
1.17  	 9.703768418086123E-06 
1.18  	 8.855378339790709E-06 
1.19  	 8.080581720781585E-06 
1.2  	 7.373054823993852E-06 
1.21  	 6.727011022396676E-06 
1.22  	 6.137155840675967E-06 
1.23  	 5.598645689592374E-06 
1.24  	 5.107049997344278E-06 
1.25  	 4.658316465098339E-06 
1.26  	 4.248739195015372E-06 
1.27  	 3.874929458706257E-06 
1.28  	 3.533788892207614E-06 
1.29  	 3.222484920367959E-06 
1.3  	 2.938428229075371E-06 
1.31  	 2.679252118125767E-06 
1.32  	 2.442793580808114E-06 
1.33  	 2.227075968547574E-06 
1.34  	 2.030293110271954E-06 
1.35  	 1.850794766618514E-06 
1.36  	 1.687073308741127E-06 
1.37  	 1.537751520371049E-06 
1.38  	 1.401571429983437E-06 
1.39  	 1.277384087478158E-06 
1.4  	 1.164140206744993E-06 
1.41  	 1.060881601895154E-06 
1.42  	 9.667333508446406E-07 
1.43  	 8.808966253688368E-07 
1.44  	 8.026421317480233E-07 
1.45  	 7.313041107234376E-07 
1.46  	 6.66274849713983E-07 
1.47  	 6.06999664133371E-07 
1.48  	 5.529723082230185E-07 
1.49  	 5.037307791018057E-07 
1.5  	 4.588534807527387E-07 
1.51  	 4.179557174396619E-07 
1.52  	 3.806864885937985E-07 
1.53  	 3.467255595481536E-07 
1.54  	 3.157807846442367E-07 
1.55  	 2.875856612054767E-07 
1.56  	 2.61897094679323E-07 
1.57  	 2.384933569083269E-07 
1.58  	 2.171722210115806E-07 
1.59  	 1.977492577528563E-07 
1.6  	 1.800562795508146E-07 
1.61  	 1.639399194592318E-07 
1.62  	 1.492603335199709E-07 
1.63  	 1.358900158763932E-07 
1.64  	 1.237127169374454E-07 
1.65  	 1.126224557095254E-07 
1.66  	 1.02522618170634E-07 
1.67  	 9.332513425505507E-08 
1.68  	 8.494972665203674E-08 
1.69  	 7.73232252036342E-08 
1.7  	 7.037894121934783E-08 
1.71  	 6.405609651264868E-08 
1.72  	 5.82993024105871E-08 
1.73  	 5.30580843959495E-08 
1.74  	 4.828644841498916E-08 
1.75  	 4.394248522551969E-08 
1.76  	 3.998800947281986E-08 
1.77  	 3.638823046675994E-08 
1.78  	 3.311145189510961E-08 
1.79  	 3.01287979471603E-08 
1.8  	 2.741396354048273E-08 
1.81  	 2.494298654359175E-08 
1.82  	 2.26940400700668E-08 
1.83  	 2.064724308675879E-08 
1.84  	 1.878448773141959E-08 
1.85  	 1.70892818746456E-08 
1.86  	 1.554660558855677E-08 
1.87  	 1.414278030115576E-08 
1.88  	 1.286534952176982E-08 
1.89  	 1.170297012023499E-08 
1.9  	 1.064531323132081E-08 
1.91  	 9.682973937035569E-09 
1.92  	 8.807388953563246E-09 
1.93  	 8.010761617257572E-09 
1.94  	 7.285993525920307E-09 
1.95  	 6.626622248015388E-09 
1.96  	 6.026764563989748E-09 
1.97  	 5.481064750901269E-09 
1.98  	 4.98464746448779E-09 
1.99  	 4.533074811998689E-09 
2  	 4.122307244877116E-09 
2.01  	 3.748667933024562E-09 
2.02  	 3.408810312167234E-09 
2.03  	 3.099688523027005E-09 
2.04  	 2.818530485802263E-09 
2.05  	 2.562813376092822E-09 
2.06  	 2.330241289049563E-09 
2.07  	 2.118724897361991E-09 
2.08  	 1.926362925878093E-09 
2.09  	 1.751425281321213E-09 
2.1  	 1.592337689861501E-09 
2.11  	 1.447667708335321E-09 
2.12  	 1.316111986793564E-09 
2.13  	 1.196484670900889E-09 
2.14  	 1.087706842592666E-09 
2.15  	 9.887969064102481E-10 
2.16  	 8.988618371524162E-10 
2.17  	 8.170892119736644E-10 
2.18  	 7.427399568897163E-10 
2.19  	 6.751417438773709E-10 
2.2  	 6.136829804311635E-10 
2.21  	 5.578073386127907E-10 
2.22  	 5.070087753442687E-10 
2.23  	 4.608269999932904E-10 
2.24  	 4.188433492156123E-10 
2.25  	 3.806770325884043E-10 
2.26  	 3.459817158207617E-10 
2.27  	 3.144424112912235E-10 
2.28  	 2.857726483623573E-10 
2.29  	 2.5971189838287E-10 
2.3  	 2.360232315291427E-10 
2.31  	 2.144911846803479E-10 
2.32  	 1.949198213815264E-10 
2.33  	 1.771309666438513E-10 
2.34  	 1.609626008749499E-10 
2.35  	 1.462673986383329E-10 
2.36  	 1.329113992217533E-10 
2.37  	 1.207727971607952E-10 
2.38  	 1.097408419264361E-10 
2.39  	 9.971483695282432E-11 
2.4  	 9.060322906269834E-11 
2.41  	 8.232278015019086E-11 
2.42  	 7.479781371148162E-11 
2.43  	 6.795952947902433E-11 
2.44  	 6.174538002089037E-11 
2.45  	 5.609850371831605E-11 
2.46  	 5.096720903673378E-11 
2.47  	 4.630450546274959E-11 
2.48  	 4.206767689576482E-11 
2.49  	 3.821789366184903E-11 
2.5  	 3.471985966241005E-11 
2.51  	 3.154149148419195E-11 
2.52  	 2.865362658295218E-11 
2.53  	 2.602975791331456E-11 
2.54  	 2.36457926140938E-11 
2.55  	 2.147983257389498E-11 
2.56  	 1.9511974897953E-11 
2.57  	 1.77241304756785E-11 
2.58  	 1.6099859010851E-11 
2.59  	 1.462421902423817E-11 
2.6  	 1.328363147296465E-11 
2.61  	 1.206575575338525E-11 
2.62  	 1.095937696562047E-11 
2.63  	 9.954303419285593E-12 
2.64  	 9.041273452177771E-12 
2.65  	 8.211870717612838E-12 
2.66  	 7.458447172454307E-12 
2.67  	 6.774053067352154E-12 
2.68  	 6.152373303907111E-12 
2.69  	 5.587669580977929E-12 
2.7  	 5.074727804655525E-12 
2.71  	 4.608810284014606E-12 
2.72  	 4.185612278039316E-12 
2.73  	 3.801222498496599E-12 
2.74  	 3.452087209348135E-12 
2.75  	 3.134977595871977E-12 
2.76  	 2.846960106298283E-12 
2.77  	 2.585369495717782E-12 
2.78  	 2.347784326535837E-12 
2.79  	 2.132004702042122E-12 
2.8  	 1.93603202994325E-12 
2.81  	 1.758050631148803E-12 
2.82  	 1.596411025871813E-12 
2.83  	 1.449614744358292E-12 
2.84  	 1.31630052343001E-12 
2.85  	 1.19523176263817E-12 
2.86  	 1.085285125295392E-12 
2.87  	 9.854401800827504E-13 
2.88  	 8.947699884125154E-13 
2.89  	 8.124325513500309E-13 
2.9  	 7.376630377393076E-13 
2.91  	 6.697667223053161E-13 
2.92  	 6.081125689882065E-13 
2.93  	 5.521274006574014E-13 
2.94  	 5.012906017115989E-13 
2.95  	 4.551293049416069E-13 
2.96  	 4.132140184614769E-13 
2.97  	 3.751546525391921E-13 
2.98  	 3.405969098181372E-13 
2.99  	 3.092190057476174E-13 
3  	 2.807286890652053E-13 
3.01  	 2.548605349229876E-13 
3.02  	 2.313734857490099E-13 
3.03  	 2.100486172068717E-13 
3.04  	 1.906871086814162E-13 
3.05  	 1.731083995952974E-13 
3.06  	 1.571485145672944E-13 
3.07  	 1.426585419737316E-13 
3.08  	 1.29503251883805E-13 
3.09  	 1.17559840620445E-13 
3.1  	 1.067167903625693E-13 
3.11  	 9.687283326259975E-14 
3.12  	 8.793601051470548E-14 
3.13  	 7.982281768313297E-14 
3.14  	 7.245742839414344E-14 
