0.01  	 0.0003250841529737394 
0.02  	 0.0006024052026070287 
0.03  	 0.0008353072913284409 
0.04  	 0.001027331808449897 
0.05  	 0.001182099233625524 
0.06  	 0.001303217546760313 
0.07000000000000001  	 0.001394212567317199 
0.08  	 0.001458476297624536 
0.09  	 0.001499229955730798 
0.1  	 0.001519498907050679 
0.11  	 0.001522097152233316 
0.12  	 0.001509619411586401 
0.13  	 0.001484439172913736 
0.14  	 0.001448711347515855 
0.15  	 0.001404378415097898 
0.16  	 0.001353179138274978 
0.17  	 0.001296659096339779 
0.18  	 0.00123618243035931 
0.19  	 0.001172944311310778 
0.2  	 0.001107983743146596 
0.21  	 0.00104219639624744 
0.22  	 0.0009763472361392495 
0.23  	 0.0009110827697379024 
0.24  	 0.0008469427785700208 
0.25  	 0.0007843714469720868 
0.26  	 0.0007237278245408631 
0.27  	 0.000665295587254075 
0.28  	 0.0006092920816900514 
0.29  	 0.0005558766524959326 
0.3  	 0.0005051582654065339 
0.31  	 0.0004572024473146891 
0.32  	 0.0004120375716598172 
0.33  	 0.0003696605221764453 
0.34  	 0.0003300417712013455 
0.35  	 0.0002931299105913086 
0.36  	 0.0002588556741169121 
0.37  	 0.0002271354901920743 
0.38  	 0.000197874603158078 
0.39  	 0.0001709698002175936 
0.4  	 0.0001463117796334026 
0.41  	 0.0001237871940732785 
0.42  	 0.0001032804010787092 
0.43  	 8.467495063103122E-05 
0.44  	 6.785483773644706E-05 
0.45  	 5.270554589598391E-05 
0.46  	 3.911490530016451E-05 
0.47  	 2.69737876169478E-05 
0.48  	 1.617665734473476E-05 
0.49  	 6.621997892941947E-06 
0.5  	 1.787371159084859E-06 
0.51  	 9.144070783085982E-06 
0.52  	 1.553601986426303E-05 
0.53  	 2.104636126306226E-05 
0.54  	 2.575344592584431E-05 
0.55  	 2.973086558252574E-05 
0.5600000000000001  	 3.304752565871927E-05 
0.5700000000000001  	 3.576775102436956E-05 
0.58  	 3.79514181053581E-05 
0.59  	 3.965410770405127E-05 
0.6  	 4.092727361480145E-05 
0.61  	 4.18184227861326E-05 
0.62  	 4.237130337842875E-05 
0.63  	 4.262609759947042E-05 
0.64  	 4.261961667520464E-05 
0.65  	 4.2385495734806E-05 
0.66  	 4.195438676175974E-05 
0.67  	 4.135414809108839E-05 
0.68  	 4.061002922082363E-05 
0.6900000000000001  	 3.974484995751873E-05 
0.7000000000000001  	 3.877917313440109E-05 
0.71  	 3.773147033021395E-05 
0.72  	 3.661828017979677E-05 
0.73  	 3.545435900702303E-05 
0.74  	 3.425282362926383E-05 
0.75  	 3.302528628261649E-05 
0.76  	 3.178198170076434E-05 
0.77  	 3.053188644954602E-05 
0.78  	 2.928283067583443E-05 
0.79  	 2.804160247479214E-05 
0.8  	 2.681404511539054E-05 
0.8100000000000001  	 2.560514739155222E-05 
0.8200000000000001  	 2.441912738655039E-05 
0.8300000000000001  	 2.325950995239043E-05 
0.84  	 2.212919821475756E-05 
0.85  	 2.103053941848227E-05 
0.86  	 1.996538542913773E-05 
0.87  	 1.893514820392058E-05 
0.88  	 1.794085053995152E-05 
0.89  	 1.698317240104367E-05 
0.9  	 1.606249311523903E-05 
0.91  	 1.517892972538852E-05 
0.92  	 1.433237176403762E-05 
0.93  	 1.352251271217317E-05 
0.9400000000000001  	 1.274887838920169E-05 
0.9500000000000001  	 1.201085250907392E-05 
0.96  	 1.130769962489574E-05 
0.97  	 1.063858567182454E-05 
0.98  	 1.000259630564683E-05 
0.99  	 9.398753222265647E-06 
1  	 8.826028631466657E-06 
1.01  	 8.283358046845314E-06 
1.02  	 7.769651542700691E-06 
1.03  	 7.283803618077473E-06 
1.04  	 6.824701797985147E-06 
1.05  	 6.391234092156938E-06 
1.06  	 5.982295422545034E-06 
1.07  	 5.596793122076006E-06 
1.08  	 5.233651599015178E-06 
1.09  	 4.891816253602549E-06 
1.1  	 4.570256726410838E-06 
1.11  	 4.267969551131022E-06 
1.12  	 3.98398027819298E-06 
1.13  	 3.717345129762406E-06 
1.14  	 3.467152241203802E-06 
1.15  	 3.232522539040643E-06 
1.16  	 3.012610300761438E-06 
1.17  	 2.806603437493891E-06 
1.18  	 2.613723536577904E-06 
1.19  	 2.433225697393494E-06 
1.2  	 2.264398190423219E-06 
1.21  	 2.106561966430176E-06 
1.22  	 1.959070039795167E-06 
1.23  	 1.821306767463098E-06 
1.24  	 1.692687042580943E-06 
1.25  	 1.572655419752954E-06 
1.26  	 1.460685186877877E-06 
1.27  	 1.356277396752119E-06 
1.28  	 1.258959870009936E-06 
1.29  	 1.168286179512726E-06 
1.3  	 1.083834624982568E-06 
1.31  	 1.005207205489129E-06 
1.32  	 9.320285963325643E-07 
1.33  	 8.639451359085778E-07 
1.34  	 8.006238272860358E-07 
1.35  	 7.417513584632031E-07 
1.36  	 6.870331445883744E-07 
1.37  	 6.361923948264631E-07 
1.38  	 5.889692060181201E-07 
1.39  	 5.451196848059746E-07 
1.4  	 5.044150994873299E-07 
1.41  	 4.666410624889587E-07 
1.42  	 4.315967440424242E-07 
1.43  	 3.990941173628718E-07 
1.44  	 3.689572353963849E-07 
1.45  	 3.410215389969526E-07 
1.46  	 3.151331962201624E-07 
1.47  	 2.91148472273782E-07 
1.48  	 2.689331295425526E-07 
1.49  	 2.483618570029214E-07 
1.5  	 2.293177282608444E-07 
1.51  	 2.116916873799243E-07 
1.52  	 1.95382061615962E-07 
1.53  	 1.802941001357885E-07 
1.54  	 1.663395377713243E-07 
1.55  	 1.534361828427099E-07 
1.56  	 1.415075280758151E-07 
1.57  	 1.304823836381947E-07 
1.58  	 1.202945313226237E-07 
1.59  	 1.108823989177659E-07 
1.6  	 1.021887538204131E-07 
1.61  	 9.416041496239503E-08 
1.62  	 8.674798214699888E-08 
1.63  	 7.990558191396365E-08 
1.64  	 7.35906290783413E-08 
1.65  	 6.776360311625752E-08 
1.66  	 6.238783859945947E-08 
1.67  	 5.742932891020845E-08 
1.68  	 5.285654249817418E-08 
1.69  	 4.864025097135294E-08 
1.7  	 4.475336834334176E-08 
1.71  	 4.117080078945633E-08 
1.72  	 3.786930629393633E-08 
1.73  	 3.482736359976956E-08 
1.74  	 3.202504990133252E-08 
1.75  	 2.944392674800418E-08 
1.76  	 2.7066933654111E-08 
1.77  	 2.487828893690708E-08 
1.78  	 2.286339732977762E-08 
1.79  	 2.100876394242023E-08 
1.8  	 1.930191416338898E-08 
1.81  	 1.773131912308354E-08 
1.82  	 1.628632635699938E-08 
1.83  	 1.495709532985363E-08 
1.84  	 1.373453750105485E-08 
1.85  	 1.261026063091123E-08 
1.86  	 1.157651704499352E-08 
1.87  	 1.062615559119758E-08 
1.88  	 9.752577040313859E-09 
1.89  	 8.949692696334694E-09 
1.9  	 8.211885997337647E-09 
1.91  	 7.533976901602834E-09 
1.92  	 6.911188866687996E-09 
1.93  	 6.339118241518007E-09 
1.94  	 5.813705903184729E-09 
1.95  	 5.331210981119638E-09 
1.96  	 4.888186521633016E-09 
1.97  	 4.48145695553208E-09 
1.98  	 4.108097240670931E-09 
1.99  	 3.765413559872251E-09 
2  	 3.450925462722662E-09 
2.01  	 3.162349347309588E-09 
2.02  	 2.897583185059618E-09 
2.03  	 2.654692398485889E-09 
2.04  	 2.431896807876556E-09 
2.05  	 2.227558568781762E-09 
2.06  	 2.040171027607409E-09 
2.07  	 1.868348427717623E-09 
2.08  	 1.710816403209628E-09 
2.09  	 1.56640320197063E-09 
2.1  	 1.434031583776712E-09 
2.11  	 1.312711343066636E-09 
2.12  	 1.201532409634591E-09 
2.13  	 1.099658483852923E-09 
2.14  	 1.0063211661723E-09 
2.15  	 9.208145435690221E-10 
2.16  	 8.424901983284669E-10 
2.17  	 7.707526070856704E-10 
2.18  	 7.050549003982634E-10 
2.19  	 6.448949553170361E-10 
2.2  	 5.898117954546287E-10 
2.21  	 5.39382274944423E-10 
2.22  	 4.932180244384754E-10 
2.23  	 4.509626389248758E-10 
2.24  	 4.122890886592625E-10 
2.25  	 3.768973359105985E-10 
2.26  	 3.445121415249201E-10 
2.27  	 3.148810465198607E-10 
2.28  	 2.877725150435274E-10 
2.29  	 2.629742260702411E-10 
2.3  	 2.402915021680882E-10 
2.31  	 2.195458645649563E-10 
2.32  	 2.005737045652101E-10 
2.33  	 1.832250621336628E-10 
2.34  	 1.673625031708372E-10 
2.35  	 1.528600876581207E-10 
2.36  	 1.396024214569449E-10 
2.37  	 1.274837851060751E-10 
2.38  	 1.164073334788893E-10 
2.39  	 1.062843606410744E-10 
2.4  	 9.703362469150663E-11 
2.41  	 8.858072777766131E-11 
2.42  	 8.085754685441694E-11 
2.43  	 7.380171110366378E-11 
2.44  	 6.735612225400647E-11 
2.45  	 6.146851433692983E-11 
2.46  	 5.609104969000498E-11 
2.47  	 5.117994827069824E-11 
2.48  	 4.669514757774911E-11 
2.49  	 4.259999069234331E-11 
2.5  	 3.886094014981614E-11 
2.51  	 3.544731553562878E-11 
2.52  	 3.233105286806555E-11 
2.53  	 2.948648398556418E-11 
2.54  	 2.689013429985661E-11 
2.55  	 2.452053740806432E-11 
2.56  	 2.235806517846697E-11 
2.57  	 2.038477203659887E-11 
2.58  	 1.858425228141942E-11 
2.59  	 1.694150935618994E-11 
2.6  	 1.544283608603696E-11 
2.61  	 1.407570497456553E-11 
2.62  	 1.282866772584522E-11 
2.63  	 1.169126322613847E-11 
2.64  	 1.065393328232566E-11 
2.65  	 9.70794547154741E-12 
2.66  	 8.845322509508805E-12 
2.67  	 8.05877759355881E-12 
2.68  	 7.34165522138727E-12 
2.69  	 6.687877027299769E-12 
2.7  	 6.091892215812062E-12 
2.71  	 5.548632207023775E-12 
2.72  	 5.053469140123956E-12 
2.73  	 4.60217791067866E-12 
2.74  	 4.190901444257187E-12 
2.75  	 3.816118933662881E-12 
2.76  	 3.474616789720708E-12 
2.77  	 3.163462076402248E-12 
2.78  	 2.879978220186053E-12 
2.79  	 2.621722801098629E-12 
2.8  	 2.386467248982395E-12 
2.81  	 2.172178283312428E-12 
2.82  	 1.977000948437016E-12 
2.83  	 1.799243108551915E-12 
2.84  	 1.637361278121485E-12 
2.85  	 1.489947673918673E-12 
2.86  	 1.355718384445877E-12 
2.87  	 1.2335025612911E-12 
2.88  	 1.122232545034589E-12 
2.89  	 1.020934845709293E-12 
2.9  	 9.287219045904917E-13 
2.91  	 8.44784570295064E-13 
2.92  	 7.683852278574371E-13 
2.93  	 6.988515246584956E-13 
2.94  	 6.355706418563924E-13 
2.95  	 5.77984064339466E-13 
2.96  	 5.255828062253006E-13 
2.97  	 4.77903052596315E-13 
2.98  	 4.345221815196269E-13 
2.99  	 3.950551334727069E-13 
3  	 3.591510981103554E-13 
3.01  	 3.264904908843277E-13 
3.02  	 2.967821943845766E-13 
3.03  	 2.697610414286233E-13 
3.04  	 2.451855189000062E-13 
3.05  	 2.228356731431935E-13 
3.06  	 2.02511199375199E-13 
3.07  	 1.840296990859565E-13 
3.08  	 1.672250907825751E-13 
3.09  	 1.519461606973777E-13 
3.1  	 1.380552412364141E-13 
3.11  	 1.254270060028611E-13 
3.12  	 1.139473711968611E-13 
3.13  	 1.03512494077559E-13 
3.14  	 9.40278599813624E-14 
