0.01  	 0.009690841501116652 
0.02  	 0.01845829519031273 
0.03  	 0.02638685371905634 
0.04  	 0.03355198462751457 
0.05  	 0.04002107350811843 
0.06  	 0.04585427325108545 
0.07000000000000001  	 0.05110526853795593 
0.08  	 0.05582196386669635 
0.09  	 0.06004710259293749 
0.1  	 0.06381882374868826 
0.11  	 0.06717116274534596 
0.12  	 0.070134501475603 
0.13  	 0.07273597279310853 
0.14  	 0.07499982386419293 
0.15  	 0.07694774244780432 
0.16  	 0.0785991497636787 
0.17  	 0.07997146325071305 
0.18  	 0.08108033219394289 
0.19  	 0.08193984890618303 
0.2  	 0.08256273788631749 
0.21  	 0.08296052513773999 
0.22  	 0.08314368961511785 
0.23  	 0.08312179857327644 
0.24  	 0.08290362841657793 
0.25  	 0.08249727248888727 
0.26  	 0.08191023710143713 
0.27  	 0.08114952696713584 
0.28  	 0.08022172109376043 
0.29  	 0.0791330400838204 
0.3  	 0.07788940569456282 
0.31  	 0.07649649342661431 
0.32  	 0.07495977883321646 
0.33  	 0.07328457817308763 
0.34  	 0.07147608396789552 
0.35  	 0.0695393959694796 
0.36  	 0.06747954799171513 
0.37  	 0.06530153101671163 
0.38  	 0.06301031294439188 
0.39  	 0.06061085531795608 
0.4  	 0.05810812732489245 
0.41  	 0.05550711734368569 
0.42  	 0.05281284227986673 
0.43  	 0.05003035491124212 
0.44  	 0.04716474944077038 
0.45  	 0.04422116543637038 
0.46  	 0.04120479031973501 
0.47  	 0.03812086055078227 
0.48  	 0.03497466164052702 
0.49  	 0.03177152711273806 
0.5  	 0.02851683652361106 
0.51  	 0.02521601263870734 
0.52  	 0.02187451785746179 
0.53  	 0.01849784996754537 
0.54  	 0.01509153730418016 
0.55  	 0.01166113338306336 
0.5600000000000001  	 0.008212211069780926 
0.5700000000000001  	 0.00475035634341283 
0.58  	 0.001281161707385868 
0.59  	 -0.002189780703539529 
0.6  	 -0.005656886275007025 
0.61  	 -0.009114585281750995 
0.62  	 -0.01255733043448496 
0.63  	 -0.01597960456897294 
0.64  	 -0.01937592844372639 
0.65  	 -0.02274086861499395 
0.66  	 -0.02606904535972573 
0.67  	 -0.02935514061902321 
0.68  	 -0.03259390593624991 
0.6900000000000001  	 -0.03578017036549843 
0.7000000000000001  	 -0.03890884832750137 
0.71  	 -0.04197494739135431 
0.72  	 -0.04497357596160095 
0.73  	 -0.04789995085132687 
0.74  	 -0.05074940472292964 
0.75  	 -0.05351739337918963 
0.76  	 -0.05619950288816523 
0.77  	 -0.05879145652628794 
0.78  	 -0.06128912152484157 
0.79  	 -0.06368851560578374 
0.8  	 -0.06598581329361033 
0.8100000000000001  	 -0.06817735199068078 
0.8200000000000001  	 -0.07025963780411733 
0.8300000000000001  	 -0.07222935111306802 
0.84  	 -0.07408335186578534 
0.85  	 -0.07581868459662121 
0.86  	 -0.07743258315367853 
0.87  	 -0.07892247512848961 
0.88  	 -0.08028598597971626 
0.89  	 -0.08152094284348463 
0.9  	 -0.08262537802358269 
0.91  	 -0.08359753215535887 
0.92  	 -0.08443585703776907 
0.93  	 -0.08513901812862534 
0.9400000000000001  	 -0.08570589669870397 
0.9500000000000001  	 -0.08613559164097313 
0.96  	 -0.08642742093180172 
0.97  	 -0.08658092274161026 
0.98  	 -0.08659585619302242 
0.99  	 -0.0864722017651714 
1  	 -0.08621016134340877 
1.01  	 -0.08581015791425389 
1.02  	 -0.08527283490600933 
1.03  	 -0.08459905517605161 
1.04  	 -0.08378989964638597 
1.05  	 -0.08284666558962847 
1.06  	 -0.08177086456814808 
1.07  	 -0.08056422002966447 
1.08  	 -0.07922866456315367 
1.09  	 -0.07776633681946271 
1.1  	 -0.07617957810157522 
1.11  	 -0.07447092863000178 
1.12  	 -0.07264312348929154 
1.13  	 -0.07069908826217348 
1.14  	 -0.06864193435833703 
1.15  	 -0.06647495404535113 
1.16  	 -0.06420161518969796 
1.17  	 -0.06182555571636139 
1.18  	 -0.05935057779586053 
1.19  	 -0.05678064176805434 
1.2  	 -0.05411985981246396 
1.21  	 -0.05137248937526439 
1.22  	 -0.04854292636348527 
1.23  	 -0.04563569811733272 
1.24  	 -0.04265545617189768 
1.25  	 -0.03960696881985244 
1.26  	 -0.03649511348705441 
1.27  	 -0.03332486893327457 
1.28  	 -0.0301013072905466 
1.29  	 -0.02682958595189166 
1.3  	 -0.0235149393234121 
1.31  	 -0.02016267045296514 
1.32  	 -0.01677814254882373 
1.33  	 -0.01336677040190745 
1.34  	 -0.009934011725319086 
1.35  	 -0.006485358425054554 
1.36  	 -0.003026327815862734 
1.37  	 0.00043754620368101 
1.38  	 0.003900722002759376 
1.39  	 0.00735765908238555 
1.4  	 0.01080282693777396 
1.41  	 0.0142307139048232 
1.42  	 0.01763583597655081 
1.43  	 0.02101274557536849 
1.44  	 0.02435604026715714 
1.45  	 0.02766037140319504 
1.46  	 0.03092045267610802 
1.47  	 0.03413106857614879 
1.48  	 0.03728708273427215 
1.49  	 0.0403834461386544 
1.5  	 0.04341520521150809 
1.51  	 0.04637750973326708 
1.52  	 0.04926562060146113 
1.53  	 0.05207491741186446 
1.54  	 0.05480090584978665 
1.55  	 0.05743922487967885 
1.56  	 0.05998565372155073 
1.57  	 0.06243611860303498 
1.58  	 0.06478669927629541 
1.59  	 0.06703363528935076 
1.6  	 0.06917333200177982 
1.61  	 0.07120236633518201 
1.62  	 0.07311749224919264 
1.63  	 0.07491564593429066 
1.64  	 0.07659395071309039 
1.65  	 0.07814972164227484 
1.66  	 0.07958046980780749 
1.67  	 0.08088390630655007 
1.68  	 0.0820579459079155 
1.69  	 0.08310071038969753 
1.7  	 0.08401053154273944 
1.71  	 0.08478595383963429 
1.72  	 0.08542573676318686 
1.73  	 0.08592885679091142 
1.74  	 0.08629450903239008 
1.75  	 0.08652210851687185 
1.76  	 0.08661129112905194 
1.77  	 0.08656191419153393 
1.78  	 0.08637405669304256 
1.79  	 0.08604801916202164 
1.8  	 0.08558432318581907 
1.81  	 0.08498371057622783 
1.82  	 0.0842471421827176 
1.83  	 0.08337579635525533 
1.84  	 0.08237106705917376 
1.85  	 0.08123456164510347 
1.86  	 0.07996809827753582 
1.87  	 0.07857370302613045 
1.88  	 0.07705360662442053 
1.89  	 0.0754102409011007 
1.9  	 0.07364623488960721 
1.91  	 0.07176441062221356 
1.92  	 0.06976777861537031 
1.93  	 0.06765953305351141 
1.94  	 0.06544304667903179 
1.95  	 0.06312186539661116 
1.96  	 0.06069970260051578 
1.97  	 0.05818043323395335 
1.98  	 0.05556808758998462 
1.99  	 0.05286684486390894 
2  	 0.05008102646743848 
2.01  	 0.04721508911535699 
2.02  	 0.04427361769572295 
2.03  	 0.04126131793502314 
2.04  	 0.03818300887001087 
2.05  	 0.03504361513827229 
2.06  	 0.03184815909985411 
2.07  	 0.02860175280255652 
2.08  	 0.02530958980374511 
2.09  	 0.02197693686176497 
2.1  	 0.01860912551024911 
2.11  	 0.01521154352880041 
2.12  	 0.01178962632369209 
2.13  	 0.008348848232375946 
2.14  	 0.004894713765708953 
2.15  	 0.001432748801909134 
2.16  	 -0.002031508253671787 
2.17  	 -0.005492515328816345 
2.18  	 -0.008944735550575414 
2.19  	 -0.01238264610308449 
2.2  	 -0.0158007470628916 
2.21  	 -0.01919357019766208 
2.22  	 -0.02255568771418442 
2.23  	 -0.02588172094168194 
2.24  	 -0.02916634893653906 
2.25  	 -0.03240431699467644 
2.26  	 -0.03559044505795687 
2.27  	 -0.03871963600117356 
2.28  	 -0.04178688378636346 
2.29  	 -0.04478728147140033 
2.3  	 -0.04771602906005561 
2.31  	 -0.05056844118096863 
2.32  	 -0.05333995458324153 
2.33  	 -0.05602613543666732 
2.34  	 -0.05862268642491262 
2.35  	 -0.06112545362030716 
2.36  	 -0.06353043312924209 
2.37  	 -0.06583377749754567 
2.38  	 -0.06803180186558938 
2.39  	 -0.07012098986327729 
2.4  	 -0.07209799923548821 
2.41  	 -0.07395966718897093 
2.42  	 -0.07570301545213885 
2.43  	 -0.07732525503966919 
2.44  	 -0.07882379071428465 
2.45  	 -0.08019622513857944 
2.46  	 -0.08144036271024777 
2.47  	 -0.08255421307457923 
2.48  	 -0.08353599430860177 
2.49  	 -0.08438413577177833 
2.5  	 -0.08509728061869672 
2.51  	 -0.08567428796973278 
2.52  	 -0.08611423473621453 
2.53  	 -0.08641641709716706 
2.54  	 -0.08658035162527603 
2.55  	 -0.08660577606026817 
2.56  	 -0.08649264972847193 
2.57  	 -0.08624115360788653 
2.58  	 -0.08585169003865591 
2.59  	 -0.08532488207941025 
2.6  	 -0.08466157251050511 
2.61  	 -0.08386282248575271 
2.62  	 -0.08292990983480207 
2.63  	 -0.08186432701888431 
2.64  	 -0.08066777874319296 
2.65  	 -0.07934217922971937 
2.66  	 -0.07788964915490583 
2.67  	 -0.07631251225701569 
2.68  	 -0.0746132916186478 
2.69  	 -0.07279470563034263 
2.7  	 -0.07085966364173726 
2.71  	 -0.06881126130722666 
2.72  	 -0.06665277563357691 
2.73  	 -0.06438765973741356 
2.74  	 -0.0620195373209716 
2.75  	 -0.05955219687494487 
2.76  	 -0.05698958561770918 
2.77  	 -0.05433580318061491 
2.78  	 -0.05159509504945138 
2.79  	 -0.04877184577257527 
2.8  	 -0.04587057194656854 
2.81  	 -0.04289591499064743 
2.82  	 -0.03985263372138178 
2.83  	 -0.03674559673960372 
2.84  	 -0.03357977464168489 
2.85  	 -0.03036023206764263 
2.86  	 -0.02709211959879627 
2.87  	 -0.02378066551793584 
2.88  	 -0.02043116744518486 
2.89  	 -0.01704898386293825 
2.9  	 -0.01363952554343359 
2.91  	 -0.01020824689266977 
2.92  	 -0.00676063722452094 
2.93  	 -0.003302211979005298 
2.94  	 0.0001614961012423696 
2.95  	 0.003624945822178649 
2.96  	 0.007082596403079913 
2.97  	 0.01052891634060951 
2.98  	 0.01395839225804309 
2.99  	 0.0173655377254953 
3  	 0.02074490203703713 
3.01  	 0.02409107893066272 
3.02  	 0.02739871523715529 
3.03  	 0.03066251944401588 
3.04  	 0.03387727016075463 
3.05  	 0.03703782447200166 
3.06  	 0.0401391261650746 
3.07  	 0.04317621381884029 
3.08  	 0.04614422874093019 
3.09  	 0.04903842274061169 
3.1  	 0.05185416572488043 
3.11  	 0.05458695310562139 
3.12  	 0.05723241300598893 
3.13  	 0.05978631325447716 
3.14  	 0.06224456815549147 
