0.01  	 0.904812118846011 
0.02  	 0.8183796816976575 
0.03  	 0.7397683109788642 
0.04  	 0.6681411072612969 
0.05  	 0.6027489494613557 
0.06  	 0.5429217412442976 
0.07000000000000001  	 0.4880605125894683 
0.08  	 0.43763029408155 
0.09  	 0.3911536893041868 
0.1  	 0.3482050777971571 
0.11  	 0.3084053874627894 
0.12  	 0.2714173811319416 
0.13  	 0.2369414072796047 
0.14  	 0.2047115696650662 
0.15  	 0.1744922750071363 
0.16  	 0.1460751217326162 
0.17  	 0.1192760963936566 
0.18  	 0.09393304757118194 
0.19  	 0.06990340999828848 
0.2  	 0.04706215427778068 
0.21  	 0.02529993995752764 
0.22  	 0.004521451889471603 
0.23  	 -0.01535609824584575 
0.24  	 -0.03440432159817255 
0.25  	 -0.0526848677388955 
0.26  	 -0.07025051948741068 
0.27  	 -0.08714617896757064 
0.28  	 -0.1034097557076236 
0.29  	 -0.1190729665294066 
0.3  	 -0.1341620560080987 
0.31  	 -0.1486984454128038 
0.32  	 -0.1626993172517436 
0.33  	 -0.1761781418358568 
0.34  	 -0.1891451516338359 
0.35  	 -0.2016077686134715 
0.36  	 -0.2135709892426391 
0.37  	 -0.2250377313529234 
0.38  	 -0.2360091466448171 
0.39  	 -0.2464849022312132 
0.4  	 -0.2564634342714884 
0.41  	 -0.2659421764382202 
0.42  	 -0.274917765679171 
0.43  	 -0.2833862274856383 
0.44  	 -0.2913431426518944 
0.45  	 -0.2987837973067824 
0.46  	 -0.3057033178153843 
0.47  	 -0.3120967919840276 
0.48  	 -0.3179593778539451 
0.49  	 -0.3232864012360088 
0.5  	 -0.3280734430196455 
0.51  	 -0.332316417181974 
0.52  	 -0.3360116403271749 
0.53  	 -0.339155893500019 
0.54  	 -0.3417464769403603 
0.55  	 -0.3437812583763504 
0.5600000000000001  	 -0.3452587153923485 
0.5700000000000001  	 -0.3461779723522663 
0.58  	 -0.3465388323097366 
0.59  	 -0.3463418042924405 
0.6  	 -0.3455881263086441 
0.61  	 -0.344279784388985 
0.62  	 -0.3424195279453954 
0.63  	 -0.3400108817013443 
0.64  	 -0.3370581544229858 
0.65  	 -0.3335664446589858 
0.66  	 -0.3295416436774838 
0.67  	 -0.3249904357715669 
0.68  	 -0.3199202960895614 
0.6900000000000001  	 -0.3143394861331669 
0.7000000000000001  	 -0.3082570470547803 
0.71  	 -0.301682790875118 
0.72  	 -0.2946272897332778 
0.73  	 -0.2871018632735601 
0.74  	 -0.2791185642665598 
0.75  	 -0.2706901625561316 
0.76  	 -0.2618301274187294 
0.77  	 -0.2525526084172193 
0.78  	 -0.2428724148274994 
0.79  	 -0.2328049937130414 
0.8  	 -0.2223664067197353 
0.8100000000000001  	 -0.2115733056611161 
0.8200000000000001  	 -0.2004429069621138 
0.8300000000000001  	 -0.1889929650278576 
0.84  	 -0.1772417446027331 
0.85  	 -0.1652079921837952 
0.86  	 -0.1529109065517538 
0.87  	 -0.1403701084820278 
0.88  	 -0.1276056096977932 
0.89  	 -0.1146377811264912 
0.9  	 -0.1014873205209035 
0.91  	 -0.08817521950561243 
0.92  	 -0.07472273010943163 
0.93  	 -0.06115133084420099 
0.9400000000000001  	 -0.04748269239016659 
0.9500000000000001  	 -0.03373864294801024 
0.96  	 -0.01994113331743114 
0.97  	 -0.006112201762010711 
0.98  	 0.007726061280102038 
0.99  	 0.02155154858036881 
1  	 0.03534217153984814 
1.01  	 0.04907589558623435 
1.02  	 0.0627307754895455 
1.03  	 0.07628499053845894 
1.04  	 0.08971687951975445 
1.05  	 0.1030049754438465 
1.06  	 0.1161280399599718 
1.07  	 0.1290650974052504 
1.08  	 0.1417954684325564 
1.09  	 0.1542988031629262 
1.1  	 0.1665551138090866 
1.11  	 0.1785448067176209 
1.12  	 0.1902487137782881 
1.13  	 0.2016481231500875 
1.14  	 0.2127248092548033 
1.15  	 0.2234610619899787 
1.16  	 0.2338397151145556 
1.17  	 0.2438441737617679 
1.18  	 0.253458441035297 
1.19  	 0.2626671436461855 
1.2  	 0.2714555565495546 
1.21  	 0.2798096265417845 
1.22  	 0.2877159947804881 
1.23  	 0.2951620181913397 
1.24  	 0.3021357897276076 
1.25  	 0.3086261574500741 
1.26  	 0.3146227423969205 
1.27  	 0.3201159552150873 
1.28  	 0.3250970115266023 
1.29  	 0.3295579460053915 
1.3  	 0.3334916251421494 
1.31  	 0.3368917586769403 
1.32  	 0.3397529096813316 
1.33  	 0.3420705032740187 
1.34  	 0.3438408339560803 
1.35  	 0.3450610715542115 
1.36  	 0.3457292657625031 
1.37  	 0.345844349275575 
1.38  	 0.3454061395081195 
1.39  	 0.3444153388981718 
1.4  	 0.3428735337936826 
1.41  	 0.3407831919242347 
1.42  	 0.3381476584620025 
1.43  	 0.334971150678309 
1.44  	 0.3312587512043765 
1.45  	 0.3270163999071001 
1.46  	 0.3222508843928813 
1.47  	 0.3169698291547569 
1.48  	 0.3111816833802202 
1.49  	 0.3048957074392757 
1.5  	 0.2981219580743766 
1.51  	 0.2908712723159674 
1.52  	 0.2831552501493916 
1.53  	 0.2749862359609215 
1.54  	 0.2663772987926146 
1.55  	 0.257342211437609 
1.56  	 0.247895428409322 
1.57  	 0.2380520628198136 
1.58  	 0.2278278622043259 
1.59  	 0.2172391833306878 
1.6  	 0.2063029660339018 
1.61  	 0.1950367061177853 
1.62  	 0.1834584273670314 
1.63  	 0.1715866527144761 
1.64  	 0.1594403746097094 
1.65  	 0.1470390246364442 
1.66  	 0.1344024424272588 
1.67  	 0.1215508439254505 
1.68  	 0.1085047890447843 
1.69  	 0.09528514877887975 
1.7  	 0.0819130718128623 
1.71  	 0.06840995069069865 
1.72  	 0.05479738759234746 
1.73  	 0.04109715977547974 
1.74  	 0.02733118473705972 
1.75  	 0.01352148515052481 
1.76  	 -0.0003098463653383905 
1.77  	 -0.01414068258945578 
1.78  	 -0.02794889709692055 
1.79  	 -0.04171239965620786 
1.8  	 -0.05540917156851827 
1.81  	 -0.06901730089271234 
1.82  	 -0.08251501749948106 
1.83  	 -0.09588072789867119 
1.84  	 -0.1090930497840467 
1.85  	 -0.1221308462402206 
1.86  	 -0.1349732595570313 
1.87  	 -0.1475997445972665 
1.88  	 -0.1599901016643518 
1.89  	 -0.1721245088174211 
1.9  	 -0.1839835535820712 
1.91  	 -0.1955482640060681 
1.92  	 -0.2068001390103222 
1.93  	 -0.2177211779865761 
1.94  	 -0.2282939095944542 
1.95  	 -0.2385014197118046 
1.96  	 -0.2483273784936169 
1.97  	 -0.2577560664962288 
1.98  	 -0.2667723998250251 
1.99  	 -0.2753619542654001 
2  	 -0.2835109883583772 
2.01  	 -0.2912064653839694 
2.02  	 -0.2984360742171117 
2.03  	 -0.3051882490227997 
2.04  	 -0.3114521877589277 
2.05  	 -0.3172178694572216 
2.06  	 -0.3224760702546256 
2.07  	 -0.3272183781494916 
2.08  	 -0.3314372064589653 
2.09  	 -0.3351258059560423 
2.1  	 -0.3382782756668725 
2.11  	 -0.3408895723110449 
2.12  	 -0.342955518369745 
2.13  	 -0.3444728087688819 
2.14  	 -0.3454390161664886 
2.15  	 -0.3458525948359422 
2.16  	 -0.3457128831387858 
2.17  	 -0.3450201045832012 
2.18  	 -0.3437753674664349 
2.19  	 -0.3419806631017522 
2.2  	 -0.3396388626327543 
2.21  	 -0.3367537124401549 
2.22  	 -0.3333298281483654 
2.23  	 -0.3293726872414754 
2.24  	 -0.3248886203004425 
2.25  	 -0.3198848008755092 
2.26  	 -0.3143692340100496 
2.27  	 -0.3083507434342039 
2.28  	 -0.3018389574487905 
2.29  	 -0.294844293522075 
2.3  	 -0.287377941624042 
2.31  	 -0.2794518463248273 
2.32  	 -0.2710786876859521 
2.33  	 -0.2622718609749278 
2.34  	 -0.2530454552356843 
2.35  	 -0.2434142307491031 
2.36  	 -0.233393595419716 
2.37  	 -0.2229995801263432 
2.38  	 -0.212248813076106 
2.39  	 -0.201158493202842 
2.4  	 -0.1897463626524784 
2.41  	 -0.178030678399383 
2.42  	 -0.1660301830390992 
2.43  	 -0.1537640748041905 
2.44  	 -0.1412519768511634 
2.45  	 -0.1285139058676028 
2.46  	 -0.1155702400497408 
2.47  	 -0.1024416865016902 
2.48  	 -0.08914924810849405 
2.49  	 -0.07571418993599059 
2.5  	 -0.06215800521124303 
2.51  	 -0.04850238093796162 
2.52  	 -0.03476916320192334 
2.53  	 -0.02098032222189512 
2.54  	 -0.007157917201969949 
2.55  	 0.006675938958453708 
2.56  	 0.02049911504059438 
2.57  	 0.0342894969115162 
2.58  	 0.04802502290202468 
2.59  	 0.06168371910063131 
2.6  	 0.07524373450712404 
2.61  	 0.08868337598950705 
2.62  	 0.1019811429883838 
2.63  	 0.1151157619132661 
2.64  	 0.1280662201757803 
2.65  	 0.140811799805327 
2.66  	 0.1533321105934137 
2.67  	 0.1656071227136393 
2.68  	 0.1776171987651431 
2.69  	 0.1893431251882579 
2.7  	 0.2007661430021058 
2.71  	 0.2118679778149669 
2.72  	 0.2226308690594069 
2.73  	 0.2330375984053971 
2.74  	 0.2430715173059687 
2.75  	 0.2527165736313369 
2.76  	 0.2619573373488842 
2.77  	 0.270779025207921 
2.78  	 0.2791675243897332 
2.79  	 0.2871094150850815 
2.8  	 0.2945919919630333 
2.81  	 0.3016032844967824 
2.82  	 0.3081320761139376 
2.83  	 0.3141679221406463 
2.84  	 0.3197011665108448 
2.85  	 0.3247229572139032 
2.86  	 0.3292252604559552 
2.87  	 0.3332008735122537 
2.88  	 0.3366434362499945 
2.89  	 0.3395474413031713 
2.9  	 0.3419082428831873 
2.91  	 0.3437220642111252 
2.92  	 0.3449860035597884 
2.93  	 0.3456980388958451 
2.94  	 0.3458570311146504 
2.95  	 0.3454627258625708 
2.96  	 0.3445157539438956 
2.97  	 0.3430176303116849 
2.98  	 0.3409707516441675 
2.99  	 0.3383783925105673 
3  	 0.3352447001324911 
3.01  	 0.3315746877492581 
3.02  	 0.3273742265977876 
3.03  	 0.3226500365198711 
3.04  	 0.31740967521186 
3.05  	 0.3116615261339629 
3.06  	 0.305414785098498 
3.07  	 0.2986794455585549 
3.08  	 0.2914662826206019 
3.09  	 0.2837868358066137 
3.1  	 0.2756533905932979 
3.11  	 0.2670789587579534 
3.12  	 0.2580772575624022 
3.13  	 0.2486626878082968 
3.14  	 0.2388503107989091 
