0.01  	 0.9752690066666667 
0.02  	 0.9413230044512957 
0.03  	 0.8986655847496217 
0.04  	 0.8478775204699338 
0.05  	 0.7896096106191678 
0.06  	 0.7245749608598898 
0.07000000000000001  	 0.653540786764513 
0.08  	 0.5773198296487854 
0.09  	 0.4967614770743917 
0.1  	 0.4127426813657448 
0.11  	 0.3261587697935544 
0.12  	 0.2379142394516994 
0.13  	 0.1489136283174478 
0.14  	 0.06005255156989971 
0.15  	 -0.02779101101243309 
0.16  	 -0.1137650947993067 
0.17  	 -0.1970517202082726 
0.18  	 -0.2768743812209743 
0.19  	 -0.3525049870492449 
0.2  	 -0.4232701980907294 
0.21  	 -0.4885571043837972 
0.22  	 -0.5478182022264325 
0.23  	 -0.6005756323827389 
0.24  	 -0.646424651281273 
0.25  	 -0.6850363147285269 
0.26  	 -0.7161593618355474 
0.27  	 -0.7396212950039005 
0.28  	 -0.7553286598587041 
0.29  	 -0.7632665368735125 
0.3  	 -0.763497264029938 
0.31  	 -0.7561584171234483 
0.32  	 -0.7414600811997371 
0.33  	 -0.7196814530225101 
0.34  	 -0.6911668203781643 
0.35  	 -0.6563209693664352 
0.36  	 -0.6156040755658926 
0.37  	 -0.5695261390631554 
0.38  	 -0.5186410267658691 
0.39  	 -0.4635401881599674 
0.4  	 -0.4048461127069215 
0.41  	 -0.3432055983991785 
0.42  	 -0.2792829016016493 
0.43  	 -0.213752838210811 
0.44  	 -0.147293905374511 
0.45  	 -0.08058149155526705 
0.46  	 -0.01428124061441848 
0.47  	 0.05095736712353935 
0.48  	 0.114507157159656 
0.49  	 0.1757690706195136 
0.5  	 0.2341775900277286 
0.51  	 0.2892057342636406 
0.52  	 0.3403695810219675 
0.53  	 0.3872322805403905 
0.54  	 0.4294075300546114 
0.55  	 0.4665624843392007 
0.5600000000000001  	 0.4984200837274785 
0.5700000000000001  	 0.524760787113441 
0.58  	 0.5454237035614824 
0.59  	 0.5603071222244466 
0.6  	 0.5693684462380515 
0.61  	 0.572623542062791 
0.62  	 0.5701455213284954 
0.63  	 0.5620629775504867 
0.64  	 0.5485577050819317 
0.65  	 0.5298619323008593 
0.66  	 0.5062551052630127 
0.67  	 0.4780602618485841 
0.68  	 0.4456400397622347 
0.6900000000000001  	 0.4093923645870453 
0.7000000000000001  	 0.3697458664249447 
0.71  	 0.3271550754648364 
0.72  	 0.282095448096672 
0.73  	 0.2350582759321009 
0.74  	 0.1865455303023944 
0.75  	 0.137064694489686 
0.76  	 0.0871236351208273 
0.77  	 0.03722556283180978 
0.78  	 -0.01213586948317651 
0.79  	 -0.06048128476404261 
0.8  	 -0.1073500728004073 
0.8100000000000001  	 -0.1523046137904415 
0.8200000000000001  	 -0.1949341974458498 
0.8300000000000001  	 -0.2348586043340705 
0.84  	 -0.2717313201000738 
0.85  	 -0.3052423573806408 
0.86  	 -0.3351206645683943 
0.87  	 -0.3611361050549367 
0.88  	 -0.38310099513559 
0.89  	 -0.4008711933458468 
0.9  	 -0.4143467385756405 
0.91  	 -0.4234720388268041 
0.92  	 -0.4282356168978455 
0.93  	 -0.4286694235564759 
0.9400000000000001  	 -0.424847732854391 
0.9500000000000001  	 -0.4168856381133589 
0.96  	 -0.4049371707323169 
0.97  	 -0.3891930673006396 
0.98  	 -0.3698782135251428 
0.99  	 -0.3472487961634706 
1  	 -0.3215891964837796 
1.01  	 -0.2932086607235265 
1.02  	 -0.262437784586123 
1.03  	 -0.2296248499847529 
1.04  	 -0.1951320530133164 
1.05  	 -0.1593316624949179 
1.06  	 -0.1226021484321098 
1.07  	 -0.08532431926773126 
1.08  	 -0.0478775060717937 
1.09  	 -0.01063583061319911 
1.1  	 0.02603540722681735 
1.11  	 0.06178318906860952 
1.12  	 0.09627005317058085 
1.13  	 0.1291771559830388 
1.14  	 0.1602070936588304 
1.15  	 0.1890864599188839 
1.16  	 0.2155681197115058 
1.17  	 0.2394331812935706 
1.18  	 0.260492652665278 
1.19  	 0.2785887716731535 
1.2  	 0.2935960025234448 
1.21  	 0.3054216948852721 
1.22  	 0.3140064051755723 
1.23  	 0.3193238829726731 
1.24  	 0.3213807287700519 
1.25  	 0.3202157324257541 
1.26  	 0.3158989046571164 
1.27  	 0.3085302167478985 
1.28  	 0.298238066250973 
1.29  	 0.2851774888620823 
1.3  	 0.2695281387892003 
1.31  	 0.2514920618308569 
1.32  	 0.2312912869914001 
1.33  	 0.2091652637905614 
1.34  	 0.185368173460856 
1.35  	 0.1601661429643486 
1.36  	 0.1338343911982446 
1.37  	 0.1066543368977245 
1.38  	 0.07891069758848987 
1.39  	 0.05088860849751231 
1.4  	 0.02287078960811194 
1.41  	 -0.004865211943059652 
1.42  	 -0.0320496781696646 
1.43  	 -0.05842325075729755 
1.44  	 -0.08373931301106803 
1.45  	 -0.107766202322943 
1.46  	 -0.1302892343113887 
1.47  	 -0.1511125219939882 
1.48  	 -0.1700605756866567 
1.49  	 -0.1869796717554437 
1.5  	 -0.2017389808527955 
1.51  	 -0.2142314488233932 
1.52  	 -0.2243744260391095 
1.53  	 -0.2321100434923646 
1.54  	 -0.2374053365168108 
1.55  	 -0.240252119489237 
1.56  	 -0.2406666172732079 
1.57  	 -0.2386888614708344 
1.58  	 -0.234381861733167 
1.59  	 -0.2278305644226059 
1.6  	 -0.2191406128047281 
1.61  	 -0.2084369246562731 
1.62  	 -0.1958621046969259 
1.63  	 -0.1815747105733513 
1.64  	 -0.1657473922351923 
1.65  	 -0.1485649254372573 
1.66  	 -0.1302221607749446 
1.67  	 -0.110921910108446 
1.68  	 -0.09087279245506272 
1.69  	 -0.07028706142992042 
1.7  	 -0.04937843609750783 
1.71  	 -0.02835995666593081 
1.72  	 -0.007441885820683697 
1.73  	 0.01317032433489605 
1.74  	 0.03327798077775653 
1.75  	 0.05269099572898972 
1.76  	 0.07122961404710644 
1.77  	 0.08872600688956674 
1.78  	 0.1050257182780343 
1.79  	 0.1199889529029068 
1.8  	 0.1334916952874869 
1.81  	 0.1454266522824789 
1.82  	 0.155704012757799 
1.83  	 0.1642520202813487 
1.84  	 0.1710173565038947 
1.85  	 0.1759653348862718 
1.86  	 0.1790799062910235 
1.87  	 0.1803634797971765 
1.88  	 0.1798365638668268 
1.89  	 0.1775372346792522 
1.9  	 0.1735204400371524 
1.91  	 0.1678571487263937 
1.92  	 0.1606333565626953 
1.93  	 0.1519489615749114 
1.94  	 0.1419165218453428 
1.95  	 0.1306599104448942 
1.96  	 0.1183128826585599 
1.97  	 0.1050175712900708 
1.98  	 0.09092292626066956 
1.99  	 0.07618311497470534 
2  	 0.06095590001457003 
2.01  	 0.04540101065157175 
2.02  	 0.0296785244214394 
2.03  	 0.01394727461855509 
2.04  	 -0.00163670098151807 
2.05  	 -0.01692165554799447 
2.06  	 -0.03176155896488549 
2.07  	 -0.04601744108137508 
2.08  	 -0.05955864062996055 
2.09  	 -0.07226394914885606 
2.1  	 -0.0840226404790556 
2.11  	 -0.09473537771139613 
2.12  	 -0.1043149908207311 
2.13  	 -0.1126871196283943 
2.14  	 -0.119790718165823 
2.15  	 -0.1255784179568339 
2.16  	 -0.130016749179047 
2.17  	 -0.1330862200920768 
2.18  	 -0.1347812565174856 
2.19  	 -0.1351100045098334 
2.2  	 -0.1340940006568062 
2.21  	 -0.1317677156775141 
2.22  	 -0.1281779781406452 
2.23  	 -0.1233832861882403 
2.24  	 -0.1174530161174903 
2.25  	 -0.1104665375343291 
2.26  	 -0.1025122455420882 
2.27  	 -0.09368652106068738 
2.28  	 -0.08409263088263284 
2.29  	 -0.07383957945861025 
2.3  	 -0.06304092466613531 
2.31  	 -0.05181356994924404 
2.32  	 -0.04027654522653688 
2.33  	 -0.02854978885120878 
2.34  	 -0.01675294267336155 
2.35  	 -0.005004171906388827 
2.36  	 0.006580978958908933 
2.37  	 0.01789068351005338 
2.38  	 0.02881787401293186 
2.39  	 0.03926121597494453 
2.4  	 0.0491260082128206 
2.41  	 0.05832500085832888 
2.42  	 0.06677912468556416 
2.43  	 0.07441812614225984 
2.44  	 0.08118110350388447 
2.45  	 0.0870169406321766 
2.46  	 0.09188463589824306 
2.47  	 0.09575352491342172 
2.48  	 0.0986033967879761 
2.49  	 0.1004245046977862 
2.5  	 0.1012174725723304 
2.51  	 0.1009931007136655 
2.52  	 0.09977207410660401 
2.53  	 0.09758457807627009 
2.54  	 0.09446982678280022 
2.55  	 0.09047551080701799 
2.56  	 0.08565717076913872 
2.57  	 0.08007750452951043 
2.58  	 0.07380561604153188 
2.59  	 0.06691621435859924 
2.6  	 0.05948877163656648 
2.61  	 0.05160664921906508 
2.62  	 0.04335620104438279 
2.63  	 0.03482586366966344 
2.64  	 0.02610524217210611 
2.65  	 0.01728420105966068 
2.66  	 0.008451969108349994 
2.67  	 -0.0003037332564671223 
2.68  	 -0.008897535797341946 
2.69  	 -0.0172472217374372 
2.7  	 -0.0252744852090002 
2.71  	 -0.03290563620373203 
2.72  	 -0.04007224699248425 
2.73  	 -0.04671173467116049 
2.74  	 -0.05276787521957838 
2.75  	 -0.05819124522239257 
2.76  	 -0.06293958818784874 
2.77  	 -0.06697810320289424 
2.78  	 -0.07027965447376887 
2.79  	 -0.07282490111146245 
2.8  	 -0.0746023473233339 
2.81  	 -0.07560831395794355 
2.82  	 -0.07584683311226416 
2.83  	 -0.07532946824178376 
2.84  	 -0.074075062907907 
2.85  	 -0.07210942194730406 
2.86  	 -0.0694649294487977 
2.87  	 -0.06618010846995843 
2.88  	 -0.06229912791336674 
2.89  	 -0.05787126240773227 
2.9  	 -0.05295031139865534 
2.91  	 -0.04759398394540335 
2.92  	 -0.04186325594199905 
2.93  	 -0.035821706632244 
2.94  	 -0.02953484136881047 
2.95  	 -0.02306940757671644 
2.96  	 -0.01649271082252569 
2.97  	 -0.009871937764328667 
2.98  	 -0.003273492566431682 
2.99  	 0.00323764689021687 
3  	 0.009598546981877006 
3.01  	 0.01574890484520767 
3.02  	 0.02163159816931923 
3.03  	 0.02719319349507474 
3.04  	 0.03238440873794469 
3.05  	 0.03716052618204874 
3.06  	 0.04148175275188647 
3.07  	 0.04531352494862975 
3.08  	 0.04862675643358064 
3.09  	 0.0513980268463102 
3.1  	 0.05360971105292291 
3.11  	 0.05525004862476125 
3.12  	 0.05631315394373722 
3.13  	 0.0567989679116098 
3.14  	 0.05671315280143065 
