0.01  	 0.009941793333333332 
0.02  	 0.01960466060766807 
0.03  	 0.02889791551503648 
0.04  	 0.0377361798734685 
0.05  	 0.04604013330056206 
0.06  	 0.05373718925680504 
0.07000000000000001  	 0.06076209209600238 
0.08  	 0.06705743064020771 
0.09  	 0.07257406470505166 
0.1  	 0.07727146192878109 
0.11  	 0.08111794319514047 
0.12  	 0.08409083587698699 
0.13  	 0.08617653505495164 
0.14  	 0.08737047377452073 
0.15  	 0.08767700428694054 
0.16  	 0.08710919306609349 
0.17  	 0.08568853319720637 
0.18  	 0.08344457848674829 
0.19  	 0.08041450433960125 
0.2  	 0.07664260108366783 
0.21  	 0.07217970598837097 
0.22  	 0.06708258071761966 
0.23  	 0.06141324137617524 
0.24  	 0.05523824864818441 
0.25  	 0.0486279657860061 
0.26  	 0.0416557923852388 
0.27  	 0.03439738197777302 
0.28  	 0.02692985148928428 
0.29  	 0.01933099054217783 
0.3  	 0.01167847844169546 
0.31  	 0.004049116464532286 
0.32  	 -0.003481917220587698 
0.33  	 -0.01084178302819335 
0.34  	 -0.01796065927488937 
0.35  	 -0.0247723792665788 
0.36  	 -0.03121502060765646 
0.37  	 -0.03723144175982154 
0.38  	 -0.04276976149108744 
0.39  	 -0.04778377750057043 
0.4  	 -0.05223332117474334 
0.41  	 -0.05608454611894967 
0.42  	 -0.05931014880694397 
0.43  	 -0.06188952039393055 
0.44  	 -0.06380882943798609 
0.45  	 -0.06506103596400019 
0.46  	 -0.06564583797670709 
0.47  	 -0.06556955217865319 
0.48  	 -0.0648449312690355 
0.49  	 -0.0634909207846414 
0.5  	 -0.06153235898945126 
0.51  	 -0.05899962382015417 
0.52  	 -0.05592823134672345 
0.53  	 -0.05235839060670788 
0.54  	 -0.04833452001601188 
0.55  	 -0.04390473084525524 
0.5600000000000001  	 -0.03912028347753543 
0.5700000000000001  	 -0.03403502232939496 
0.58  	 -0.02870479542148242 
0.59  	 -0.02318686462886276 
0.6  	 -0.01753931262386032 
0.61  	 -0.01182045244797555 
0.62  	 -0.00608824551563416 
0.63  	 -0.0003997336636749763 
0.64  	 0.005189509380570516 
0.65  	 0.01062590202967141 
0.66  	 0.01585834961705039 
0.67  	 0.02083870555657262 
0.68  	 0.02552219492133365 
0.6900000000000001  	 0.02986779692644438 
0.7000000000000001  	 0.03383858327161609 
0.71  	 0.03740200979197097 
0.72  	 0.04053015937446929 
0.73  	 0.04319993461731363 
0.74  	 0.0453931992353122 
0.75  	 0.04709686774014487 
0.76  	 0.0483029434455608 
0.77  	 0.0490085053586696 
0.78  	 0.04921564501478501 
0.79  	 0.04893135479009255 
0.8  	 0.0481673696793698 
0.8100000000000001  	 0.04693996495103343 
0.8200000000000001  	 0.04526971248521727 
0.8300000000000001  	 0.04318119895907412 
0.84  	 0.04070270936412401 
0.85  	 0.03786587962075197 
0.86  	 0.03470532229284513 
0.87  	 0.03125822959946332 
0.88  	 0.02756395806923643 
0.89  	 0.02366359928622035 
0.9  	 0.01959954123302916 
0.91  	 0.01541502474846473 
0.92  	 0.01115369958330008 
0.93  	 0.006859184460489686 
0.9400000000000001  	 0.002574635426439648 
0.9500000000000001  	 -0.001657673379973878 
0.96  	 -0.005796752611882717 
0.97  	 -0.009803280556916334 
0.98  	 -0.01363996250787368 
0.99  	 -0.01727186352656805 
1  	 -0.0206667117863702 
1.01  	 -0.02379517002158096 
1.02  	 -0.02663107297264679 
1.03  	 -0.02915162909148191 
1.04  	 -0.03133758515680124 
1.05  	 -0.03317335284138774 
1.06  	 -0.03464709666761709 
1.07  	 -0.03575078318039001 
1.08  	 -0.03648019155401428 
1.09  	 -0.03683488622779433 
1.1  	 -0.03681815253054553 
1.11  	 -0.03643689660356265 
1.12  	 -0.03570151126156949 
1.13  	 -0.03462570973893978 
1.14  	 -0.03322632955136248 
1.15  	 -0.03152310895877493 
1.16  	 -0.02953843874176759 
1.17  	 -0.02729709219906072 
1.18  	 -0.02482593643669332 
1.19  	 -0.02215362814921937 
1.2  	 -0.01931029718879721 
1.21  	 -0.016327221279255 
1.22  	 -0.01323649525903748 
1.23  	 -0.01007069822974398 
1.24  	 -0.006862561946443102 
1.25  	 -0.003644643713103431 
1.26  	 -0.0004490069426188593 
1.27  	 0.002693087592375526 
1.28  	 0.00575147695255099 
1.29  	 0.008697374989773653 
1.3  	 0.0115036326002997 
1.31  	 0.01414497703389996 
1.32  	 0.0165982282677066 
1.33  	 0.01884249071697135 
1.34  	 0.02085931883066289 
1.35  	 0.02263285540495283 
1.36  	 0.02414994173915131 
1.37  	 0.02540019905354922 
1.38  	 0.0263760808839203 
1.39  	 0.02707289646020194 
1.4  	 0.02748880536424965 
1.41  	 0.0276247840408013 
1.42  	 0.02748456500427021 
1.43  	 0.02707454983924878 
1.44  	 0.0264036973323552 
1.45  	 0.02548338829520188 
1.46  	 0.02432726884092314 
1.47  	 0.0229510740582174 
1.48  	 0.02137243418582032 
1.49  	 0.01961066552556422 
1.5  	 0.01768654844278672 
1.51  	 0.0156220948881777 
1.52  	 0.013440307934813 
1.53  	 0.0111649358579893 
1.54  	 0.008820223293680705 
1.55  	 0.006430661994367239 
1.56  	 0.004020743659267167 
1.57  	 0.001614717250499412 
1.58  	 -0.0007636468815103927 
1.59  	 -0.003091283849699666 
1.6  	 -0.005346049975012635 
1.61  	 -0.007506925487794511 
1.62  	 -0.009554202414092956 
1.63  	 -0.01146965605397816 
1.64  	 -0.01323669865048343 
1.65  	 -0.01484051404967001 
1.66  	 -0.01626817236244365 
1.67  	 -0.01750872385486416 
1.68  	 -0.01855327151354381 
1.69  	 -0.01939502195407836 
1.7  	 -0.02002931456107645 
1.71  	 -0.02045362896607505 
1.72  	 -0.0206675711823469 
1.73  	 -0.0206728389213027 
1.74  	 -0.02047316681195543 
1.75  	 -0.02007425243095982 
1.76  	 -0.01948366422441608 
1.77  	 -0.01871073256243916 
1.78  	 -0.01776642531210878 
1.79  	 -0.01666320944267635 
1.8  	 -0.01541490028783647 
1.81  	 -0.01403650018268994 
1.82  	 -0.01254402826713991 
1.83  	 -0.01095434330247863 
1.84  	 -0.009284961383640182 
1.85  	 -0.00755387044601165 
1.86  	 -0.005779343462997761 
1.87  	 -0.003979752209097193 
1.88  	 -0.002173383423623592 
1.89  	 -0.0003782591531145364 
1.9  	 0.001388037023200598 
1.91  	 0.003108526269726636 
1.92  	 0.004766991761084053 
1.93  	 0.006348125544113722 
1.94  	 0.007837663728882383 
1.95  	 0.009222508880894377 
1.96  	 0.01049083863400279 
1.97  	 0.0116321996978436 
1.98  	 0.01263758659333273 
1.99  	 0.0134995046131876 
2  	 0.01421201666987556 
2.01  	 0.01477077385917513 
2.02  	 0.01517302973201359 
2.03  	 0.01541763842881003 
2.04  	 0.01550503698765836 
2.05  	 0.01543721228885409 
2.06  	 0.01521765324211199 
2.07  	 0.01485128895804637 
2.08  	 0.0143444137709084 
2.09  	 0.01370460009413061 
2.1  	 0.0129406001929792 
2.11  	 0.01206223804875715 
2.12  	 0.01108029256586957 
2.13  	 0.01000637343613749 
2.14  	 0.008852791023652681 
2.15  	 0.00763242166797543 
2.16  	 0.006358569823510752 
2.17  	 0.005044828458518475 
2.18  	 0.003704939128626331 
2.19  	 0.002352653117264747 
2.2  	 0.001001594999601769 
2.21  	 -0.0003348700620754877 
2.22  	 -0.001643764044296197 
2.23  	 -0.002912617634388061 
2.24  	 -0.004129584555542863 
2.25  	 -0.005283547643644487 
2.26  	 -0.006364215774440216 
2.27  	 -0.007362210846656879 
2.28  	 -0.00826914413961365 
2.29  	 -0.009077681481536199 
2.3  	 -0.009781596785881296 
2.31  	 -0.01037581363627426 
2.32  	 -0.01085643472488238 
2.33  	 -0.01122075907294792 
2.34  	 -0.01146728708456265 
2.35  	 -0.01159571360439747 
2.36  	 -0.01160690926587011 
2.37  	 -0.01150289052706304 
2.38  	 -0.01128677889658574 
2.39  	 -0.0109627499495769 
2.4  	 -0.01053597282431879 
2.41  	 -0.01001254097173217 
2.42  	 -0.009399395002679575 
2.43  	 -0.008704238540973805 
2.44  	 -0.007935448042818 
2.45  	 -0.007101977585755406 
2.46  	 -0.006213259661850198 
2.47  	 -0.005279103030637272 
2.48  	 -0.004309588697358232 
2.49  	 -0.003314965081241184 
2.5  	 -0.002305543427285394 
2.51  	 -0.001291594493481845 
2.52  	 -0.0002832475140361107 
2.53  	 0.0007096076015499749 
2.54  	 0.001677413923163596 
2.55  	 0.002611036155763969 
2.56  	 0.003501843508303539 
2.57  	 0.004341786059763541 
2.58  	 0.005123463983611788 
2.59  	 0.005840189074345872 
2.6  	 0.006486038106158321 
2.61  	 0.007055897643223126 
2.62  	 0.007545500012712652 
2.63  	 0.007951450244463755 
2.64  	 0.008271243874280403 
2.65  	 0.00850327560026044 
2.66  	 0.0086468388723628 
2.67  	 0.008702116583817034 
2.68  	 0.008670163118087968 
2.69  	 0.008552878086160809 
2.7  	 0.00835297216517639 
2.71  	 0.008073925520253922 
2.72  	 0.00771993935608685 
2.73  	 0.007295881203054574 
2.74  	 0.006807224593702339 
2.75  	 0.006259983829124825 
2.76  	 0.005660644570747957 
2.77  	 0.005016091021021901 
2.78  	 0.004333530476482742 
2.79  	 0.003620416048459691 
2.8  	 0.002884368350429303 
2.81  	 0.002133096946758016 
2.82  	 0.001374322345516467 
2.83  	 0.0006156992984545335 
2.84  	 -0.0001352578555742637 
2.85  	 -0.0008712471010600442 
2.86  	 -0.001585247247439173 
2.87  	 -0.002270582404939902 
2.88  	 -0.002920981868844587 
2.89  	 -0.003530634902107425 
2.9  	 -0.00409423996607427 
2.91  	 -0.004607048012234812 
2.92  	 -0.005064899513809984 
2.93  	 -0.005464254983837318 
2.94  	 -0.005802218795555707 
2.95  	 -0.006076556190600215 
2.96  	 -0.006285703430096301 
2.97  	 -0.00642877111250383 
2.98  	 -0.006505540749338165 
2.99  	 -0.006516454755048678 
3  	 -0.006462600069757192 
3.01  	 -0.006345685692681144 
3.02  	 -0.006168014459362733 
3.03  	 -0.005932449446817474 
3.04  	 -0.005642375436976215 
3.05  	 -0.005301655909951382 
3.06  	 -0.004914586074395602 
3.07  	 -0.00448584247228339 
3.08  	 -0.004020429719639133 
3.09  	 -0.003523624962924147 
3.1  	 -0.003000920642910703 
3.11  	 -0.00245796616390187 
3.12  	 -0.001900509066153416 
3.13  	 -0.001334336293427391 
3.14  	 -0.0007652161359225799 
